,Year,Month,MonthlyAnomaly,MonthlyUnc,AnnualAnomaly,AnnualUnc,FiveYearsAnomaly,FiveYearsUnc,TenYearsAnomaly,TenYearsUnc,TwentyYearsAnomaly,TwentyYearsUnc,absoluteTemp,absoluteTempUnc
0,1819,1,-2.351,8.067,NaN,NaN,NaN,NaN,NaN,NaN,NaN,NaN,13.30,0.27
1,1819,2,1.764,5.767,NaN,NaN,NaN,NaN,NaN,NaN,NaN,NaN,13.30,0.27
2,1819,3,3.005,6.843,1.475,0.804,NaN,NaN,NaN,NaN,NaN,NaN,13.30,0.27
3,1819,4,2.986,2.344,1.545,0.820,NaN,NaN,NaN,NaN,NaN,NaN,13.30,0.27
4,1819,5,1.638,2.986,1.722,0.846,NaN,NaN,NaN,NaN,NaN,NaN,13.30,0.27
5,1819,6,1.125,1.834,1.843,0.861,NaN,NaN,NaN,NaN,NaN,NaN,13.30,0.27
6,1819,7,2.836,2.903,2.209,0.882,NaN,NaN,NaN,NaN,NaN,NaN,13.30,0.27
7,1819,8,3.015,5.538,2.238,0.877,NaN,NaN,NaN,NaN,NaN,NaN,13.30,0.27
8,1819,9,0.246,5.630,1.935,0.869,NaN,NaN,NaN,NaN,NaN,NaN,13.30,0.27
9,1819,10,2.934,1.298,1.811,0.865,NaN,NaN,NaN,NaN,NaN,NaN,13.30,0.27
10,1819,11,3.253,3.565,1.828,0.875,NaN,NaN,NaN,NaN,NaN,NaN,13.30,0.27
11,1819,12,1.661,2.867,1.949,0.847,NaN,NaN,NaN,NaN,NaN,NaN,13.30,0.27
12,1820,1,2.041,1.444,1.948,0.845,NaN,NaN,NaN,NaN,NaN,NaN,13.30,0.27
13,1820,2,2.115,7.072,2.014,0.886,NaN,NaN,NaN,NaN,NaN,NaN,13.30,0.27
14,1820,3,-0.632,5.030,2.194,0.951,NaN,NaN,NaN,NaN,NaN,NaN,13.30,0.27
15,1820,4,1.501,2.438,1.932,0.943,NaN,NaN,NaN,NaN,NaN,NaN,13.30,0.27
16,1820,5,1.842,3.415,1.652,0.908,NaN,NaN,NaN,NaN,NaN,NaN,13.30,0.27
17,1820,6,2.580,2.924,1.616,0.901,NaN,NaN,NaN,NaN,NaN,NaN,13.30,0.27
18,1820,7,2.823,3.205,1.643,0.889,NaN,NaN,NaN,NaN,NaN,NaN,13.30,0.27
19,1820,8,3.806,1.620,1.279,0.880,NaN,NaN,NaN,NaN,NaN,NaN,13.30,0.27
20,1820,9,NaN,NaN,1.498,0.887,NaN,NaN,NaN,NaN,NaN,NaN,13.30,0.27
21,1820,10,-0.212,4.784,1.585,0.889,NaN,NaN,NaN,NaN,NaN,NaN,13.30,0.27
22,1820,11,-0.110,3.471,1.617,0.895,NaN,NaN,NaN,NaN,NaN,NaN,13.30,0.27
23,1820,12,1.236,3.330,1.494,0.919,NaN,NaN,NaN,NaN,NaN,NaN,13.30,0.27
24,1821,1,2.358,8.369,1.408,0.930,NaN,NaN,NaN,NaN,NaN,NaN,13.30,0.27
25,1821,2,-2.247,4.633,1.228,0.894,NaN,NaN,NaN,NaN,NaN,NaN,13.30,0.27
26,1821,3,2.000,3.087,1.243,0.812,NaN,NaN,NaN,NaN,NaN,NaN,13.30,0.27
27,1821,4,2.535,4.603,1.284,0.819,NaN,NaN,NaN,NaN,NaN,NaN,13.30,0.27
28,1821,5,2.234,3.904,1.168,0.811,NaN,NaN,NaN,NaN,NaN,NaN,13.30,0.27
29,1821,6,1.098,3.953,1.174,0.809,NaN,NaN,NaN,NaN,NaN,NaN,13.30,0.27
30,1821,7,1.794,3.732,1.158,0.807,NaN,NaN,NaN,NaN,NaN,NaN,13.30,0.27
31,1821,8,1.645,1.305,1.599,0.792,NaN,NaN,NaN,NaN,NaN,NaN,13.30,0.27
32,1821,9,2.583,7.877,1.750,0.803,NaN,NaN,NaN,NaN,NaN,NaN,13.30,0.27
33,1821,10,0.288,5.032,NaN,NaN,NaN,NaN,NaN,NaN,NaN,NaN,13.30,0.27
34,1821,11,-1.513,3.670,NaN,NaN,NaN,NaN,NaN,NaN,NaN,NaN,13.30,0.27
35,1821,12,1.312,6.507,NaN,NaN,NaN,NaN,NaN,NaN,NaN,NaN,13.30,0.27
36,1822,1,NaN,NaN,NaN,NaN,NaN,NaN,NaN,NaN,NaN,NaN,13.30,0.27
37,1822,2,NaN,NaN,NaN,NaN,NaN,NaN,NaN,NaN,NaN,NaN,13.30,0.27
38,1822,3,NaN,NaN,NaN,NaN,NaN,NaN,NaN,NaN,NaN,NaN,13.30,0.27
39,1822,4,NaN,NaN,NaN,NaN,NaN,NaN,NaN,NaN,NaN,NaN,13.30,0.27
40,1822,5,NaN,NaN,NaN,NaN,NaN,NaN,NaN,NaN,NaN,NaN,13.30,0.27
41,1822,6,NaN,NaN,NaN,NaN,NaN,NaN,NaN,NaN,NaN,NaN,13.30,0.27
42,1822,7,NaN,NaN,NaN,NaN,NaN,NaN,NaN,NaN,NaN,NaN,13.30,0.27
43,1822,8,NaN,NaN,NaN,NaN,NaN,NaN,NaN,NaN,NaN,NaN,13.30,0.27
44,1822,9,NaN,NaN,NaN,NaN,NaN,NaN,NaN,NaN,NaN,NaN,13.30,0.27
45,1822,10,NaN,NaN,NaN,NaN,NaN,NaN,NaN,NaN,NaN,NaN,13.30,0.27
46,1822,11,NaN,NaN,NaN,NaN,NaN,NaN,NaN,NaN,NaN,NaN,13.30,0.27
47,1822,12,NaN,NaN,NaN,NaN,NaN,NaN,NaN,NaN,NaN,NaN,13.30,0.27
48,1823,1,NaN,NaN,NaN,NaN,NaN,NaN,NaN,NaN,NaN,NaN,13.30,0.27
49,1823,2,NaN,NaN,NaN,NaN,NaN,NaN,NaN,NaN,NaN,NaN,13.30,0.27
50,1823,3,NaN,NaN,NaN,NaN,NaN,NaN,NaN,NaN,NaN,NaN,13.30,0.27
51,1823,4,NaN,NaN,NaN,NaN,NaN,NaN,NaN,NaN,NaN,NaN,13.30,0.27
52,1823,5,NaN,NaN,NaN,NaN,NaN,NaN,NaN,NaN,NaN,NaN,13.30,0.27
53,1823,6,NaN,NaN,NaN,NaN,NaN,NaN,NaN,NaN,NaN,NaN,13.30,0.27
54,1823,7,NaN,NaN,NaN,NaN,NaN,NaN,NaN,NaN,NaN,NaN,13.30,0.27
55,1823,8,NaN,NaN,NaN,NaN,NaN,NaN,NaN,NaN,NaN,NaN,13.30,0.27
56,1823,9,NaN,NaN,NaN,NaN,NaN,NaN,NaN,NaN,NaN,NaN,13.30,0.27
57,1823,10,NaN,NaN,NaN,NaN,NaN,NaN,NaN,NaN,NaN,NaN,13.30,0.27
58,1823,11,NaN,NaN,NaN,NaN,NaN,NaN,NaN,NaN,NaN,NaN,13.30,0.27
59,1823,12,NaN,NaN,NaN,NaN,NaN,NaN,NaN,NaN,NaN,NaN,13.30,0.27
60,1824,1,NaN,NaN,NaN,NaN,NaN,NaN,NaN,NaN,NaN,NaN,13.30,0.27
61,1824,2,NaN,NaN,NaN,NaN,NaN,NaN,NaN,NaN,NaN,NaN,13.30,0.27
62,1824,3,NaN,NaN,NaN,NaN,NaN,NaN,NaN,NaN,NaN,NaN,13.30,0.27
63,1824,4,NaN,NaN,NaN,NaN,NaN,NaN,NaN,NaN,NaN,NaN,13.30,0.27
64,1824,5,NaN,NaN,NaN,NaN,NaN,NaN,NaN,NaN,NaN,NaN,13.30,0.27
65,1824,6,NaN,NaN,NaN,NaN,NaN,NaN,NaN,NaN,NaN,NaN,13.30,0.27
66,1824,7,NaN,NaN,NaN,NaN,NaN,NaN,NaN,NaN,NaN,NaN,13.30,0.27
67,1824,8,NaN,NaN,NaN,NaN,NaN,NaN,NaN,NaN,NaN,NaN,13.30,0.27
68,1824,9,NaN,NaN,NaN,NaN,NaN,NaN,NaN,NaN,NaN,NaN,13.30,0.27
69,1824,10,NaN,NaN,NaN,NaN,NaN,NaN,NaN,NaN,NaN,NaN,13.30,0.27
70,1824,11,NaN,NaN,NaN,NaN,NaN,NaN,NaN,NaN,NaN,NaN,13.30,0.27
71,1824,12,NaN,NaN,NaN,NaN,NaN,NaN,NaN,NaN,NaN,NaN,13.30,0.27
72,1825,1,NaN,NaN,NaN,NaN,NaN,NaN,NaN,NaN,NaN,NaN,13.30,0.27
73,1825,2,NaN,NaN,NaN,NaN,NaN,NaN,NaN,NaN,NaN,NaN,13.30,0.27
74,1825,3,NaN,NaN,NaN,NaN,NaN,NaN,NaN,NaN,NaN,NaN,13.30,0.27
75,1825,4,NaN,NaN,NaN,NaN,NaN,NaN,NaN,NaN,NaN,NaN,13.30,0.27
76,1825,5,NaN,NaN,NaN,NaN,NaN,NaN,NaN,NaN,NaN,NaN,13.30,0.27
77,1825,6,NaN,NaN,NaN,NaN,NaN,NaN,NaN,NaN,NaN,NaN,13.30,0.27
78,1825,7,NaN,NaN,NaN,NaN,NaN,NaN,NaN,NaN,NaN,NaN,13.30,0.27
79,1825,8,NaN,NaN,NaN,NaN,NaN,NaN,NaN,NaN,NaN,NaN,13.30,0.27
80,1825,9,NaN,NaN,NaN,NaN,NaN,NaN,NaN,NaN,NaN,NaN,13.30,0.27
81,1825,10,NaN,NaN,NaN,NaN,NaN,NaN,NaN,NaN,NaN,NaN,13.30,0.27
82,1825,11,NaN,NaN,NaN,NaN,NaN,NaN,NaN,NaN,NaN,NaN,13.30,0.27
83,1825,12,NaN,NaN,NaN,NaN,NaN,NaN,NaN,NaN,NaN,NaN,13.30,0.27
84,1826,1,NaN,NaN,NaN,NaN,NaN,NaN,NaN,NaN,NaN,NaN,13.30,0.27
85,1826,2,NaN,NaN,NaN,NaN,NaN,NaN,NaN,NaN,NaN,NaN,13.30,0.27
86,1826,3,NaN,NaN,NaN,NaN,NaN,NaN,NaN,NaN,NaN,NaN,13.30,0.27
87,1826,4,NaN,NaN,NaN,NaN,NaN,NaN,NaN,NaN,NaN,NaN,13.30,0.27
88,1826,5,NaN,NaN,NaN,NaN,NaN,NaN,NaN,NaN,NaN,NaN,13.30,0.27
89,1826,6,NaN,NaN,NaN,NaN,NaN,NaN,NaN,NaN,NaN,NaN,13.30,0.27
90,1826,7,NaN,NaN,NaN,NaN,NaN,NaN,NaN,NaN,NaN,NaN,13.30,0.27
91,1826,8,NaN,NaN,NaN,NaN,NaN,NaN,NaN,NaN,NaN,NaN,13.30,0.27
92,1826,9,NaN,NaN,NaN,NaN,NaN,NaN,NaN,NaN,NaN,NaN,13.30,0.27
93,1826,10,NaN,NaN,NaN,NaN,NaN,NaN,NaN,NaN,NaN,NaN,13.30,0.27
94,1826,11,NaN,NaN,NaN,NaN,NaN,NaN,NaN,NaN,NaN,NaN,13.30,0.27
95,1826,12,NaN,NaN,NaN,NaN,NaN,NaN,NaN,NaN,NaN,NaN,13.30,0.27
96,1827,1,NaN,NaN,NaN,NaN,NaN,NaN,NaN,NaN,NaN,NaN,13.30,0.27
97,1827,2,NaN,NaN,NaN,NaN,NaN,NaN,NaN,NaN,NaN,NaN,13.30,0.27
98,1827,3,NaN,NaN,NaN,NaN,NaN,NaN,NaN,NaN,NaN,NaN,13.30,0.27
99,1827,4,NaN,NaN,NaN,NaN,NaN,NaN,NaN,NaN,NaN,NaN,13.30,0.27
100,1827,5,NaN,NaN,NaN,NaN,NaN,NaN,NaN,NaN,NaN,NaN,13.30,0.27
101,1827,6,NaN,NaN,NaN,NaN,NaN,NaN,NaN,NaN,NaN,NaN,13.30,0.27
102,1827,7,NaN,NaN,NaN,NaN,NaN,NaN,NaN,NaN,NaN,NaN,13.30,0.27
103,1827,8,NaN,NaN,NaN,NaN,NaN,NaN,NaN,NaN,NaN,NaN,13.30,0.27
104,1827,9,NaN,NaN,NaN,NaN,NaN,NaN,NaN,NaN,NaN,NaN,13.30,0.27
105,1827,10,NaN,NaN,NaN,NaN,NaN,NaN,NaN,NaN,NaN,NaN,13.30,0.27
106,1827,11,NaN,NaN,NaN,NaN,NaN,NaN,NaN,NaN,NaN,NaN,13.30,0.27
107,1827,12,NaN,NaN,NaN,NaN,NaN,NaN,NaN,NaN,NaN,NaN,13.30,0.27
108,1828,1,NaN,NaN,NaN,NaN,NaN,NaN,NaN,NaN,NaN,NaN,13.30,0.27
109,1828,2,NaN,NaN,NaN,NaN,NaN,NaN,NaN,NaN,NaN,NaN,13.30,0.27
110,1828,3,NaN,NaN,NaN,NaN,NaN,NaN,NaN,NaN,NaN,NaN,13.30,0.27
111,1828,4,NaN,NaN,NaN,NaN,NaN,NaN,NaN,NaN,NaN,NaN,13.30,0.27
112,1828,5,NaN,NaN,NaN,NaN,NaN,NaN,NaN,NaN,NaN,NaN,13.30,0.27
113,1828,6,NaN,NaN,NaN,NaN,NaN,NaN,NaN,NaN,NaN,NaN,13.30,0.27
114,1828,7,NaN,NaN,NaN,NaN,NaN,NaN,NaN,NaN,NaN,NaN,13.30,0.27
115,1828,8,NaN,NaN,NaN,NaN,NaN,NaN,NaN,NaN,NaN,NaN,13.30,0.27
116,1828,9,NaN,NaN,NaN,NaN,NaN,NaN,NaN,NaN,NaN,NaN,13.30,0.27
117,1828,10,NaN,NaN,NaN,NaN,NaN,NaN,NaN,NaN,NaN,NaN,13.30,0.27
118,1828,11,NaN,NaN,NaN,NaN,NaN,NaN,NaN,NaN,NaN,NaN,13.30,0.27
119,1828,12,NaN,NaN,NaN,NaN,NaN,NaN,NaN,NaN,NaN,NaN,13.30,0.27
120,1829,1,NaN,NaN,NaN,NaN,NaN,NaN,NaN,NaN,NaN,NaN,13.30,0.27
121,1829,2,NaN,NaN,NaN,NaN,NaN,NaN,NaN,NaN,NaN,NaN,13.30,0.27
122,1829,3,NaN,NaN,NaN,NaN,NaN,NaN,NaN,NaN,NaN,NaN,13.30,0.27
123,1829,4,NaN,NaN,NaN,NaN,NaN,NaN,NaN,NaN,NaN,NaN,13.30,0.27
124,1829,5,NaN,NaN,NaN,NaN,NaN,NaN,NaN,NaN,NaN,NaN,13.30,0.27
125,1829,6,NaN,NaN,NaN,NaN,NaN,NaN,NaN,NaN,NaN,NaN,13.30,0.27
126,1829,7,NaN,NaN,NaN,NaN,NaN,NaN,NaN,NaN,NaN,NaN,13.30,0.27
127,1829,8,NaN,NaN,NaN,NaN,NaN,NaN,NaN,NaN,NaN,NaN,13.30,0.27
128,1829,9,NaN,NaN,NaN,NaN,NaN,NaN,NaN,NaN,NaN,NaN,13.30,0.27
129,1829,10,NaN,NaN,NaN,NaN,NaN,NaN,NaN,NaN,NaN,NaN,13.30,0.27
130,1829,11,NaN,NaN,NaN,NaN,NaN,NaN,NaN,NaN,NaN,NaN,13.30,0.27
131,1829,12,NaN,NaN,NaN,NaN,NaN,NaN,NaN,NaN,NaN,NaN,13.30,0.27
132,1830,1,NaN,NaN,NaN,NaN,NaN,NaN,NaN,NaN,NaN,NaN,13.30,0.27
133,1830,2,NaN,NaN,NaN,NaN,NaN,NaN,NaN,NaN,NaN,NaN,13.30,0.27
134,1830,3,NaN,NaN,NaN,NaN,NaN,NaN,NaN,NaN,NaN,NaN,13.30,0.27
135,1830,4,NaN,NaN,NaN,NaN,NaN,NaN,NaN,NaN,NaN,NaN,13.30,0.27
136,1830,5,NaN,NaN,NaN,NaN,NaN,NaN,NaN,NaN,NaN,NaN,13.30,0.27
137,1830,6,NaN,NaN,NaN,NaN,NaN,NaN,NaN,NaN,NaN,NaN,13.30,0.27
138,1830,7,NaN,NaN,NaN,NaN,NaN,NaN,NaN,NaN,NaN,NaN,13.30,0.27
139,1830,8,NaN,NaN,NaN,NaN,NaN,NaN,NaN,NaN,NaN,NaN,13.30,0.27
140,1830,9,NaN,NaN,NaN,NaN,NaN,NaN,NaN,NaN,NaN,NaN,13.30,0.27
141,1830,10,NaN,NaN,NaN,NaN,NaN,NaN,NaN,NaN,NaN,NaN,13.30,0.27
142,1830,11,NaN,NaN,NaN,NaN,NaN,NaN,NaN,NaN,NaN,NaN,13.30,0.27
143,1830,12,NaN,NaN,NaN,NaN,NaN,NaN,NaN,NaN,NaN,NaN,13.30,0.27
144,1831,1,NaN,NaN,NaN,NaN,NaN,NaN,NaN,NaN,NaN,NaN,13.30,0.27
145,1831,2,NaN,NaN,NaN,NaN,NaN,NaN,NaN,NaN,NaN,NaN,13.30,0.27
146,1831,3,NaN,NaN,NaN,NaN,NaN,NaN,NaN,NaN,NaN,NaN,13.30,0.27
147,1831,4,NaN,NaN,NaN,NaN,NaN,NaN,NaN,NaN,NaN,NaN,13.30,0.27
148,1831,5,NaN,NaN,NaN,NaN,NaN,NaN,NaN,NaN,NaN,NaN,13.30,0.27
149,1831,6,NaN,NaN,NaN,NaN,NaN,NaN,NaN,NaN,NaN,NaN,13.30,0.27
150,1831,7,NaN,NaN,NaN,NaN,NaN,NaN,NaN,NaN,NaN,NaN,13.30,0.27
151,1831,8,NaN,NaN,NaN,NaN,NaN,NaN,NaN,NaN,NaN,NaN,13.30,0.27
152,1831,9,NaN,NaN,NaN,NaN,NaN,NaN,NaN,NaN,NaN,NaN,13.30,0.27
153,1831,10,NaN,NaN,NaN,NaN,NaN,NaN,NaN,NaN,NaN,NaN,13.30,0.27
154,1831,11,NaN,NaN,NaN,NaN,NaN,NaN,NaN,NaN,NaN,NaN,13.30,0.27
155,1831,12,NaN,NaN,NaN,NaN,NaN,NaN,NaN,NaN,NaN,NaN,13.30,0.27
156,1832,1,NaN,NaN,NaN,NaN,NaN,NaN,NaN,NaN,NaN,NaN,13.30,0.27
157,1832,2,NaN,NaN,NaN,NaN,NaN,NaN,NaN,NaN,NaN,NaN,13.30,0.27
158,1832,3,NaN,NaN,NaN,NaN,NaN,NaN,NaN,NaN,NaN,NaN,13.30,0.27
159,1832,4,NaN,NaN,NaN,NaN,NaN,NaN,NaN,NaN,NaN,NaN,13.30,0.27
160,1832,5,NaN,NaN,NaN,NaN,NaN,NaN,NaN,NaN,NaN,NaN,13.30,0.27
161,1832,6,NaN,NaN,NaN,NaN,NaN,NaN,NaN,NaN,NaN,NaN,13.30,0.27
162,1832,7,NaN,NaN,NaN,NaN,NaN,NaN,NaN,NaN,NaN,NaN,13.30,0.27
163,1832,8,NaN,NaN,NaN,NaN,NaN,NaN,NaN,NaN,NaN,NaN,13.30,0.27
164,1832,9,NaN,NaN,NaN,NaN,NaN,NaN,NaN,NaN,NaN,NaN,13.30,0.27
165,1832,10,NaN,NaN,NaN,NaN,NaN,NaN,NaN,NaN,NaN,NaN,13.30,0.27
166,1832,11,NaN,NaN,NaN,NaN,NaN,NaN,NaN,NaN,NaN,NaN,13.30,0.27
167,1832,12,NaN,NaN,NaN,NaN,NaN,NaN,NaN,NaN,NaN,NaN,13.30,0.27
168,1833,1,NaN,NaN,NaN,NaN,NaN,NaN,NaN,NaN,NaN,NaN,13.30,0.27
169,1833,2,NaN,NaN,NaN,NaN,NaN,NaN,NaN,NaN,NaN,NaN,13.30,0.27
170,1833,3,NaN,NaN,NaN,NaN,NaN,NaN,NaN,NaN,NaN,NaN,13.30,0.27
171,1833,4,NaN,NaN,NaN,NaN,NaN,NaN,NaN,NaN,NaN,NaN,13.30,0.27
172,1833,5,NaN,NaN,NaN,NaN,NaN,NaN,NaN,NaN,NaN,NaN,13.30,0.27
173,1833,6,NaN,NaN,NaN,NaN,NaN,NaN,NaN,NaN,NaN,NaN,13.30,0.27
174,1833,7,NaN,NaN,NaN,NaN,NaN,NaN,NaN,NaN,NaN,NaN,13.30,0.27
175,1833,8,NaN,NaN,NaN,NaN,NaN,NaN,NaN,NaN,NaN,NaN,13.30,0.27
176,1833,9,NaN,NaN,NaN,NaN,NaN,NaN,NaN,NaN,NaN,NaN,13.30,0.27
177,1833,10,NaN,NaN,NaN,NaN,NaN,NaN,NaN,NaN,NaN,NaN,13.30,0.27
178,1833,11,NaN,NaN,NaN,NaN,NaN,NaN,NaN,NaN,NaN,NaN,13.30,0.27
179,1833,12,NaN,NaN,NaN,NaN,NaN,NaN,NaN,NaN,NaN,NaN,13.30,0.27
180,1834,1,NaN,NaN,NaN,NaN,NaN,NaN,NaN,NaN,NaN,NaN,13.30,0.27
181,1834,2,NaN,NaN,NaN,NaN,NaN,NaN,NaN,NaN,NaN,NaN,13.30,0.27
182,1834,3,NaN,NaN,NaN,NaN,NaN,NaN,NaN,NaN,NaN,NaN,13.30,0.27
183,1834,4,NaN,NaN,NaN,NaN,NaN,NaN,NaN,NaN,NaN,NaN,13.30,0.27
184,1834,5,NaN,NaN,NaN,NaN,NaN,NaN,NaN,NaN,NaN,NaN,13.30,0.27
185,1834,6,NaN,NaN,NaN,NaN,NaN,NaN,NaN,NaN,NaN,NaN,13.30,0.27
186,1834,7,NaN,NaN,NaN,NaN,NaN,NaN,NaN,NaN,NaN,NaN,13.30,0.27
187,1834,8,NaN,NaN,NaN,NaN,NaN,NaN,NaN,NaN,NaN,NaN,13.30,0.27
188,1834,9,NaN,NaN,NaN,NaN,NaN,NaN,NaN,NaN,NaN,NaN,13.30,0.27
189,1834,10,NaN,NaN,NaN,NaN,NaN,NaN,NaN,NaN,NaN,NaN,13.30,0.27
190,1834,11,NaN,NaN,NaN,NaN,NaN,NaN,NaN,NaN,NaN,NaN,13.30,0.27
191,1834,12,NaN,NaN,NaN,NaN,NaN,NaN,NaN,NaN,NaN,NaN,13.30,0.27
192,1835,1,NaN,NaN,NaN,NaN,NaN,NaN,NaN,NaN,NaN,NaN,13.30,0.27
193,1835,2,NaN,NaN,NaN,NaN,NaN,NaN,NaN,NaN,NaN,NaN,13.30,0.27
194,1835,3,NaN,NaN,NaN,NaN,NaN,NaN,NaN,NaN,NaN,NaN,13.30,0.27
195,1835,4,NaN,NaN,NaN,NaN,NaN,NaN,NaN,NaN,NaN,NaN,13.30,0.27
196,1835,5,NaN,NaN,NaN,NaN,NaN,NaN,NaN,NaN,NaN,NaN,13.30,0.27
197,1835,6,NaN,NaN,NaN,NaN,NaN,NaN,NaN,NaN,NaN,NaN,13.30,0.27
198,1835,7,NaN,NaN,NaN,NaN,NaN,NaN,NaN,NaN,NaN,NaN,13.30,0.27
199,1835,8,NaN,NaN,NaN,NaN,NaN,NaN,NaN,NaN,NaN,NaN,13.30,0.27
200,1835,9,NaN,NaN,NaN,NaN,NaN,NaN,NaN,NaN,NaN,NaN,13.30,0.27
201,1835,10,NaN,NaN,NaN,NaN,NaN,NaN,NaN,NaN,NaN,NaN,13.30,0.27
202,1835,11,NaN,NaN,NaN,NaN,NaN,NaN,NaN,NaN,NaN,NaN,13.30,0.27
203,1835,12,NaN,NaN,NaN,NaN,NaN,NaN,NaN,NaN,NaN,NaN,13.30,0.27
204,1836,1,NaN,NaN,NaN,NaN,NaN,NaN,NaN,NaN,NaN,NaN,13.30,0.27
205,1836,2,NaN,NaN,NaN,NaN,NaN,NaN,NaN,NaN,NaN,NaN,13.30,0.27
206,1836,3,NaN,NaN,NaN,NaN,NaN,NaN,NaN,NaN,NaN,NaN,13.30,0.27
207,1836,4,NaN,NaN,NaN,NaN,NaN,NaN,NaN,NaN,NaN,NaN,13.30,0.27
208,1836,5,NaN,NaN,NaN,NaN,NaN,NaN,NaN,NaN,NaN,NaN,13.30,0.27
209,1836,6,NaN,NaN,NaN,NaN,NaN,NaN,NaN,NaN,NaN,NaN,13.30,0.27
210,1836,7,NaN,NaN,NaN,NaN,NaN,NaN,NaN,NaN,NaN,NaN,13.30,0.27
211,1836,8,NaN,NaN,NaN,NaN,NaN,NaN,NaN,NaN,NaN,NaN,13.30,0.27
212,1836,9,NaN,NaN,NaN,NaN,NaN,NaN,NaN,NaN,NaN,NaN,13.30,0.27
213,1836,10,NaN,NaN,NaN,NaN,NaN,NaN,NaN,NaN,NaN,NaN,13.30,0.27
214,1836,11,NaN,NaN,NaN,NaN,NaN,NaN,NaN,NaN,NaN,NaN,13.30,0.27
215,1836,12,NaN,NaN,NaN,NaN,NaN,NaN,NaN,NaN,NaN,NaN,13.30,0.27
216,1837,1,NaN,NaN,NaN,NaN,NaN,NaN,NaN,NaN,NaN,NaN,13.30,0.27
217,1837,2,NaN,NaN,NaN,NaN,NaN,NaN,NaN,NaN,NaN,NaN,13.30,0.27
218,1837,3,NaN,NaN,NaN,NaN,NaN,NaN,NaN,NaN,NaN,NaN,13.30,0.27
219,1837,4,NaN,NaN,NaN,NaN,NaN,NaN,NaN,NaN,NaN,NaN,13.30,0.27
220,1837,5,NaN,NaN,NaN,NaN,NaN,NaN,NaN,NaN,NaN,NaN,13.30,0.27
221,1837,6,NaN,NaN,NaN,NaN,NaN,NaN,NaN,NaN,NaN,NaN,13.30,0.27
222,1837,7,NaN,NaN,NaN,NaN,NaN,NaN,NaN,NaN,NaN,NaN,13.30,0.27
223,1837,8,NaN,NaN,NaN,NaN,NaN,NaN,NaN,NaN,NaN,NaN,13.30,0.27
224,1837,9,NaN,NaN,NaN,NaN,NaN,NaN,NaN,NaN,NaN,NaN,13.30,0.27
225,1837,10,NaN,NaN,NaN,NaN,NaN,NaN,NaN,NaN,NaN,NaN,13.30,0.27
226,1837,11,NaN,NaN,NaN,NaN,NaN,NaN,NaN,NaN,NaN,NaN,13.30,0.27
227,1837,12,NaN,NaN,NaN,NaN,NaN,NaN,NaN,NaN,NaN,NaN,13.30,0.27
228,1838,1,NaN,NaN,NaN,NaN,NaN,NaN,NaN,NaN,NaN,NaN,13.30,0.27
229,1838,2,NaN,NaN,NaN,NaN,NaN,NaN,NaN,NaN,NaN,NaN,13.30,0.27
230,1838,3,NaN,NaN,NaN,NaN,NaN,NaN,NaN,NaN,NaN,NaN,13.30,0.27
231,1838,4,NaN,NaN,NaN,NaN,NaN,NaN,NaN,NaN,NaN,NaN,13.30,0.27
232,1838,5,NaN,NaN,NaN,NaN,NaN,NaN,NaN,NaN,NaN,NaN,13.30,0.27
233,1838,6,NaN,NaN,NaN,NaN,NaN,NaN,NaN,NaN,NaN,NaN,13.30,0.27
234,1838,7,NaN,NaN,NaN,NaN,NaN,NaN,NaN,NaN,NaN,NaN,13.30,0.27
235,1838,8,NaN,NaN,NaN,NaN,NaN,NaN,NaN,NaN,NaN,NaN,13.30,0.27
236,1838,9,NaN,NaN,NaN,NaN,NaN,NaN,NaN,NaN,NaN,NaN,13.30,0.27
237,1838,10,NaN,NaN,NaN,NaN,NaN,NaN,NaN,NaN,NaN,NaN,13.30,0.27
238,1838,11,NaN,NaN,NaN,NaN,NaN,NaN,NaN,NaN,NaN,NaN,13.30,0.27
239,1838,12,NaN,NaN,NaN,NaN,NaN,NaN,NaN,NaN,NaN,NaN,13.30,0.27
240,1839,1,NaN,NaN,NaN,NaN,NaN,NaN,NaN,NaN,NaN,NaN,13.30,0.27
241,1839,2,NaN,NaN,NaN,NaN,NaN,NaN,NaN,NaN,NaN,NaN,13.30,0.27
242,1839,3,NaN,NaN,NaN,NaN,NaN,NaN,NaN,NaN,NaN,NaN,13.30,0.27
243,1839,4,NaN,NaN,NaN,NaN,NaN,NaN,NaN,NaN,NaN,NaN,13.30,0.27
244,1839,5,NaN,NaN,NaN,NaN,NaN,NaN,NaN,NaN,NaN,NaN,13.30,0.27
245,1839,6,NaN,NaN,NaN,NaN,NaN,NaN,NaN,NaN,NaN,NaN,13.30,0.27
246,1839,7,NaN,NaN,NaN,NaN,NaN,NaN,NaN,NaN,NaN,NaN,13.30,0.27
247,1839,8,NaN,NaN,NaN,NaN,NaN,NaN,NaN,NaN,NaN,NaN,13.30,0.27
248,1839,9,NaN,NaN,NaN,NaN,NaN,NaN,NaN,NaN,NaN,NaN,13.30,0.27
249,1839,10,NaN,NaN,NaN,NaN,NaN,NaN,NaN,NaN,NaN,NaN,13.30,0.27
250,1839,11,NaN,NaN,NaN,NaN,NaN,NaN,NaN,NaN,NaN,NaN,13.30,0.27
251,1839,12,NaN,NaN,NaN,NaN,NaN,NaN,NaN,NaN,NaN,NaN,13.30,0.27
252,1840,1,NaN,NaN,NaN,NaN,NaN,NaN,NaN,NaN,NaN,NaN,13.30,0.27
253,1840,2,NaN,NaN,NaN,NaN,NaN,NaN,NaN,NaN,NaN,NaN,13.30,0.27
254,1840,3,NaN,NaN,NaN,NaN,NaN,NaN,NaN,NaN,NaN,NaN,13.30,0.27
255,1840,4,NaN,NaN,NaN,NaN,NaN,NaN,NaN,NaN,NaN,NaN,13.30,0.27
256,1840,5,NaN,NaN,NaN,NaN,NaN,NaN,NaN,NaN,NaN,NaN,13.30,0.27
257,1840,6,NaN,NaN,NaN,NaN,NaN,NaN,NaN,NaN,NaN,NaN,13.30,0.27
258,1840,7,NaN,NaN,NaN,NaN,NaN,NaN,NaN,NaN,NaN,NaN,13.30,0.27
259,1840,8,NaN,NaN,NaN,NaN,NaN,NaN,NaN,NaN,NaN,NaN,13.30,0.27
260,1840,9,NaN,NaN,NaN,NaN,NaN,NaN,NaN,NaN,NaN,NaN,13.30,0.27
261,1840,10,NaN,NaN,NaN,NaN,NaN,NaN,NaN,NaN,NaN,NaN,13.30,0.27
262,1840,11,NaN,NaN,NaN,NaN,NaN,NaN,NaN,NaN,NaN,NaN,13.30,0.27
263,1840,12,NaN,NaN,NaN,NaN,NaN,NaN,NaN,NaN,NaN,NaN,13.30,0.27
264,1841,1,NaN,NaN,NaN,NaN,NaN,NaN,NaN,NaN,NaN,NaN,13.30,0.27
265,1841,2,NaN,NaN,NaN,NaN,NaN,NaN,NaN,NaN,NaN,NaN,13.30,0.27
266,1841,3,NaN,NaN,NaN,NaN,NaN,NaN,NaN,NaN,NaN,NaN,13.30,0.27
267,1841,4,NaN,NaN,NaN,NaN,NaN,NaN,NaN,NaN,NaN,NaN,13.30,0.27
268,1841,5,NaN,NaN,NaN,NaN,NaN,NaN,NaN,NaN,NaN,NaN,13.30,0.27
269,1841,6,NaN,NaN,NaN,NaN,NaN,NaN,NaN,NaN,NaN,NaN,13.30,0.27
270,1841,7,NaN,NaN,NaN,NaN,NaN,NaN,NaN,NaN,NaN,NaN,13.30,0.27
271,1841,8,NaN,NaN,NaN,NaN,NaN,NaN,NaN,NaN,NaN,NaN,13.30,0.27
272,1841,9,NaN,NaN,NaN,NaN,NaN,NaN,NaN,NaN,NaN,NaN,13.30,0.27
273,1841,10,NaN,NaN,NaN,NaN,NaN,NaN,NaN,NaN,NaN,NaN,13.30,0.27
274,1841,11,NaN,NaN,NaN,NaN,NaN,NaN,NaN,NaN,NaN,NaN,13.30,0.27
275,1841,12,NaN,NaN,NaN,NaN,NaN,NaN,NaN,NaN,NaN,NaN,13.30,0.27
276,1842,1,NaN,NaN,NaN,NaN,NaN,NaN,NaN,NaN,NaN,NaN,13.30,0.27
277,1842,2,NaN,NaN,NaN,NaN,NaN,NaN,NaN,NaN,NaN,NaN,13.30,0.27
278,1842,3,NaN,NaN,NaN,NaN,NaN,NaN,NaN,NaN,NaN,NaN,13.30,0.27
279,1842,4,NaN,NaN,NaN,NaN,NaN,NaN,NaN,NaN,NaN,NaN,13.30,0.27
280,1842,5,NaN,NaN,NaN,NaN,NaN,NaN,NaN,NaN,NaN,NaN,13.30,0.27
281,1842,6,NaN,NaN,NaN,NaN,NaN,NaN,NaN,NaN,NaN,NaN,13.30,0.27
282,1842,7,NaN,NaN,NaN,NaN,NaN,NaN,NaN,NaN,NaN,NaN,13.30,0.27
283,1842,8,NaN,NaN,NaN,NaN,NaN,NaN,NaN,NaN,NaN,NaN,13.30,0.27
284,1842,9,NaN,NaN,NaN,NaN,NaN,NaN,NaN,NaN,NaN,NaN,13.30,0.27
285,1842,10,NaN,NaN,NaN,NaN,NaN,NaN,NaN,NaN,NaN,NaN,13.30,0.27
286,1842,11,NaN,NaN,NaN,NaN,NaN,NaN,NaN,NaN,NaN,NaN,13.30,0.27
287,1842,12,NaN,NaN,NaN,NaN,NaN,NaN,NaN,NaN,NaN,NaN,13.30,0.27
288,1843,1,NaN,NaN,NaN,NaN,NaN,NaN,NaN,NaN,NaN,NaN,13.30,0.27
289,1843,2,NaN,NaN,NaN,NaN,NaN,NaN,NaN,NaN,NaN,NaN,13.30,0.27
290,1843,3,NaN,NaN,NaN,NaN,NaN,NaN,NaN,NaN,NaN,NaN,13.30,0.27
291,1843,4,NaN,NaN,NaN,NaN,NaN,NaN,NaN,NaN,NaN,NaN,13.30,0.27
292,1843,5,NaN,NaN,NaN,NaN,NaN,NaN,NaN,NaN,NaN,NaN,13.30,0.27
293,1843,6,NaN,NaN,NaN,NaN,NaN,NaN,NaN,NaN,NaN,NaN,13.30,0.27
294,1843,7,NaN,NaN,NaN,NaN,NaN,NaN,NaN,NaN,NaN,NaN,13.30,0.27
295,1843,8,NaN,NaN,NaN,NaN,NaN,NaN,NaN,NaN,NaN,NaN,13.30,0.27
296,1843,9,NaN,NaN,NaN,NaN,NaN,NaN,NaN,NaN,NaN,NaN,13.30,0.27
297,1843,10,NaN,NaN,NaN,NaN,NaN,NaN,NaN,NaN,NaN,NaN,13.30,0.27
298,1843,11,NaN,NaN,NaN,NaN,NaN,NaN,NaN,NaN,NaN,NaN,13.30,0.27
299,1843,12,NaN,NaN,NaN,NaN,NaN,NaN,NaN,NaN,NaN,NaN,13.30,0.27
300,1844,1,NaN,NaN,NaN,NaN,NaN,NaN,NaN,NaN,NaN,NaN,13.30,0.27
301,1844,2,NaN,NaN,NaN,NaN,NaN,NaN,NaN,NaN,NaN,NaN,13.30,0.27
302,1844,3,NaN,NaN,NaN,NaN,NaN,NaN,NaN,NaN,NaN,NaN,13.30,0.27
303,1844,4,NaN,NaN,NaN,NaN,NaN,NaN,NaN,NaN,NaN,NaN,13.30,0.27
304,1844,5,NaN,NaN,NaN,NaN,NaN,NaN,NaN,NaN,NaN,NaN,13.30,0.27
305,1844,6,NaN,NaN,NaN,NaN,NaN,NaN,NaN,NaN,NaN,NaN,13.30,0.27
306,1844,7,NaN,NaN,NaN,NaN,NaN,NaN,NaN,NaN,NaN,NaN,13.30,0.27
307,1844,8,NaN,NaN,NaN,NaN,NaN,NaN,NaN,NaN,NaN,NaN,13.30,0.27
308,1844,9,NaN,NaN,NaN,NaN,NaN,NaN,NaN,NaN,NaN,NaN,13.30,0.27
309,1844,10,NaN,NaN,NaN,NaN,NaN,NaN,NaN,NaN,NaN,NaN,13.30,0.27
310,1844,11,NaN,NaN,NaN,NaN,NaN,NaN,NaN,NaN,NaN,NaN,13.30,0.27
311,1844,12,NaN,NaN,NaN,NaN,NaN,NaN,NaN,NaN,NaN,NaN,13.30,0.27
312,1845,1,NaN,NaN,NaN,NaN,NaN,NaN,NaN,NaN,NaN,NaN,13.30,0.27
313,1845,2,NaN,NaN,NaN,NaN,NaN,NaN,NaN,NaN,NaN,NaN,13.30,0.27
314,1845,3,NaN,NaN,NaN,NaN,NaN,NaN,NaN,NaN,NaN,NaN,13.30,0.27
315,1845,4,NaN,NaN,NaN,NaN,NaN,NaN,NaN,NaN,NaN,NaN,13.30,0.27
316,1845,5,NaN,NaN,NaN,NaN,NaN,NaN,NaN,NaN,NaN,NaN,13.30,0.27
317,1845,6,NaN,NaN,NaN,NaN,NaN,NaN,NaN,NaN,NaN,NaN,13.30,0.27
318,1845,7,NaN,NaN,NaN,NaN,NaN,NaN,NaN,NaN,NaN,NaN,13.30,0.27
319,1845,8,NaN,NaN,NaN,NaN,NaN,NaN,NaN,NaN,NaN,NaN,13.30,0.27
320,1845,9,NaN,NaN,NaN,NaN,NaN,NaN,NaN,NaN,NaN,NaN,13.30,0.27
321,1845,10,NaN,NaN,NaN,NaN,NaN,NaN,NaN,NaN,NaN,NaN,13.30,0.27
322,1845,11,NaN,NaN,NaN,NaN,NaN,NaN,NaN,NaN,NaN,NaN,13.30,0.27
323,1845,12,NaN,NaN,NaN,NaN,NaN,NaN,NaN,NaN,NaN,NaN,13.30,0.27
324,1846,1,NaN,NaN,NaN,NaN,NaN,NaN,NaN,NaN,NaN,NaN,13.30,0.27
325,1846,2,NaN,NaN,NaN,NaN,NaN,NaN,NaN,NaN,NaN,NaN,13.30,0.27
326,1846,3,NaN,NaN,NaN,NaN,NaN,NaN,NaN,NaN,NaN,NaN,13.30,0.27
327,1846,4,NaN,NaN,NaN,NaN,NaN,NaN,NaN,NaN,NaN,NaN,13.30,0.27
328,1846,5,NaN,NaN,NaN,NaN,NaN,NaN,NaN,NaN,NaN,NaN,13.30,0.27
329,1846,6,NaN,NaN,NaN,NaN,NaN,NaN,NaN,NaN,NaN,NaN,13.30,0.27
330,1846,7,NaN,NaN,NaN,NaN,NaN,NaN,NaN,NaN,NaN,NaN,13.30,0.27
331,1846,8,NaN,NaN,NaN,NaN,NaN,NaN,NaN,NaN,NaN,NaN,13.30,0.27
332,1846,9,NaN,NaN,NaN,NaN,NaN,NaN,NaN,NaN,NaN,NaN,13.30,0.27
333,1846,10,NaN,NaN,NaN,NaN,NaN,NaN,NaN,NaN,NaN,NaN,13.30,0.27
334,1846,11,NaN,NaN,NaN,NaN,NaN,NaN,NaN,NaN,NaN,NaN,13.30,0.27
335,1846,12,NaN,NaN,NaN,NaN,NaN,NaN,NaN,NaN,NaN,NaN,13.30,0.27
336,1847,1,NaN,NaN,NaN,NaN,NaN,NaN,NaN,NaN,NaN,NaN,13.30,0.27
337,1847,2,NaN,NaN,NaN,NaN,NaN,NaN,NaN,NaN,NaN,NaN,13.30,0.27
338,1847,3,NaN,NaN,NaN,NaN,NaN,NaN,NaN,NaN,NaN,NaN,13.30,0.27
339,1847,4,NaN,NaN,NaN,NaN,NaN,NaN,NaN,NaN,NaN,NaN,13.30,0.27
340,1847,5,NaN,NaN,NaN,NaN,NaN,NaN,NaN,NaN,NaN,NaN,13.30,0.27
341,1847,6,NaN,NaN,NaN,NaN,NaN,NaN,NaN,NaN,NaN,NaN,13.30,0.27
342,1847,7,NaN,NaN,NaN,NaN,NaN,NaN,NaN,NaN,NaN,NaN,13.30,0.27
343,1847,8,NaN,NaN,NaN,NaN,NaN,NaN,NaN,NaN,NaN,NaN,13.30,0.27
344,1847,9,NaN,NaN,NaN,NaN,NaN,NaN,NaN,NaN,NaN,NaN,13.30,0.27
345,1847,10,NaN,NaN,NaN,NaN,NaN,NaN,NaN,NaN,NaN,NaN,13.30,0.27
346,1847,11,NaN,NaN,NaN,NaN,NaN,NaN,NaN,NaN,NaN,NaN,13.30,0.27
347,1847,12,NaN,NaN,NaN,NaN,NaN,NaN,NaN,NaN,NaN,NaN,13.30,0.27
348,1848,1,NaN,NaN,NaN,NaN,NaN,NaN,NaN,NaN,NaN,NaN,13.30,0.27
349,1848,2,NaN,NaN,NaN,NaN,NaN,NaN,NaN,NaN,NaN,NaN,13.30,0.27
350,1848,3,NaN,NaN,NaN,NaN,NaN,NaN,NaN,NaN,NaN,NaN,13.30,0.27
351,1848,4,NaN,NaN,NaN,NaN,NaN,NaN,NaN,NaN,NaN,NaN,13.30,0.27
352,1848,5,NaN,NaN,NaN,NaN,NaN,NaN,NaN,NaN,NaN,NaN,13.30,0.27
353,1848,6,NaN,NaN,NaN,NaN,NaN,NaN,NaN,NaN,NaN,NaN,13.30,0.27
354,1848,7,NaN,NaN,NaN,NaN,NaN,NaN,NaN,NaN,NaN,NaN,13.30,0.27
355,1848,8,NaN,NaN,NaN,NaN,NaN,NaN,NaN,NaN,NaN,NaN,13.30,0.27
356,1848,9,NaN,NaN,NaN,NaN,NaN,NaN,NaN,NaN,NaN,NaN,13.30,0.27
357,1848,10,NaN,NaN,NaN,NaN,NaN,NaN,NaN,NaN,NaN,NaN,13.30,0.27
358,1848,11,NaN,NaN,NaN,NaN,NaN,NaN,NaN,NaN,NaN,NaN,13.30,0.27
359,1848,12,NaN,NaN,NaN,NaN,NaN,NaN,NaN,NaN,NaN,NaN,13.30,0.27
360,1849,1,NaN,NaN,NaN,NaN,NaN,NaN,NaN,NaN,NaN,NaN,13.30,0.27
361,1849,2,NaN,NaN,NaN,NaN,NaN,NaN,NaN,NaN,NaN,NaN,13.30,0.27
362,1849,3,NaN,NaN,NaN,NaN,NaN,NaN,NaN,NaN,NaN,NaN,13.30,0.27
363,1849,4,NaN,NaN,NaN,NaN,NaN,NaN,NaN,NaN,NaN,NaN,13.30,0.27
364,1849,5,NaN,NaN,NaN,NaN,NaN,NaN,NaN,NaN,NaN,NaN,13.30,0.27
365,1849,6,NaN,NaN,NaN,NaN,NaN,NaN,NaN,NaN,NaN,NaN,13.30,0.27
366,1849,7,NaN,NaN,NaN,NaN,NaN,NaN,NaN,NaN,NaN,NaN,13.30,0.27
367,1849,8,NaN,NaN,NaN,NaN,NaN,NaN,NaN,NaN,NaN,NaN,13.30,0.27
368,1849,9,NaN,NaN,NaN,NaN,NaN,NaN,NaN,NaN,NaN,NaN,13.30,0.27
369,1849,10,NaN,NaN,NaN,NaN,NaN,NaN,NaN,NaN,NaN,NaN,13.30,0.27
370,1849,11,NaN,NaN,NaN,NaN,NaN,NaN,NaN,NaN,NaN,NaN,13.30,0.27
371,1849,12,NaN,NaN,NaN,NaN,NaN,NaN,NaN,NaN,NaN,NaN,13.30,0.27
372,1850,1,-1.123,1.950,NaN,NaN,NaN,NaN,NaN,NaN,NaN,NaN,13.30,0.27
373,1850,2,-0.480,2.112,NaN,NaN,NaN,NaN,NaN,NaN,NaN,NaN,13.30,0.27
374,1850,3,-1.076,2.083,NaN,NaN,NaN,NaN,NaN,NaN,NaN,NaN,13.30,0.27
375,1850,4,-0.083,2.736,NaN,NaN,NaN,NaN,NaN,NaN,NaN,NaN,13.30,0.27
376,1850,5,-0.573,2.745,NaN,NaN,NaN,NaN,NaN,NaN,NaN,NaN,13.30,0.27
377,1850,6,0.344,2.223,-0.359,2.015,NaN,NaN,NaN,NaN,NaN,NaN,13.30,0.27
378,1850,7,0.340,2.292,-0.208,2.041,NaN,NaN,NaN,NaN,NaN,NaN,13.30,0.27
379,1850,8,0.357,2.840,-0.147,2.028,NaN,NaN,NaN,NaN,NaN,NaN,13.30,0.27
380,1850,9,-1.017,3.125,-0.095,2.001,NaN,NaN,NaN,NaN,NaN,NaN,13.30,0.27
381,1850,10,-0.371,2.744,-0.004,1.968,NaN,NaN,NaN,NaN,NaN,NaN,13.30,0.27
382,1850,11,-0.394,2.323,-0.004,1.887,NaN,NaN,NaN,NaN,NaN,NaN,13.30,0.27
383,1850,12,-0.227,4.141,-0.068,1.914,NaN,NaN,NaN,NaN,NaN,NaN,13.30,0.27
384,1851,1,0.680,2.035,-0.158,1.999,NaN,NaN,NaN,NaN,NaN,NaN,13.30,0.27
385,1851,2,0.259,2.328,-0.253,1.973,NaN,NaN,NaN,NaN,NaN,NaN,13.30,0.27
386,1851,3,-0.449,1.922,-0.205,1.954,-0.326,1.593,NaN,NaN,NaN,NaN,13.30,0.27
387,1851,4,1.005,2.438,-0.090,1.896,-0.349,1.603,NaN,NaN,NaN,NaN,13.30,0.27
388,1851,5,-0.575,1.979,-0.229,1.879,-0.336,1.615,NaN,NaN,NaN,NaN,13.30,0.27
389,1851,6,-0.419,2.566,-0.317,1.784,-0.354,1.570,NaN,NaN,NaN,NaN,13.30,0.27
390,1851,7,-0.743,2.860,-0.404,1.772,-0.358,1.562,NaN,NaN,NaN,NaN,13.30,0.27
391,1851,8,-0.789,2.479,-0.475,1.853,-0.413,1.578,NaN,NaN,NaN,NaN,13.30,0.27
392,1851,9,-0.431,3.548,-0.573,1.851,-0.446,1.597,NaN,NaN,NaN,NaN,13.30,0.27
393,1851,10,1.001,2.169,-0.805,1.764,-0.458,1.573,NaN,NaN,NaN,NaN,13.30,0.27
394,1851,11,-2.064,2.142,-0.819,1.761,-0.476,1.572,NaN,NaN,NaN,NaN,13.30,0.27
395,1851,12,-1.283,2.687,-0.911,1.694,-0.526,1.569,NaN,NaN,NaN,NaN,13.30,0.27
396,1852,1,-0.361,2.017,-0.926,1.602,-0.529,1.559,NaN,NaN,NaN,NaN,13.30,0.27
397,1852,2,-0.591,3.252,-0.951,1.538,-0.535,1.571,NaN,NaN,NaN,NaN,13.30,0.27
398,1852,3,-1.630,1.777,-0.934,1.480,-0.550,1.583,NaN,NaN,NaN,NaN,13.30,0.27
399,1852,4,-1.773,2.826,-0.985,1.521,-0.566,1.566,NaN,NaN,NaN,NaN,13.30,0.27
400,1852,5,-0.750,1.590,-0.666,1.518,-0.614,1.577,NaN,NaN,NaN,NaN,13.30,0.27
401,1852,6,-1.521,1.595,-0.492,1.455,-0.633,1.577,-0.541,1.640,NaN,NaN,13.30,0.27
402,1852,7,-0.919,1.619,-0.403,1.531,-0.645,1.570,-0.556,1.642,NaN,NaN,13.30,0.27
403,1852,8,-1.086,1.496,-0.339,1.566,-0.647,1.585,-0.569,1.635,NaN,NaN,13.30,0.27
404,1852,9,-0.228,1.966,-0.275,1.535,-0.644,1.578,-0.567,1.627,NaN,NaN,13.30,0.27
405,1852,10,0.386,2.809,-0.181,1.493,-0.658,1.562,-0.564,1.614,NaN,NaN,13.30,0.27
406,1852,11,1.759,2.861,-0.193,1.498,-0.671,1.547,-0.572,1.604,NaN,NaN,13.30,0.27
407,1852,12,0.814,3.507,-0.248,1.479,-0.705,1.537,-0.584,1.605,NaN,NaN,13.30,0.27
408,1853,1,0.704,2.868,-0.228,1.479,-0.723,1.525,-0.601,1.610,NaN,NaN,13.30,0.27
409,1853,2,0.174,2.472,-0.189,1.451,-0.738,1.529,-0.620,1.604,NaN,NaN,13.30,0.27
410,1853,3,-0.863,1.975,-0.234,1.439,-0.737,1.507,-0.636,1.591,NaN,NaN,13.30,0.27
411,1853,4,-0.643,1.960,-0.301,1.557,-0.726,1.502,-0.650,1.579,NaN,NaN,13.30,0.27
412,1853,5,-0.888,1.652,-0.466,1.498,-0.720,1.500,-0.677,1.575,NaN,NaN,13.30,0.27
413,1853,6,-2.190,1.435,-0.624,1.546,-0.752,1.461,-0.685,1.570,NaN,NaN,13.30,0.27
414,1853,7,-0.674,1.595,-0.786,1.516,-0.753,1.467,-0.694,1.565,NaN,NaN,13.30,0.27
415,1853,8,-0.618,1.470,-1.091,1.678,-0.751,1.493,-0.714,1.557,NaN,NaN,13.30,0.27
416,1853,9,-0.771,2.132,-1.266,1.784,-0.759,1.510,-0.719,1.537,NaN,NaN,13.30,0.27
417,1853,10,-0.418,3.581,-1.383,1.698,-0.784,1.502,-0.716,1.528,NaN,NaN,13.30,0.27
418,1853,11,-0.222,1.847,-1.378,1.786,-0.784,1.510,-0.703,1.530,NaN,NaN,13.30,0.27
419,1853,12,-1.083,2.138,-1.313,1.857,-0.786,1.510,-0.707,1.502,NaN,NaN,13.30,0.27
420,1854,1,-1.238,1.867,-1.263,1.788,-0.789,1.493,-0.710,1.491,NaN,NaN,13.30,0.27
421,1854,2,-3.487,3.055,-1.260,1.867,-0.785,1.505,-0.715,1.489,NaN,NaN,13.30,0.27
422,1854,3,-2.965,2.839,-1.271,1.852,-0.811,1.517,-0.711,1.488,NaN,NaN,13.30,0.27
423,1854,4,-2.047,1.513,-1.199,1.640,-0.843,1.525,-0.697,1.474,NaN,NaN,13.30,0.27
424,1854,5,-0.822,2.641,-1.334,1.557,-0.859,1.515,-0.701,1.459,NaN,NaN,13.30,0.27
425,1854,6,-1.414,1.849,-1.373,1.570,-0.865,1.497,-0.729,1.461,NaN,NaN,13.30,0.27
426,1854,7,-0.074,1.569,-1.426,1.478,-0.888,1.511,-0.736,1.461,NaN,NaN,13.30,0.27
427,1854,8,-0.574,2.582,-1.184,1.457,-0.893,1.491,-0.737,1.461,NaN,NaN,13.30,0.27
428,1854,9,-0.908,2.314,-1.010,1.385,-0.884,1.499,-0.745,1.467,NaN,NaN,13.30,0.27
429,1854,10,0.441,1.650,-0.915,1.448,-0.866,1.511,-0.743,1.461,NaN,NaN,13.30,0.27
430,1854,11,-1.835,2.048,-0.961,1.400,-0.881,1.516,-0.749,1.467,NaN,NaN,13.30,0.27
431,1854,12,-1.554,2.594,-0.987,1.367,-0.899,1.531,-0.756,1.471,-0.461,1.338,13.30,0.27
432,1855,1,-1.866,2.116,-1.041,1.352,-0.908,1.534,-0.742,1.470,-0.478,1.329,13.30,0.27
433,1855,2,-0.591,3.103,-1.040,1.362,-0.920,1.551,-0.753,1.467,-0.479,1.331,13.30,0.27
434,1855,3,-0.871,2.233,-1.044,1.335,-0.928,1.551,-0.750,1.461,-0.482,1.333,13.30,0.27
435,1855,4,-0.910,1.966,-1.055,1.426,-0.920,1.546,-0.752,1.456,-0.480,1.324,13.30,0.27
436,1855,5,-1.375,1.994,-0.904,1.488,-0.965,1.544,-0.752,1.443,-0.470,1.315,13.30,0.27
437,1855,6,-1.721,1.777,-0.953,1.440,-0.993,1.545,-0.759,1.434,-0.469,1.305,13.30,0.27
438,1855,7,-0.726,1.643,-0.744,1.523,-1.047,1.532,-0.772,1.438,-0.468,1.298,13.30,0.27
439,1855,8,-0.562,2.719,-0.665,1.556,-1.075,1.527,-0.781,1.432,-0.461,1.293,13.30,0.27
440,1855,9,-0.955,2.167,-0.671,1.665,-1.081,1.528,-0.776,1.423,-0.460,1.281,13.30,0.27
441,1855,10,0.306,2.494,-0.636,1.669,-1.080,1.520,-0.774,1.409,-0.458,1.277,13.30,0.27
442,1855,11,-0.025,2.352,-0.568,1.696,-1.106,1.521,-0.764,1.392,-0.465,1.274,13.30,0.27
443,1855,12,-2.133,2.079,-0.470,1.796,-1.078,1.535,-0.762,1.371,-0.467,1.263,13.30,0.27
444,1856,1,0.636,2.626,-0.487,1.885,-1.083,1.540,-0.770,1.365,-0.471,1.266,13.30,0.27
445,1856,2,0.357,3.032,-0.487,1.931,-1.101,1.542,-0.772,1.365,-0.461,1.253,13.30,0.27
446,1856,3,-0.941,3.226,-0.573,2.048,-1.111,1.532,-0.774,1.369,-0.465,1.244,13.30,0.27
447,1856,4,-0.490,1.946,-0.676,2.027,-1.083,1.503,-0.793,1.366,-0.469,1.240,13.30,0.27
448,1856,5,-0.556,2.285,-0.926,1.967,-1.069,1.493,-0.802,1.361,-0.474,1.238,13.30,0.27
449,1856,6,-0.552,2.565,-0.885,1.928,-1.060,1.483,-0.807,1.347,-0.484,1.237,13.30,0.27
450,1856,7,-0.929,2.055,-1.084,1.934,-1.061,1.472,-0.809,1.331,-0.490,1.232,13.30,0.27
451,1856,8,-0.568,3.101,-1.187,1.778,-1.017,1.453,-0.805,1.319,-0.499,1.224,13.30,0.27
452,1856,9,-1.984,3.299,-1.198,1.731,-0.977,1.436,-0.801,1.309,-0.507,1.222,13.30,0.27
453,1856,10,-0.926,2.326,-1.217,1.772,-0.935,1.429,-0.804,1.303,-0.508,1.212,13.30,0.27
454,1856,11,-3.028,2.016,-1.308,1.770,-0.926,1.401,-0.784,1.300,-0.510,1.210,13.30,0.27
455,1856,12,-1.642,2.040,-1.478,1.780,-0.931,1.409,-0.785,1.291,-0.508,1.206,13.30,0.27
456,1857,1,-1.746,2.651,-1.522,1.799,-0.943,1.421,-0.795,1.294,-0.511,1.198,13.30,0.27
457,1857,2,-0.877,1.836,-1.622,1.754,-0.939,1.414,-0.805,1.285,-0.506,1.198,13.30,0.27
458,1857,3,-1.081,2.904,-1.516,1.664,-0.940,1.417,-0.790,1.283,-0.489,1.189,13.30,0.27
459,1857,4,-0.711,2.384,-1.370,1.619,-0.920,1.424,-0.774,1.280,-0.484,1.182,13.30,0.27
460,1857,5,-1.653,2.026,-1.192,1.639,-0.884,1.424,-0.767,1.276,-0.490,1.184,13.30,0.27
461,1857,6,-2.594,2.599,-1.130,1.666,-0.879,1.428,-0.763,1.269,-0.485,1.178,13.30,0.27
462,1857,7,-1.460,2.472,-1.197,1.617,-0.839,1.429,-0.750,1.263,-0.486,1.175,13.30,0.27
463,1857,8,-1.761,2.635,-1.250,1.591,-0.858,1.410,-0.748,1.256,-0.486,1.168,13.30,0.27
464,1857,9,-0.713,2.689,-1.258,1.580,-0.856,1.403,-0.752,1.250,-0.481,1.162,13.30,0.27
465,1857,10,0.821,1.884,-1.249,1.595,-0.846,1.413,-0.746,1.242,-0.486,1.155,13.30,0.27
466,1857,11,-0.891,3.176,-1.315,1.650,-0.832,1.406,-0.758,1.232,-0.492,1.146,13.30,0.27
467,1857,12,-0.892,2.138,-1.144,1.651,-0.813,1.400,-0.776,1.230,-0.507,1.142,13.30,0.27
468,1858,1,-2.553,2.503,-1.099,1.716,-0.821,1.421,-0.784,1.210,-0.510,1.143,13.30,0.27
469,1858,2,-1.515,2.801,-1.097,1.684,-0.824,1.406,-0.795,1.206,-0.520,1.140,13.30,0.27
470,1858,3,-1.174,1.864,-1.152,1.781,-0.814,1.402,-0.790,1.204,-0.527,1.133,13.30,0.27
471,1858,4,-0.604,2.981,-1.114,1.775,-0.822,1.379,-0.787,1.198,-0.535,1.127,13.30,0.27
472,1858,5,-2.440,2.721,-0.989,1.648,-0.807,1.352,-0.779,1.192,-0.535,1.125,13.30,0.27
473,1858,6,-0.545,2.373,-0.958,1.694,-0.772,1.345,-0.767,1.191,-0.537,1.119,13.30,0.27
474,1858,7,-0.920,2.098,-0.856,1.691,-0.787,1.325,-0.765,1.181,-0.538,1.115,13.30,0.27
475,1858,8,-1.744,2.031,-0.800,1.649,-0.793,1.310,-0.764,1.181,-0.542,1.113,13.30,0.27
476,1858,9,-1.370,2.656,-0.750,1.616,-0.790,1.307,-0.762,1.174,-0.541,1.100,13.30,0.27
477,1858,10,1.284,1.912,-0.659,1.445,-0.801,1.311,-0.754,1.159,-0.545,1.096,13.30,0.27
478,1858,11,0.609,2.151,-0.480,1.343,-0.820,1.302,-0.756,1.155,-0.548,1.100,13.30,0.27
479,1858,12,-0.530,1.971,-0.577,1.330,-0.827,1.282,-0.760,1.148,-0.546,1.089,13.30,0.27
480,1859,1,-1.329,2.291,-0.564,1.292,-0.830,1.270,-0.765,1.141,-0.545,1.093,13.30,0.27
481,1859,2,-0.841,2.591,-0.446,1.314,-0.824,1.241,-0.741,1.136,-0.544,1.098,13.30,0.27
482,1859,3,-0.566,1.817,-0.414,1.300,-0.792,1.216,-0.717,1.126,-0.546,1.100,13.30,0.27
483,1859,4,0.485,2.181,-0.383,1.257,-0.765,1.201,-0.708,1.126,-0.543,1.100,13.30,0.27
484,1859,5,-0.293,2.753,-0.407,1.259,-0.709,1.200,-0.700,1.119,-0.538,1.102,13.30,0.27
485,1859,6,-1.706,2.131,-0.471,1.270,-0.706,1.200,-0.688,1.112,-0.545,1.100,13.30,0.27
486,1859,7,-0.765,1.831,-0.314,1.258,-0.702,1.208,-0.690,1.112,-0.545,1.098,13.30,0.27
487,1859,8,-0.330,2.094,-0.387,1.217,-0.716,1.201,-0.687,1.101,-0.546,1.094,13.30,0.27
488,1859,9,-0.990,2.349,-0.404,1.225,-0.696,1.208,-0.687,1.096,-0.547,1.091,13.30,0.27
489,1859,10,1.656,2.091,-0.468,1.294,-0.681,1.194,-0.689,1.092,-0.557,1.088,13.30,0.27
490,1859,11,0.324,1.476,-0.491,1.370,-0.653,1.183,-0.671,1.088,-0.565,1.090,13.30,0.27
491,1859,12,-1.303,2.778,-0.398,1.326,-0.627,1.158,-0.665,1.079,-0.566,1.095,13.30,0.27
492,1860,1,0.564,2.025,-0.430,1.341,-0.591,1.147,-0.650,1.072,-0.570,1.091,13.30,0.27
493,1860,2,-1.722,1.494,-0.466,1.298,-0.577,1.126,-0.659,1.061,-0.568,1.086,13.30,0.27
494,1860,3,-0.772,1.414,-0.413,1.249,-0.576,1.135,-0.664,1.059,-0.568,1.083,13.30,0.27
495,1860,4,-0.275,2.355,-0.565,1.217,-0.572,1.126,-0.660,1.056,-0.574,1.078,13.30,0.27
496,1860,5,-0.578,1.925,-0.522,1.162,-0.551,1.103,-0.641,1.053,-0.569,1.073,13.30,0.27
497,1860,6,-0.585,1.630,-0.414,1.148,-0.559,1.111,-0.627,1.050,-0.570,1.071,13.30,0.27
498,1860,7,-1.155,2.043,-0.486,1.123,-0.522,1.095,-0.620,1.056,-0.569,1.070,13.30,0.27
499,1860,8,-0.761,1.775,-0.341,1.150,-0.514,1.086,-0.613,1.048,-0.572,1.063,13.30,0.27
500,1860,9,-0.355,1.882,-0.339,1.260,-0.499,1.080,-0.608,1.045,-0.569,1.054,13.30,0.27
501,1860,10,-0.161,1.379,-0.414,1.260,-0.494,1.056,-0.606,1.036,-0.565,1.047,13.30,0.27
502,1860,11,0.833,1.806,-0.506,1.211,-0.451,1.031,-0.608,1.029,-0.562,1.043,13.30,0.27
503,1860,12,-0.002,1.764,-0.541,1.153,-0.455,1.010,-0.603,1.015,-0.563,1.033,13.30,0.27
504,1861,1,-0.305,2.011,-0.532,1.088,-0.447,0.982,-0.614,1.006,-0.570,1.031,13.30,0.27
505,1861,2,0.020,1.990,-0.490,1.033,-0.426,0.973,-0.612,0.987,-0.574,1.027,13.30,0.27
506,1861,3,-0.745,3.158,-0.463,1.031,-0.413,0.965,-0.602,0.973,-0.573,1.023,13.30,0.27
507,1861,4,-1.175,2.045,-0.392,1.060,-0.425,0.966,-0.596,0.966,-0.574,1.017,13.30,0.27
508,1861,5,-1.679,1.658,-0.435,1.105,-0.443,0.963,-0.592,0.965,-0.567,1.014,13.30,0.27
509,1861,6,-1.003,1.667,-0.554,1.111,-0.460,0.957,-0.594,0.963,-0.569,1.005,13.30,0.27
510,1861,7,-1.054,1.542,-0.659,1.256,-0.469,0.943,-0.586,0.957,-0.564,0.999,13.30,0.27
511,1861,8,-0.257,1.160,-0.801,1.222,-0.465,0.955,-0.590,0.943,-0.561,0.992,13.30,0.27
512,1861,9,-0.026,1.614,-0.729,1.137,-0.456,0.942,-0.584,0.932,-0.556,0.987,13.30,0.27
513,1861,10,0.687,1.633,-0.616,1.064,-0.482,0.955,-0.573,0.923,-0.557,0.981,13.30,0.27
514,1861,11,0.316,2.152,-0.474,1.034,-0.475,0.971,-0.545,0.921,-0.549,0.975,13.30,0.27
515,1861,12,-1.431,1.949,-0.478,1.035,-0.445,0.959,-0.535,0.913,-0.555,0.970,13.30,0.27
516,1862,1,-1.556,2.895,-0.329,1.022,-0.438,0.948,-0.512,0.906,-0.557,0.968,13.30,0.27
517,1862,2,-1.687,2.531,-0.383,1.063,-0.435,0.933,-0.505,0.895,-0.556,0.963,13.30,0.27
518,1862,3,0.123,2.279,-0.436,1.124,-0.435,0.934,-0.479,0.885,-0.550,0.960,13.30,0.27
519,1862,4,0.173,1.978,-0.407,1.123,-0.459,0.927,-0.468,0.878,-0.543,0.959,13.30,0.27
520,1862,5,0.029,1.625,-0.399,1.092,-0.458,0.914,-0.450,0.882,-0.542,0.959,13.30,0.27
521,1862,6,-1.054,1.645,-0.396,1.139,-0.450,0.915,-0.428,0.874,-0.540,0.959,13.30,0.27
522,1862,7,0.739,1.713,-0.293,1.092,-0.461,0.900,-0.415,0.869,-0.537,0.956,13.30,0.27
523,1862,8,-0.912,1.964,-0.240,1.072,-0.460,0.896,-0.404,0.861,-0.535,0.952,13.30,0.27
524,1862,9,-0.661,1.978,-0.272,1.041,-0.472,0.901,-0.396,0.863,-0.534,0.947,13.30,0.27
525,1862,10,1.041,2.113,-0.313,1.033,-0.474,0.889,-0.407,0.860,-0.534,0.944,13.30,0.27
526,1862,11,0.404,1.728,-0.306,1.029,-0.451,0.878,-0.412,0.845,-0.546,0.937,13.30,0.27
527,1862,12,-1.397,2.138,-0.283,1.078,-0.441,0.869,-0.430,0.846,-0.550,0.930,13.30,0.27
528,1863,1,-0.311,2.406,-0.381,1.070,-0.420,0.865,-0.418,0.845,-0.555,0.919,13.30,0.27
529,1863,2,-1.051,1.814,-0.345,1.049,-0.402,0.862,-0.420,0.841,-0.564,0.916,13.30,0.27
530,1863,3,-0.267,2.138,-0.337,1.041,-0.403,0.874,-0.419,0.841,-0.558,0.914,13.30,0.27
531,1863,4,-0.314,1.765,-0.380,1.080,-0.390,0.874,-0.420,0.835,-0.558,0.908,13.30,0.27
532,1863,5,0.107,1.919,-0.453,1.123,-0.409,0.867,-0.393,0.831,-0.558,0.904,13.30,0.27
533,1863,6,-0.777,2.113,-0.461,1.065,-0.434,0.843,-0.388,0.821,-0.555,0.901,13.30,0.27
534,1863,7,-0.433,1.419,-0.596,0.998,-0.440,0.838,-0.382,0.815,-0.552,0.898,13.30,0.27
535,1863,8,-0.487,2.074,-0.555,0.977,-0.431,0.804,-0.369,0.817,-0.547,0.894,13.30,0.27
536,1863,9,-0.555,1.851,-0.537,0.944,-0.415,0.768,-0.363,0.807,-0.546,0.889,13.30,0.27
537,1863,10,0.526,2.257,-0.597,0.970,-0.391,0.746,-0.375,0.808,-0.545,0.881,13.30,0.27
538,1863,11,-0.481,1.886,-0.595,0.937,-0.363,0.744,-0.393,0.814,-0.544,0.880,13.30,0.27
539,1863,12,-1.493,1.709,-0.524,0.909,-0.360,0.753,-0.384,0.816,-0.547,0.875,13.30,0.27
540,1864,1,-1.925,2.158,-0.517,0.962,-0.342,0.748,-0.380,0.829,-0.545,0.872,13.30,0.27
541,1864,2,-0.566,1.581,-0.489,0.916,-0.357,0.744,-0.374,0.843,-0.537,0.866,13.30,0.27
542,1864,3,-0.047,1.348,-0.526,0.913,-0.377,0.740,-0.381,0.849,-0.537,0.861,13.30,0.27
543,1864,4,-1.037,1.404,-0.553,0.835,-0.381,0.731,-0.390,0.864,-0.531,0.859,13.30,0.27
544,1864,5,0.133,1.306,-0.481,0.780,-0.381,0.724,-0.376,0.889,-0.534,0.854,13.30,0.27
545,1864,6,0.084,1.278,-0.425,0.804,-0.364,0.705,-0.362,0.885,-0.526,0.849,13.30,0.27
546,1864,7,-0.353,1.954,-0.272,0.729,-0.321,0.680,-0.355,0.880,-0.524,0.849,13.30,0.27
547,1864,8,-0.155,1.601,-0.361,0.726,-0.294,0.662,-0.356,0.871,-0.526,0.843,13.30,0.27
548,1864,9,-1.000,1.817,-0.483,0.793,-0.263,0.634,-0.349,0.866,-0.524,0.839,13.30,0.27
549,1864,10,0.204,1.273,-0.428,0.790,-0.255,0.636,-0.370,0.867,-0.521,0.837,13.30,0.27
550,1864,11,0.389,1.820,-0.372,0.805,-0.247,0.651,-0.380,0.866,-0.518,0.839,13.30,0.27
551,1864,12,-0.829,2.148,-0.381,0.818,-0.229,0.659,-0.376,0.883,-0.515,0.835,13.30,0.27
552,1865,1,-0.081,1.385,-0.340,0.822,-0.240,0.666,-0.397,0.872,-0.513,0.832,13.30,0.27
553,1865,2,-1.634,1.868,-0.304,0.815,-0.230,0.663,-0.383,0.867,-0.519,0.828,13.30,0.27
554,1865,3,-1.520,1.658,-0.251,0.800,-0.216,0.657,-0.386,0.865,-0.521,0.823,13.30,0.27
555,1865,4,-0.370,1.364,-0.220,0.816,-0.243,0.661,-0.396,0.861,-0.522,0.820,13.30,0.27
556,1865,5,0.802,1.264,-0.277,0.821,-0.273,0.654,-0.387,0.859,-0.513,0.814,13.30,0.27
557,1865,6,-0.024,1.088,-0.333,0.725,-0.300,0.649,-0.380,0.857,-0.506,0.810,13.30,0.27
558,1865,7,0.137,2.295,-0.383,0.716,-0.315,0.656,-0.367,0.850,-0.503,0.807,13.30,0.27
559,1865,8,0.273,1.321,-0.198,0.650,-0.326,0.656,-0.362,0.841,-0.500,0.799,13.30,0.27
560,1865,9,-0.364,1.446,-0.052,0.606,-0.340,0.658,-0.362,0.837,-0.497,0.795,13.30,0.27
561,1865,10,0.575,1.080,0.000,0.606,-0.346,0.667,-0.357,0.835,-0.498,0.792,13.30,0.27
562,1865,11,-0.285,2.211,-0.069,0.635,-0.335,0.674,-0.360,0.832,-0.501,0.789,13.30,0.27
563,1865,12,-1.510,1.575,-0.135,0.654,-0.321,0.671,-0.364,0.827,-0.503,0.789,13.30,0.27
564,1866,1,-0.680,1.563,-0.142,0.609,-0.316,0.686,-0.370,0.829,-0.510,0.785,13.30,0.27
565,1866,2,0.583,1.748,-0.260,0.614,-0.313,0.694,-0.377,0.816,-0.513,0.780,13.30,0.27
566,1866,3,0.238,1.550,-0.332,0.698,-0.313,0.681,-0.372,0.798,-0.512,0.772,13.30,0.27
567,1866,4,0.257,1.555,-0.346,0.759,-0.325,0.679,-0.355,0.788,-0.512,0.769,13.30,0.27
568,1866,5,-0.029,1.338,-0.297,0.769,-0.343,0.694,-0.332,0.785,-0.509,0.765,13.30,0.27
569,1866,6,-0.813,1.459,-0.203,0.859,-0.309,0.704,-0.331,0.780,-0.512,0.760,13.30,0.27
570,1866,7,0.046,1.106,-0.059,0.785,-0.290,0.741,-0.319,0.781,-0.510,0.756,13.30,0.27
571,1866,8,-1.144,1.346,-0.116,0.817,-0.282,0.758,-0.318,0.779,-0.507,0.747,13.30,0.27
572,1866,9,-1.226,2.209,0.030,0.763,-0.306,0.780,-0.311,0.778,-0.499,0.741,13.30,0.27
573,1866,10,0.409,1.615,0.062,0.828,-0.298,0.799,-0.309,0.774,-0.492,0.736,13.30,0.27
574,1866,11,0.304,1.869,0.108,0.886,-0.277,0.839,-0.314,0.765,-0.482,0.732,13.30,0.27
575,1866,12,-0.385,2.747,0.176,0.901,-0.280,0.845,-0.324,0.765,-0.474,0.731,13.30,0.27
576,1867,1,1.045,1.100,0.180,0.936,-0.272,0.854,-0.318,0.756,-0.471,0.729,13.30,0.27
577,1867,2,-0.099,1.340,0.248,0.950,-0.276,0.854,-0.307,0.752,-0.473,0.724,13.30,0.27
578,1867,3,1.990,3.969,0.365,0.902,-0.263,0.851,-0.310,0.743,-0.476,0.721,13.30,0.27
579,1867,4,0.648,1.730,0.286,0.932,-0.282,0.861,-0.312,0.739,-0.473,0.717,13.30,0.27
580,1867,5,0.522,2.060,0.143,0.836,-0.303,0.869,-0.316,0.741,-0.468,0.713,13.30,0.27
581,1867,6,-0.002,1.538,-0.079,0.888,-0.302,0.912,-0.317,0.746,-0.456,0.704,13.30,0.27
582,1867,7,0.095,1.645,-0.266,0.992,-0.333,0.907,-0.325,0.746,-0.446,0.697,13.30,0.27
583,1867,8,-0.330,1.489,-0.399,1.079,-0.306,0.909,-0.323,0.744,-0.435,0.691,13.30,0.27
584,1867,9,0.183,1.282,-0.655,1.139,-0.300,0.906,-0.317,0.738,-0.428,0.689,13.30,0.27
585,1867,10,-0.539,1.611,-0.766,1.149,-0.319,0.909,-0.323,0.734,-0.437,0.686,13.30,0.27
586,1867,11,-1.407,1.555,-0.748,1.115,-0.323,0.918,-0.334,0.728,-0.436,0.680,13.30,0.27
587,1867,12,-3.048,1.962,-0.742,1.072,-0.320,0.922,-0.325,0.716,-0.438,0.678,13.30,0.27
588,1868,1,-1.210,2.158,-0.762,1.070,-0.314,0.924,-0.325,0.708,-0.436,0.673,13.30,0.27
589,1868,2,-1.695,2.036,-0.756,1.145,-0.322,0.918,-0.332,0.705,-0.433,0.669,13.30,0.27
590,1868,3,-1.076,1.991,-0.820,1.092,-0.322,0.911,-0.326,0.702,-0.432,0.664,13.30,0.27
591,1868,4,-0.691,1.675,-0.791,1.119,-0.323,0.909,-0.329,0.697,-0.427,0.659,13.30,0.27
592,1868,5,0.740,1.804,-0.807,1.235,-0.311,0.901,-0.337,0.695,-0.415,0.653,13.30,0.27
593,1868,6,0.080,1.290,-0.505,1.280,-0.293,0.912,-0.343,0.695,-0.409,0.649,13.30,0.27
594,1868,7,-0.149,1.539,-0.469,1.480,-0.299,0.915,-0.339,0.698,-0.404,0.648,13.30,0.27
595,1868,8,-0.262,2.035,-0.336,1.633,-0.323,0.928,-0.330,0.692,-0.394,0.644,13.30,0.27
596,1868,9,-0.581,1.146,-0.371,1.697,-0.328,0.937,-0.331,0.687,-0.391,0.642,13.30,0.27
597,1868,10,-0.197,1.981,-0.360,1.820,-0.319,0.933,-0.335,0.679,-0.387,0.634,13.30,0.27
598,1868,11,-1.592,2.717,-0.305,1.946,-0.302,0.931,-0.333,0.678,-0.389,0.625,13.30,0.27
599,1868,12,0.575,2.345,-0.318,1.917,-0.302,0.911,-0.335,0.674,-0.386,0.618,13.30,0.27
600,1869,1,-0.781,4.099,-0.294,1.852,-0.296,0.914,-0.324,0.671,-0.381,0.615,13.30,0.27
601,1869,2,-0.096,2.516,-0.308,1.743,-0.279,0.910,-0.334,0.665,-0.376,0.613,13.30,0.27
602,1869,3,-1.497,2.115,-0.275,1.785,-0.246,0.901,-0.357,0.661,-0.379,0.613,13.30,0.27
603,1869,4,-0.558,2.481,-0.336,1.738,-0.237,0.894,-0.354,0.656,-0.386,0.613,13.30,0.27
604,1869,5,1.396,3.381,-0.277,1.692,-0.247,0.874,-0.369,0.654,-0.397,0.612,13.30,0.27
605,1869,6,-0.076,1.399,-0.391,1.843,-0.285,0.886,-0.364,0.651,-0.388,0.599,13.30,0.27
606,1869,7,0.140,1.662,-0.486,1.575,-0.316,0.894,-0.358,0.654,-0.387,0.596,13.30,0.27
607,1869,8,-0.428,1.172,-0.480,1.442,-0.319,0.908,-0.366,0.655,-0.385,0.590,13.30,0.27
608,1869,9,-0.179,1.256,-0.452,1.342,-0.356,0.947,-0.360,0.654,-0.378,0.582,13.30,0.27
609,1869,10,-0.938,1.625,-0.531,1.234,-0.369,0.950,-0.353,0.655,-0.389,0.582,13.30,0.27
610,1869,11,-0.876,3.240,-0.602,1.159,-0.385,0.946,-0.366,0.661,-0.393,0.578,13.30,0.27
611,1869,12,-0.798,4.268,-0.580,1.190,-0.405,0.944,-0.365,0.663,-0.396,0.571,13.30,0.27
612,1870,1,-1.922,1.963,-0.554,1.219,-0.411,0.936,-0.377,0.662,-0.404,0.565,13.30,0.27
613,1870,2,-0.022,1.456,-0.532,1.215,-0.415,0.929,-0.379,0.666,-0.398,0.560,13.30,0.27
614,1870,3,-1.162,1.424,-0.550,1.255,-0.417,0.920,-0.377,0.660,-0.399,0.558,13.30,0.27
615,1870,4,-1.510,1.816,-0.426,1.185,-0.403,0.909,-0.384,0.656,-0.401,0.552,13.30,0.27
616,1870,5,0.541,1.707,-0.316,1.080,-0.395,0.900,-0.385,0.650,-0.404,0.545,13.30,0.27
617,1870,6,0.197,1.689,-0.288,0.938,-0.350,0.894,-0.385,0.646,-0.407,0.538,13.30,0.27
618,1870,7,0.453,1.722,-0.214,0.915,-0.335,0.883,-0.386,0.642,-0.398,0.533,13.30,0.27
619,1870,8,-0.167,1.324,-0.282,0.865,-0.339,0.887,-0.387,0.638,-0.393,0.527,13.30,0.27
620,1870,9,-0.392,1.364,-0.194,0.913,-0.312,0.887,-0.385,0.634,-0.391,0.525,13.30,0.27
621,1870,10,0.549,1.228,0.001,0.904,-0.312,0.880,-0.389,0.635,-0.390,0.525,13.30,0.27
622,1870,11,0.444,2.321,0.040,0.936,-0.338,0.863,-0.394,0.627,-0.388,0.524,13.30,0.27
623,1870,12,-0.466,2.304,-0.048,0.973,-0.366,0.857,-0.403,0.638,-0.387,0.522,13.30,0.27
624,1871,1,-1.038,1.330,-0.048,0.969,-0.362,0.843,-0.406,0.640,-0.372,0.518,13.30,0.27
625,1871,2,-0.829,1.913,-0.045,0.967,-0.347,0.822,-0.414,0.653,-0.370,0.514,13.30,0.27
626,1871,3,-0.111,1.806,0.048,0.986,-0.349,0.827,-0.421,0.653,-0.362,0.505,13.30,0.27
627,1871,4,0.834,1.337,0.084,1.000,-0.345,0.800,-0.427,0.651,-0.352,0.498,13.30,0.27
628,1871,5,1.001,1.988,0.022,0.902,-0.322,0.773,-0.426,0.647,-0.350,0.496,13.30,0.27
629,1871,6,-0.858,1.915,-0.163,0.834,-0.361,0.742,-0.430,0.642,-0.352,0.495,13.30,0.27
630,1871,7,0.457,1.407,-0.146,0.836,-0.359,0.688,-0.434,0.639,-0.345,0.495,13.30,0.27
631,1871,8,-0.136,1.356,-0.101,0.839,-0.385,0.648,-0.424,0.635,-0.343,0.496,13.30,0.27
632,1871,9,0.723,1.368,-0.109,0.805,-0.408,0.617,-0.413,0.629,-0.344,0.497,13.30,0.27
633,1871,10,0.985,1.530,-0.190,0.804,-0.410,0.585,-0.411,0.627,-0.348,0.496,13.30,0.27
634,1871,11,-0.295,1.621,-0.309,0.747,-0.460,0.549,-0.418,0.617,-0.353,0.493,13.30,0.27
635,1871,12,-2.686,1.886,-0.338,0.737,-0.448,0.541,-0.414,0.617,-0.348,0.492,13.30,0.27
636,1872,1,-0.834,1.929,-0.396,0.667,-0.445,0.551,-0.431,0.619,-0.345,0.486,13.30,0.27
637,1872,2,-0.287,1.601,-0.435,0.672,-0.456,0.557,-0.441,0.622,-0.345,0.487,13.30,0.27
638,1872,3,-0.208,1.450,-0.488,0.663,-0.457,0.565,-0.473,0.639,-0.349,0.484,13.30,0.27
639,1872,4,-0.146,1.293,-0.544,0.692,-0.425,0.553,-0.477,0.636,-0.356,0.485,13.30,0.27
640,1872,5,-0.426,1.466,-0.597,0.695,-0.428,0.530,-0.485,0.628,-0.354,0.482,13.30,0.27
641,1872,6,-1.205,1.257,-0.401,0.677,-0.427,0.486,-0.483,0.615,-0.348,0.482,13.30,0.27
642,1872,7,-0.241,1.240,-0.361,0.599,-0.421,0.482,-0.476,0.607,-0.353,0.482,13.30,0.27
643,1872,8,-0.604,1.202,-0.496,0.599,-0.453,0.479,-0.467,0.604,-0.353,0.481,13.30,0.27
644,1872,9,0.091,1.237,-0.437,0.635,-0.455,0.472,-0.460,0.597,-0.355,0.477,13.30,0.27
645,1872,10,0.314,1.311,-0.480,0.639,-0.450,0.470,-0.467,0.592,-0.359,0.478,13.30,0.27
646,1872,11,-0.930,1.066,-0.511,0.628,-0.447,0.450,-0.460,0.591,-0.364,0.476,13.30,0.27
647,1872,12,-0.342,1.486,-0.544,0.617,-0.451,0.439,-0.447,0.588,-0.361,0.473,13.30,0.27
648,1873,1,-0.343,1.377,-0.520,0.636,-0.457,0.429,-0.453,0.587,-0.362,0.474,13.30,0.27
649,1873,2,-1.910,1.313,-0.417,0.660,-0.451,0.428,-0.446,0.587,-0.364,0.475,13.30,0.27
650,1873,3,0.500,1.431,-0.478,0.649,-0.448,0.419,-0.444,0.581,-0.371,0.470,13.30,0.27
651,1873,4,-0.664,1.300,-0.505,0.638,-0.456,0.420,-0.435,0.577,-0.377,0.467,13.30,0.27
652,1873,5,-0.804,1.082,-0.441,0.633,-0.477,0.411,-0.436,0.569,-0.380,0.468,13.30,0.27
653,1873,6,-1.600,1.196,-0.561,0.587,-0.512,0.422,-0.431,0.572,-0.381,0.468,13.30,0.27
654,1873,7,0.048,1.136,-0.586,0.613,-0.512,0.424,-0.427,0.573,-0.381,0.469,13.30,0.27
655,1873,8,0.638,1.210,-0.569,0.624,-0.505,0.444,-0.418,0.564,-0.384,0.464,13.30,0.27
656,1873,9,-0.648,1.090,-0.850,0.645,-0.514,0.440,-0.420,0.569,-0.389,0.461,13.30,0.27
657,1873,10,-0.002,0.991,-0.849,0.694,-0.536,0.439,-0.399,0.548,-0.395,0.457,13.30,0.27
658,1873,11,-0.164,1.549,-0.916,0.702,-0.550,0.446,-0.384,0.522,-0.394,0.455,13.30,0.27
659,1873,12,-1.778,1.428,-0.730,0.708,-0.557,0.463,-0.387,0.502,-0.396,0.454,13.30,0.27
660,1874,1,-0.645,1.772,-0.707,0.717,-0.573,0.463,-0.381,0.479,-0.396,0.453,13.30,0.27
661,1874,2,-1.707,1.661,-0.849,0.758,-0.569,0.469,-0.378,0.460,-0.397,0.451,13.30,0.27
662,1874,3,-2.869,1.660,-0.817,0.779,-0.579,0.479,-0.377,0.456,-0.402,0.448,13.30,0.27
663,1874,4,-0.658,1.374,-0.736,0.782,-0.586,0.494,-0.383,0.442,-0.400,0.444,13.30,0.27
664,1874,5,-1.604,1.333,-0.811,0.849,-0.589,0.491,-0.417,0.424,-0.404,0.444,13.30,0.27
665,1874,6,0.634,0.989,-0.722,0.839,-0.543,0.481,-0.413,0.412,-0.417,0.441,13.30,0.27
666,1874,7,0.323,1.205,-0.798,0.788,-0.546,0.480,-0.420,0.410,-0.420,0.442,13.30,0.27
667,1874,8,-1.071,1.210,-0.818,0.744,-0.563,0.475,-0.415,0.410,-0.420,0.442,13.30,0.27
668,1874,9,-0.262,1.216,-0.684,0.699,-0.589,0.489,-0.407,0.404,-0.419,0.441,13.30,0.27
669,1874,10,0.974,1.068,-0.731,0.698,-0.586,0.488,-0.407,0.399,-0.424,0.438,13.30,0.27
670,1874,11,-1.066,1.982,-0.539,0.691,-0.585,0.477,-0.405,0.382,-0.426,0.435,13.30,0.27
671,1874,12,-0.712,1.458,-0.596,0.703,-0.561,0.470,-0.416,0.353,-0.423,0.431,13.30,0.27
672,1875,1,-1.557,1.224,-0.614,0.667,-0.540,0.466,-0.412,0.350,-0.432,0.429,13.30,0.27
673,1875,2,-1.945,1.331,-0.510,0.657,-0.519,0.471,-0.413,0.348,-0.426,0.430,13.30,0.27
674,1875,3,-1.257,1.487,-0.505,0.653,-0.502,0.466,-0.413,0.346,-0.425,0.431,13.30,0.27
675,1875,4,-1.225,1.093,-0.578,0.678,-0.532,0.471,-0.406,0.338,-0.427,0.431,13.30,0.27
676,1875,5,0.698,1.310,-0.559,0.622,-0.525,0.478,-0.422,0.330,-0.432,0.430,13.30,0.27
677,1875,6,-0.044,1.106,-0.714,0.680,-0.544,0.484,-0.433,0.318,-0.438,0.430,13.30,0.27
678,1875,7,0.098,0.980,-0.671,0.730,-0.570,0.491,-0.430,0.317,-0.437,0.430,13.30,0.27
679,1875,8,0.176,1.375,-0.543,0.790,-0.554,0.495,-0.423,0.312,-0.432,0.429,13.30,0.27
680,1875,9,-0.198,1.119,-0.492,0.732,-0.576,0.486,-0.420,0.315,-0.432,0.426,13.30,0.27
681,1875,10,0.104,1.371,-0.430,0.725,-0.558,0.497,-0.423,0.318,-0.445,0.430,13.30,0.27
682,1875,11,-0.838,1.264,-0.476,0.737,-0.535,0.503,-0.416,0.317,-0.450,0.424,13.30,0.27
683,1875,12,-2.583,1.867,-0.578,0.737,-0.496,0.519,-0.410,0.325,-0.450,0.426,13.30,0.27
684,1876,1,-1.030,1.457,-0.629,0.767,-0.491,0.525,-0.375,0.317,-0.454,0.425,13.30,0.27
685,1876,2,-0.413,1.543,-0.635,0.761,-0.488,0.533,-0.363,0.326,-0.462,0.430,13.30,0.27
686,1876,3,-0.648,1.224,-0.609,0.750,-0.491,0.542,-0.352,0.333,-0.464,0.432,13.30,0.27
687,1876,4,-0.486,1.005,-0.569,0.739,-0.453,0.530,-0.350,0.328,-0.466,0.431,13.30,0.27
688,1876,5,0.152,1.062,-0.540,0.749,-0.447,0.512,-0.367,0.333,-0.468,0.430,13.30,0.27
689,1876,6,-1.265,1.109,-0.315,0.701,-0.414,0.501,-0.373,0.339,-0.471,0.427,13.30,0.27
690,1876,7,-0.521,1.137,-0.314,0.691,-0.404,0.491,-0.371,0.342,-0.474,0.426,13.30,0.27
691,1876,8,0.100,1.158,-0.389,0.683,-0.371,0.483,-0.369,0.347,-0.477,0.424,13.30,0.27
692,1876,9,0.118,1.277,-0.485,0.734,-0.346,0.486,-0.378,0.351,-0.475,0.420,13.30,0.27
693,1876,10,0.581,1.205,-0.438,0.709,-0.356,0.482,-0.387,0.358,-0.474,0.418,13.30,0.27
694,1876,11,-0.490,1.470,-0.485,0.683,-0.375,0.482,-0.392,0.362,-0.478,0.412,13.30,0.27
695,1876,12,0.119,1.352,-0.360,0.685,-0.378,0.475,-0.371,0.359,-0.481,0.413,13.30,0.27
696,1877,1,-1.017,1.258,-0.232,0.675,-0.394,0.476,-0.372,0.364,-0.498,0.413,13.30,0.27
697,1877,2,-1.316,1.160,-0.184,0.694,-0.374,0.476,-0.383,0.371,-0.507,0.415,13.30,0.27
698,1877,3,-1.794,1.217,-0.103,0.697,-0.357,0.468,-0.389,0.375,-0.514,0.421,13.30,0.27
699,1877,4,0.078,0.956,-0.273,0.709,-0.389,0.469,-0.400,0.376,-0.522,0.416,13.30,0.27
700,1877,5,-0.417,1.127,-0.276,0.660,-0.382,0.453,-0.392,0.369,-0.528,0.409,13.30,0.27
701,1877,6,0.243,1.497,-0.409,0.639,-0.405,0.455,-0.379,0.364,-0.531,0.404,13.30,0.27
702,1877,7,1.016,1.075,-0.483,0.639,-0.403,0.465,-0.380,0.360,-0.531,0.400,13.30,0.27
703,1877,8,0.673,1.273,-0.450,0.666,-0.374,0.468,-0.383,0.360,-0.528,0.397,13.30,0.27
704,1877,9,1.094,1.386,-0.369,0.667,-0.371,0.470,-0.394,0.360,-0.526,0.395,13.30,0.27
705,1877,10,-1.466,1.276,-0.340,0.705,-0.362,0.471,-0.395,0.369,-0.529,0.389,13.30,0.27
706,1877,11,-0.527,1.029,-0.257,0.745,-0.396,0.475,-0.395,0.370,-0.525,0.389,13.30,0.27
707,1877,12,-1.471,1.091,-0.216,0.740,-0.415,0.472,-0.398,0.377,-0.518,0.387,13.30,0.27
708,1878,1,-1.908,1.240,-0.274,0.777,-0.402,0.470,-0.399,0.382,-0.520,0.386,13.30,0.27
709,1878,2,-0.924,1.519,-0.263,0.757,-0.394,0.454,-0.395,0.390,-0.522,0.386,13.30,0.27
710,1878,3,-0.817,1.337,-0.421,0.759,-0.391,0.448,-0.415,0.385,-0.520,0.384,13.30,0.27
711,1878,4,0.429,1.112,-0.108,0.685,-0.391,0.437,-0.424,0.390,-0.514,0.380,13.30,0.27
712,1878,5,0.578,0.929,-0.047,0.617,-0.356,0.435,-0.424,0.396,-0.519,0.376,13.30,0.27
713,1878,6,0.729,1.324,0.092,0.581,-0.308,0.433,-0.419,0.403,-0.519,0.376,13.30,0.27
714,1878,7,0.320,1.648,0.243,0.535,-0.238,0.427,-0.422,0.404,-0.517,0.371,13.30,0.27
715,1878,8,0.807,1.037,0.346,0.489,-0.221,0.429,-0.438,0.407,-0.525,0.364,13.30,0.27
716,1878,9,-0.798,1.188,0.297,0.473,-0.191,0.430,-0.447,0.410,-0.522,0.365,13.30,0.27
717,1878,10,2.285,2.046,0.158,0.486,-0.163,0.428,-0.454,0.408,-0.525,0.360,13.30,0.27
718,1878,11,0.200,1.457,-0.116,0.493,-0.183,0.426,-0.455,0.404,-0.521,0.353,13.30,0.27
719,1878,12,0.200,1.192,-0.139,0.506,-0.189,0.419,-0.457,0.403,-0.524,0.346,13.30,0.27
720,1879,1,-0.090,0.797,-0.221,0.549,-0.169,0.411,-0.468,0.405,-0.529,0.335,13.30,0.27
721,1879,2,0.305,1.226,-0.276,0.568,-0.168,0.401,-0.459,0.403,-0.535,0.331,13.30,0.27
722,1879,3,-1.401,1.502,-0.149,0.633,-0.176,0.401,-0.446,0.396,-0.537,0.328,13.30,0.27
723,1879,4,-1.237,1.071,-0.415,0.536,-0.187,0.402,-0.446,0.389,-0.541,0.323,13.30,0.27
724,1879,5,-2.710,1.272,-0.485,0.497,-0.195,0.407,-0.439,0.390,-0.548,0.315,13.30,0.27
725,1879,6,0.454,2.390,-0.677,0.518,-0.199,0.401,-0.469,0.384,-0.549,0.311,13.30,0.27
726,1879,7,-0.665,0.999,-0.790,0.575,-0.199,0.414,-0.481,0.384,-0.549,0.307,13.30,0.27
727,1879,8,0.149,0.888,-0.832,0.578,-0.202,0.423,-0.475,0.384,-0.546,0.304,13.30,0.27
728,1879,9,0.725,1.205,-0.804,0.624,-0.189,0.427,-0.479,0.384,-0.545,0.300,13.30,0.27
729,1879,10,-0.906,0.805,-0.759,0.648,-0.214,0.442,-0.495,0.381,-0.539,0.296,13.30,0.27
730,1879,11,-0.642,0.797,-0.646,0.661,-0.198,0.443,-0.486,0.376,-0.543,0.289,13.30,0.27
731,1879,12,-2.107,1.454,-0.782,0.601,-0.196,0.438,-0.481,0.375,-0.549,0.275,13.30,0.27
732,1880,1,-1.443,1.259,-0.656,0.606,-0.219,0.435,-0.487,0.376,-0.545,0.277,13.30,0.27
733,1880,2,-0.196,1.216,-0.614,0.556,-0.247,0.439,-0.474,0.371,-0.551,0.278,13.30,0.27
734,1880,3,-1.071,1.207,-0.674,0.523,-0.286,0.434,-0.472,0.369,-0.552,0.276,13.30,0.27
735,1880,4,-0.695,0.878,-0.590,0.515,-0.257,0.441,-0.469,0.370,-0.550,0.272,13.30,0.27
736,1880,5,-1.353,1.099,-0.430,0.517,-0.264,0.440,-0.480,0.372,-0.556,0.268,13.30,0.27
737,1880,6,-1.178,1.672,-0.230,0.521,-0.251,0.450,-0.490,0.375,-0.564,0.266,13.30,0.27
738,1880,7,0.843,0.910,0.153,0.435,-0.229,0.448,-0.489,0.376,-0.569,0.265,13.30,0.27
739,1880,8,0.650,1.537,0.222,0.461,-0.237,0.437,-0.478,0.376,-0.568,0.263,13.30,0.27
740,1880,9,0.005,1.171,0.408,0.465,-0.255,0.427,-0.478,0.372,-0.577,0.264,13.30,0.27
741,1880,10,0.100,1.151,0.562,0.501,-0.291,0.417,-0.500,0.369,-0.586,0.264,13.30,0.27
742,1880,11,1.281,1.152,0.589,0.514,-0.313,0.411,-0.506,0.364,-0.600,0.265,13.30,0.27
743,1880,12,0.295,1.186,0.554,0.533,-0.342,0.408,-0.497,0.358,-0.610,0.267,13.30,0.27
744,1881,1,3.155,1.394,0.540,0.527,-0.352,0.401,-0.503,0.361,-0.618,0.265,13.30,0.27
745,1881,2,0.633,1.365,0.495,0.491,-0.387,0.395,-0.510,0.353,-0.627,0.267,13.30,0.27
746,1881,3,1.156,0.819,0.468,0.493,-0.403,0.391,-0.508,0.353,-0.633,0.268,13.30,0.27
747,1881,4,1.156,1.127,0.449,0.498,-0.456,0.382,-0.505,0.351,-0.639,0.267,13.30,0.27
748,1881,5,-1.028,0.783,0.264,0.512,-0.463,0.390,-0.511,0.351,-0.647,0.269,13.30,0.27
749,1881,6,-1.603,0.735,0.231,0.516,-0.500,0.393,-0.513,0.348,-0.647,0.271,13.30,0.27
750,1881,7,0.678,1.059,-0.117,0.587,-0.532,0.402,-0.514,0.348,-0.645,0.271,13.30,0.27
751,1881,8,0.110,1.002,-0.297,0.579,-0.548,0.402,-0.530,0.348,-0.647,0.273,13.30,0.27
752,1881,9,-0.313,1.178,-0.478,0.664,-0.546,0.380,-0.538,0.350,-0.649,0.273,13.30,0.27
753,1881,10,-0.128,1.107,-0.691,0.779,-0.536,0.367,-0.537,0.351,-0.650,0.273,13.30,0.27
754,1881,11,-0.938,1.458,-0.559,0.792,-0.503,0.362,-0.539,0.345,-0.649,0.271,13.30,0.27
755,1881,12,-0.106,1.294,-0.397,0.784,-0.561,0.357,-0.549,0.351,-0.642,0.268,13.30,0.27
756,1882,1,-1.024,1.878,-0.483,0.756,-0.568,0.352,-0.564,0.347,-0.641,0.266,13.30,0.27
757,1882,2,-1.527,1.580,-0.576,0.789,-0.576,0.343,-0.573,0.350,-0.638,0.267,13.30,0.27
758,1882,3,-1.012,1.857,-0.654,0.739,-0.600,0.354,-0.555,0.346,-0.633,0.267,13.30,0.27
759,1882,4,-1.403,1.790,-0.622,0.739,-0.600,0.348,-0.566,0.344,-0.633,0.264,13.30,0.27
760,1882,5,0.562,0.866,-0.621,0.739,-0.590,0.355,-0.571,0.345,-0.634,0.260,13.30,0.27
761,1882,6,0.336,0.787,-0.671,0.776,-0.558,0.360,-0.580,0.343,-0.628,0.259,13.30,0.27
762,1882,7,-0.354,1.837,-0.633,0.730,-0.571,0.350,-0.586,0.344,-0.624,0.258,13.30,0.27
763,1882,8,-1.004,1.434,-0.622,0.680,-0.573,0.346,-0.589,0.340,-0.623,0.257,13.30,0.27
764,1882,9,-1.251,1.064,-0.699,0.600,-0.574,0.342,-0.592,0.335,-0.627,0.255,13.30,0.27
765,1882,10,0.259,1.567,-0.725,0.487,-0.577,0.349,-0.590,0.328,-0.623,0.257,13.30,0.27
766,1882,11,-0.932,1.575,-0.834,0.521,-0.563,0.356,-0.591,0.323,-0.618,0.259,13.30,0.27
767,1882,12,-0.704,1.419,-0.944,0.580,-0.566,0.374,-0.589,0.314,-0.616,0.260,13.30,0.27
768,1883,1,-0.561,1.253,-0.941,0.555,-0.575,0.376,-0.587,0.309,-0.625,0.260,13.30,0.27
769,1883,2,-1.399,1.723,-0.964,0.546,-0.561,0.386,-0.597,0.303,-0.622,0.264,13.30,0.27
770,1883,3,-1.934,1.381,-1.007,0.579,-0.566,0.376,-0.595,0.297,-0.625,0.264,13.30,0.27
771,1883,4,-1.713,0.957,-1.103,0.508,-0.610,0.387,-0.594,0.286,-0.623,0.265,13.30,0.27
772,1883,5,-0.748,1.533,-1.045,0.555,-0.656,0.388,-0.602,0.283,-0.615,0.267,13.30,0.27
773,1883,6,-0.990,1.290,-1.153,0.543,-0.686,0.377,-0.607,0.281,-0.608,0.269,13.30,0.27
774,1883,7,-0.310,1.124,-1.273,0.576,-0.767,0.389,-0.606,0.274,-0.606,0.271,13.30,0.27
775,1883,8,-1.286,0.974,-1.211,0.528,-0.799,0.373,-0.633,0.271,-0.611,0.274,13.30,0.27
776,1883,9,-1.770,1.363,-1.159,0.616,-0.825,0.374,-0.624,0.269,-0.604,0.273,13.30,0.27
777,1883,10,-0.884,0.740,-1.066,0.590,-0.846,0.384,-0.651,0.272,-0.600,0.276,13.30,0.27
778,1883,11,-0.245,0.972,-1.065,0.537,-0.839,0.388,-0.658,0.279,-0.596,0.276,13.30,0.27
779,1883,12,-1.994,1.016,-1.236,0.527,-0.838,0.389,-0.662,0.284,-0.596,0.275,13.30,0.27
780,1884,1,-2.000,1.713,-1.303,0.513,-0.860,0.384,-0.676,0.284,-0.597,0.276,13.30,0.27
781,1884,2,-0.653,0.952,-1.222,0.513,-0.892,0.382,-0.692,0.290,-0.593,0.276,13.30,0.27
782,1884,3,-1.311,1.666,-1.134,0.491,-0.900,0.374,-0.696,0.288,-0.583,0.274,13.30,0.27
783,1884,4,-0.596,1.238,-1.137,0.476,-0.886,0.371,-0.699,0.286,-0.582,0.273,13.30,0.27
784,1884,5,-0.737,1.091,-1.119,0.438,-0.883,0.360,-0.679,0.283,-0.577,0.276,13.30,0.27
785,1884,6,-3.045,1.652,-0.968,0.458,-0.899,0.363,-0.686,0.286,-0.584,0.278,13.30,0.27
786,1884,7,-1.110,1.275,-0.987,0.462,-0.930,0.356,-0.678,0.280,-0.587,0.278,13.30,0.27
787,1884,8,-0.320,1.128,-0.959,0.476,-0.943,0.352,-0.677,0.272,-0.586,0.277,13.30,0.27
788,1884,9,-0.718,1.535,-0.940,0.463,-0.920,0.344,-0.683,0.272,-0.583,0.277,13.30,0.27
789,1884,10,-0.915,1.353,-0.964,0.533,-0.919,0.327,-0.670,0.269,-0.581,0.276,13.30,0.27
790,1884,11,-0.031,1.453,-0.949,0.508,-0.944,0.329,-0.681,0.269,-0.571,0.272,13.30,0.27
791,1884,12,-0.180,1.451,-0.807,0.485,-0.963,0.332,-0.682,0.272,-0.573,0.272,13.30,0.27
792,1885,1,-2.234,0.847,-0.691,0.461,-0.953,0.324,-0.678,0.273,-0.576,0.272,13.30,0.27
793,1885,2,-0.317,1.270,-0.537,0.532,-0.931,0.322,-0.688,0.274,-0.567,0.270,13.30,0.27
794,1885,3,-1.084,1.446,-0.502,0.515,-0.897,0.323,-0.692,0.271,-0.564,0.268,13.30,0.27
795,1885,4,-0.883,1.141,-0.636,0.610,-0.923,0.303,-0.693,0.269,-0.555,0.268,13.30,0.27
796,1885,5,-0.551,0.849,-0.758,0.574,-0.918,0.308,-0.690,0.269,-0.559,0.269,13.30,0.27
797,1885,6,-1.343,0.954,-0.871,0.505,-0.928,0.294,-0.696,0.277,-0.563,0.270,13.30,0.27
798,1885,7,0.281,1.226,-0.827,0.526,-0.945,0.289,-0.709,0.279,-0.563,0.269,13.30,0.27
799,1885,8,1.531,1.444,-0.905,0.546,-0.957,0.282,-0.712,0.278,-0.569,0.271,13.30,0.27
800,1885,9,-0.297,1.066,-0.847,0.508,-0.935,0.287,-0.734,0.274,-0.570,0.269,13.30,0.27
801,1885,10,-2.521,2.121,-0.785,0.512,-0.897,0.284,-0.749,0.270,-0.566,0.266,13.30,0.27
802,1885,11,-1.502,1.439,-0.789,0.490,-0.891,0.274,-0.783,0.271,-0.555,0.265,13.30,0.27
803,1885,12,-1.538,2.123,-0.805,0.481,-0.873,0.270,-0.809,0.268,-0.545,0.261,13.30,0.27
804,1886,1,-1.700,1.346,-0.880,0.461,-0.861,0.270,-0.860,0.266,-0.543,0.260,13.30,0.27
805,1886,2,-1.251,0.919,-1.161,0.411,-0.879,0.272,-0.892,0.260,-0.542,0.256,13.30,0.27
806,1886,3,-0.397,1.107,-1.205,0.416,-0.846,0.275,-0.914,0.259,-0.537,0.254,13.30,0.27
807,1886,4,-0.129,1.222,-0.931,0.396,-0.846,0.279,-0.928,0.263,-0.542,0.252,13.30,0.27
808,1886,5,-0.604,0.820,-0.870,0.399,-0.852,0.278,-0.927,0.265,-0.550,0.253,13.30,0.27
809,1886,6,-1.533,0.893,-0.834,0.491,-0.823,0.278,-0.920,0.266,-0.548,0.253,13.30,0.27
810,1886,7,-0.625,0.958,-0.932,0.457,-0.821,0.278,-0.920,0.261,-0.544,0.254,13.30,0.27
811,1886,8,-1.833,0.852,-1.021,0.512,-0.836,0.276,-0.924,0.259,-0.547,0.255,13.30,0.27
812,1886,9,-0.826,0.992,-0.956,0.520,-0.846,0.289,-0.920,0.253,-0.546,0.256,13.30,0.27
813,1886,10,0.763,1.015,-1.053,0.537,-0.861,0.298,-0.914,0.246,-0.549,0.259,13.30,0.27
814,1886,11,-0.771,0.954,-1.085,0.539,-0.856,0.295,-0.905,0.244,-0.552,0.258,13.30,0.27
815,1886,12,-1.100,3.220,-1.025,0.518,-0.810,0.285,-0.912,0.242,-0.555,0.256,13.30,0.27
816,1887,1,-2.873,0.832,-0.948,0.500,-0.788,0.273,-0.910,0.237,-0.555,0.255,13.30,0.27
817,1887,2,-2.319,0.862,-0.771,0.439,-0.778,0.267,-0.894,0.233,-0.550,0.255,13.30,0.27
818,1887,3,0.374,0.556,-0.638,0.472,-0.766,0.259,-0.876,0.227,-0.540,0.254,13.30,0.27
819,1887,4,-1.293,1.141,-0.809,0.451,-0.740,0.258,-0.866,0.221,-0.540,0.255,13.30,0.27
820,1887,5,-0.986,1.239,-0.796,0.500,-0.772,0.240,-0.877,0.219,-0.539,0.258,13.30,0.27
821,1887,6,-0.806,1.413,-0.812,0.532,-0.805,0.233,-0.877,0.224,-0.541,0.260,13.30,0.27
822,1887,7,0.292,1.378,-0.706,0.522,-0.786,0.240,-0.868,0.219,-0.542,0.261,13.30,0.27
823,1887,8,0.299,2.057,-0.690,0.575,-0.803,0.243,-0.862,0.215,-0.544,0.260,13.30,0.27
824,1887,9,0.763,1.606,-0.771,0.645,-0.810,0.234,-0.860,0.211,-0.549,0.257,13.30,0.27
825,1887,10,-1.287,1.350,-0.619,0.708,-0.810,0.223,-0.852,0.210,-0.544,0.254,13.30,0.27
826,1887,11,-0.616,1.782,-0.569,0.695,-0.817,0.216,-0.842,0.211,-0.541,0.253,13.30,0.27
827,1887,12,-1.288,2.071,-0.491,0.684,-0.825,0.213,-0.835,0.213,-0.536,0.254,13.30,0.27
828,1888,1,-1.605,0.619,-0.481,0.698,-0.842,0.216,-0.850,0.209,-0.526,0.252,13.30,0.27
829,1888,2,-2.131,1.085,-0.704,0.641,-0.864,0.214,-0.850,0.214,-0.527,0.250,13.30,0.27
830,1888,3,-0.591,0.883,-0.748,0.597,-0.902,0.220,-0.834,0.213,-0.526,0.250,13.30,0.27
831,1888,4,0.533,1.432,-0.717,0.611,-0.888,0.210,-0.821,0.213,-0.529,0.249,13.30,0.27
832,1888,5,-0.387,0.533,-0.717,0.494,-0.910,0.216,-0.807,0.213,-0.535,0.249,13.30,0.27
833,1888,6,0.126,1.019,-0.633,0.451,-0.932,0.209,-0.796,0.209,-0.538,0.248,13.30,0.27
834,1888,7,0.411,0.751,-0.653,0.384,-0.953,0.202,-0.789,0.214,-0.541,0.247,13.30,0.27
835,1888,8,-2.379,0.792,-0.606,0.342,-0.985,0.208,-0.783,0.215,-0.548,0.246,13.30,0.27
836,1888,9,0.231,1.103,-0.715,0.416,-1.004,0.224,-0.760,0.216,-0.546,0.244,13.30,0.27
837,1888,10,-0.915,1.266,-0.886,0.510,-1.010,0.232,-0.745,0.220,-0.553,0.244,13.30,0.27
838,1888,11,-0.609,1.237,-0.887,0.515,-1.014,0.227,-0.737,0.222,-0.553,0.245,13.30,0.27
839,1888,12,-0.277,1.417,-0.924,0.448,-1.003,0.222,-0.735,0.224,-0.555,0.244,13.30,0.27
840,1889,1,-1.846,1.317,-0.938,0.447,-0.980,0.219,-0.726,0.228,-0.556,0.244,13.30,0.27
841,1889,2,-1.565,1.868,-0.717,0.349,-0.956,0.214,-0.726,0.230,-0.552,0.245,13.30,0.27
842,1889,3,-1.901,1.471,-0.737,0.302,-0.940,0.204,-0.720,0.239,-0.547,0.241,13.30,0.27
843,1889,4,-1.525,0.887,-0.609,0.363,-0.942,0.206,-0.719,0.245,-0.542,0.239,13.30,0.27
844,1889,5,-0.396,0.623,-0.717,0.464,-0.928,0.208,-0.716,0.247,-0.528,0.238,13.30,0.27
845,1889,6,-0.321,0.810,-0.875,0.486,-0.926,0.196,-0.699,0.249,-0.533,0.241,13.30,0.27
846,1889,7,0.245,0.700,-0.810,0.474,-0.890,0.193,-0.692,0.248,-0.534,0.240,13.30,0.27
847,1889,8,0.270,1.244,-0.795,0.388,-0.845,0.191,-0.697,0.252,-0.536,0.239,13.30,0.27
848,1889,9,-0.002,0.798,-0.759,0.438,-0.832,0.192,-0.687,0.255,-0.537,0.241,13.30,0.27
849,1889,10,0.625,0.767,-0.706,0.477,-0.813,0.191,-0.667,0.255,-0.524,0.241,13.30,0.27
850,1889,11,-1.909,1.511,-0.753,0.513,-0.810,0.181,-0.655,0.248,-0.518,0.240,13.30,0.27
851,1889,12,-2.179,1.240,-0.881,0.481,-0.790,0.187,-0.664,0.246,-0.511,0.242,13.30,0.27
852,1890,1,-1.068,1.248,-0.961,0.450,-0.784,0.184,-0.665,0.247,-0.507,0.242,13.30,0.27
853,1890,2,-1.382,0.772,-0.967,0.436,-0.794,0.191,-0.660,0.247,-0.499,0.243,13.30,0.27
854,1890,3,-1.469,1.162,-1.183,0.467,-0.822,0.197,-0.657,0.246,-0.497,0.243,13.30,0.27
855,1890,4,-0.892,0.882,-1.374,0.450,-0.781,0.194,-0.640,0.243,-0.498,0.245,13.30,0.27
856,1890,5,-0.950,0.704,-1.452,0.401,-0.767,0.197,-0.639,0.244,-0.494,0.247,13.30,0.27
857,1890,6,-1.860,0.986,-1.508,0.401,-0.742,0.224,-0.635,0.242,-0.488,0.250,13.30,0.27
858,1890,7,-0.721,1.017,-1.664,0.420,-0.755,0.229,-0.638,0.245,-0.496,0.252,13.30,0.27
859,1890,8,0.201,1.399,-1.812,0.434,-0.742,0.244,-0.661,0.250,-0.500,0.252,13.30,0.27
860,1890,9,-2.593,0.929,-1.817,0.459,-0.734,0.254,-0.662,0.257,-0.499,0.251,13.30,0.27
861,1890,10,-1.671,0.713,-1.784,0.451,-0.745,0.268,-0.631,0.255,-0.493,0.249,13.30,0.27
862,1890,11,-2.835,1.250,-1.777,0.415,-0.723,0.274,-0.604,0.259,-0.503,0.248,13.30,0.27
863,1890,12,-2.854,1.336,-1.694,0.377,-0.720,0.267,-0.593,0.253,-0.508,0.248,13.30,0.27
864,1891,1,-2.943,2.343,-1.570,0.376,-0.718,0.279,-0.583,0.249,-0.527,0.247,13.30,0.27
865,1891,2,-3.160,1.120,-1.623,0.402,-0.688,0.283,-0.574,0.255,-0.535,0.245,13.30,0.27
866,1891,3,-1.532,1.694,-1.392,0.393,-0.675,0.278,-0.566,0.260,-0.541,0.245,13.30,0.27
867,1891,4,-0.495,0.757,-1.203,0.384,-0.645,0.298,-0.579,0.260,-0.542,0.247,13.30,0.27
868,1891,5,-0.857,1.102,-0.958,0.347,-0.621,0.313,-0.589,0.265,-0.542,0.249,13.30,0.27
869,1891,6,-0.868,1.047,-0.800,0.328,-0.646,0.304,-0.582,0.270,-0.535,0.250,13.30,0.27
870,1891,7,0.765,0.762,-0.617,0.326,-0.632,0.308,-0.573,0.272,-0.535,0.250,13.30,0.27
871,1891,8,-0.434,0.861,-0.321,0.364,-0.615,0.299,-0.564,0.271,-0.536,0.250,13.30,0.27
872,1891,9,0.175,0.730,-0.100,0.362,-0.595,0.295,-0.555,0.267,-0.532,0.248,13.30,0.27
873,1891,10,0.599,0.923,-0.071,0.423,-0.576,0.288,-0.562,0.266,-0.532,0.245,13.30,0.27
874,1891,11,0.104,0.756,-0.064,0.410,-0.577,0.295,-0.566,0.274,-0.530,0.245,13.30,0.27
875,1891,12,-0.957,1.325,0.040,0.406,-0.587,0.296,-0.561,0.258,-0.535,0.244,13.30,0.27
876,1892,1,-0.745,1.448,0.030,0.421,-0.596,0.300,-0.546,0.256,-0.537,0.244,13.30,0.27
877,1892,2,0.386,0.884,0.044,0.451,-0.616,0.312,-0.528,0.253,-0.528,0.242,13.30,0.27
878,1892,3,1.123,0.738,-0.049,0.441,-0.608,0.324,-0.526,0.256,-0.525,0.238,13.30,0.27
879,1892,4,-0.148,1.232,-0.000,0.419,-0.593,0.325,-0.513,0.254,-0.513,0.233,13.30,0.27
880,1892,5,-0.769,0.895,0.010,0.386,-0.539,0.311,-0.506,0.254,-0.523,0.232,13.30,0.27
881,1892,6,0.373,0.618,0.107,0.415,-0.523,0.313,-0.503,0.259,-0.528,0.233,13.30,0.27
882,1892,7,0.649,1.081,-0.033,0.356,-0.545,0.308,-0.498,0.263,-0.524,0.230,13.30,0.27
883,1892,8,-0.263,1.121,-0.175,0.415,-0.516,0.312,-0.499,0.272,-0.520,0.227,13.30,0.27
884,1892,9,-0.943,0.685,-0.279,0.402,-0.504,0.304,-0.506,0.274,-0.516,0.227,13.30,0.27
885,1892,10,1.187,1.082,-0.275,0.409,-0.470,0.310,-0.498,0.270,-0.518,0.226,13.30,0.27
886,1892,11,0.219,1.013,-0.134,0.426,-0.461,0.316,-0.491,0.274,-0.513,0.225,13.30,0.27
887,1892,12,0.211,1.865,-0.141,0.439,-0.445,0.311,-0.483,0.282,-0.511,0.224,13.30,0.27
888,1893,1,-2.418,1.294,-0.151,0.500,-0.434,0.316,-0.465,0.283,-0.507,0.223,13.30,0.27
889,1893,2,-1.327,1.465,-0.177,0.569,-0.458,0.327,-0.458,0.285,-0.507,0.225,13.30,0.27
890,1893,3,-0.118,0.725,-0.012,0.488,-0.423,0.335,-0.456,0.290,-0.503,0.223,13.30,0.27
891,1893,4,-0.101,0.753,-0.039,0.490,-0.374,0.337,-0.465,0.298,-0.502,0.223,13.30,0.27
892,1893,5,0.918,0.683,0.010,0.548,-0.298,0.333,-0.467,0.302,-0.499,0.224,13.30,0.27
893,1893,6,0.295,0.951,-0.153,0.526,-0.253,0.329,-0.469,0.302,-0.502,0.224,13.30,0.27
894,1893,7,0.530,0.823,-0.036,0.604,-0.212,0.334,-0.477,0.303,-0.506,0.227,13.30,0.27
895,1893,8,-0.573,0.766,0.028,0.560,-0.164,0.349,-0.463,0.302,-0.506,0.228,13.30,0.27
896,1893,9,1.036,1.472,-0.020,0.549,-0.129,0.343,-0.469,0.304,-0.498,0.232,13.30,0.27
897,1893,10,0.865,1.412,-0.042,0.536,-0.148,0.346,-0.455,0.309,-0.493,0.233,13.30,0.27
898,1893,11,0.800,1.366,-0.156,0.548,-0.164,0.354,-0.448,0.313,-0.495,0.232,13.30,0.27
899,1893,12,-1.747,0.754,-0.258,0.575,-0.161,0.365,-0.449,0.304,-0.489,0.233,13.30,0.27
900,1894,1,-1.006,1.752,-0.329,0.578,-0.166,0.376,-0.435,0.303,-0.485,0.232,13.30,0.27
901,1894,2,-0.562,0.884,-0.358,0.595,-0.171,0.382,-0.413,0.300,-0.482,0.234,13.30,0.27
902,1894,3,-0.690,1.597,-0.403,0.586,-0.170,0.383,-0.398,0.300,-0.477,0.238,13.30,0.27
903,1894,4,-0.367,0.626,-0.347,0.536,-0.182,0.384,-0.385,0.301,-0.472,0.241,13.30,0.27
904,1894,5,-0.456,0.878,-0.302,0.489,-0.203,0.393,-0.378,0.305,-0.470,0.239,13.30,0.27
905,1894,6,-0.928,0.639,-0.259,0.495,-0.196,0.381,-0.380,0.307,-0.454,0.240,13.30,0.27
906,1894,7,-0.318,1.094,-0.377,0.512,-0.201,0.381,-0.389,0.309,-0.447,0.238,13.30,0.27
907,1894,8,-0.923,1.184,-0.299,0.504,-0.210,0.385,-0.395,0.312,-0.446,0.241,13.30,0.27
908,1894,9,0.501,0.843,-0.303,0.431,-0.220,0.391,-0.391,0.315,-0.445,0.243,13.30,0.27
909,1894,10,1.529,0.610,-0.178,0.464,-0.213,0.387,-0.377,0.314,-0.445,0.242,13.30,0.27
910,1894,11,1.339,1.042,-0.172,0.458,-0.203,0.390,-0.354,0.305,-0.451,0.238,13.30,0.27
911,1894,12,-1.230,1.047,-0.172,0.453,-0.215,0.393,-0.340,0.304,-0.455,0.237,13.30,0.27
912,1895,1,-2.412,0.947,-0.148,0.514,-0.212,0.396,-0.335,0.306,-0.457,0.237,13.30,0.27
913,1895,2,0.366,0.559,-0.175,0.473,-0.205,0.392,-0.310,0.308,-0.470,0.238,13.30,0.27
914,1895,3,-0.741,0.673,-0.257,0.517,-0.191,0.388,-0.303,0.304,-0.468,0.238,13.30,0.27
915,1895,4,1.140,1.181,-0.282,0.542,-0.216,0.386,-0.304,0.303,-0.463,0.237,13.30,0.27
916,1895,5,-0.386,0.783,-0.247,0.596,-0.216,0.393,-0.298,0.304,-0.463,0.237,13.30,0.27
917,1895,6,-0.927,0.706,-0.161,0.681,-0.223,0.391,-0.280,0.304,-0.461,0.236,13.30,0.27
918,1895,7,-0.029,1.940,-0.000,0.669,-0.174,0.392,-0.283,0.307,-0.460,0.237,13.30,0.27
919,1895,8,-1.253,0.903,-0.052,0.750,-0.173,0.387,-0.289,0.310,-0.469,0.239,13.30,0.27
920,1895,9,-0.481,1.495,0.058,0.841,-0.179,0.385,-0.265,0.309,-0.466,0.240,13.30,0.27
921,1895,10,1.231,1.076,-0.175,0.838,-0.184,0.382,-0.238,0.306,-0.459,0.239,13.30,0.27
922,1895,11,1.757,0.894,-0.292,0.902,-0.212,0.383,-0.223,0.300,-0.452,0.239,13.30,0.27
923,1895,12,-0.193,1.625,-0.275,0.991,-0.217,0.390,-0.207,0.294,-0.447,0.236,13.30,0.27
924,1896,1,-0.484,1.064,-0.234,0.877,-0.235,0.388,-0.194,0.294,-0.442,0.234,13.30,0.27
925,1896,2,-0.256,1.607,-0.187,0.861,-0.238,0.386,-0.178,0.296,-0.448,0.235,13.30,0.27
926,1896,3,0.578,1.856,-0.128,0.782,-0.263,0.381,-0.168,0.291,-0.449,0.235,13.30,0.27
927,1896,4,-1.653,1.290,-0.241,0.681,-0.265,0.365,-0.156,0.292,-0.450,0.236,13.30,0.27
928,1896,5,-1.796,1.176,-0.486,0.721,-0.274,0.352,-0.157,0.295,-0.452,0.237,13.30,0.27
929,1896,6,-0.717,1.043,-0.515,0.663,-0.251,0.348,-0.149,0.297,-0.451,0.238,13.30,0.27
930,1896,7,0.459,0.692,-0.560,0.606,-0.238,0.353,-0.151,0.301,-0.450,0.238,13.30,0.27
931,1896,8,-0.691,1.346,-0.554,0.556,-0.210,0.351,-0.149,0.304,-0.444,0.241,13.30,0.27
932,1896,9,0.226,0.784,-0.556,0.514,-0.201,0.342,-0.144,0.306,-0.442,0.242,13.30,0.27
933,1896,10,-0.126,1.478,-0.393,0.482,-0.194,0.351,-0.150,0.306,-0.447,0.242,13.30,0.27
934,1896,11,-1.176,1.346,-0.259,0.509,-0.179,0.356,-0.154,0.305,-0.439,0.243,13.30,0.27
935,1896,12,-0.543,0.531,-0.231,0.570,-0.172,0.365,-0.157,0.302,-0.441,0.239,13.30,0.27
936,1897,1,-1.029,1.122,-0.198,0.553,-0.182,0.368,-0.163,0.303,-0.437,0.239,13.30,0.27
937,1897,2,-0.176,0.552,-0.130,0.505,-0.173,0.359,-0.161,0.302,-0.437,0.238,13.30,0.27
938,1897,3,0.553,0.941,-0.154,0.449,-0.174,0.356,-0.173,0.300,-0.448,0.239,13.30,0.27
939,1897,4,0.296,0.916,-0.172,0.389,-0.162,0.351,-0.159,0.300,-0.446,0.240,13.30,0.27
940,1897,5,-0.180,1.234,-0.054,0.407,-0.170,0.356,-0.168,0.300,-0.445,0.237,13.30,0.27
941,1897,6,-0.382,1.118,-0.028,0.379,-0.157,0.354,-0.179,0.298,-0.447,0.238,13.30,0.27
942,1897,7,0.855,0.491,0.101,0.380,-0.126,0.353,-0.179,0.297,-0.448,0.238,13.30,0.27
943,1897,8,0.124,0.479,0.010,0.361,-0.104,0.353,-0.178,0.298,-0.454,0.241,13.30,0.27
944,1897,9,-0.058,0.711,-0.073,0.356,-0.103,0.349,-0.173,0.299,-0.460,0.241,13.30,0.27
945,1897,10,-0.350,0.414,-0.134,0.378,-0.137,0.334,-0.184,0.294,-0.453,0.241,13.30,0.27
946,1897,11,0.246,1.062,-0.179,0.336,-0.135,0.333,-0.183,0.294,-0.445,0.241,13.30,0.27
947,1897,12,-0.231,0.940,-0.151,0.344,-0.115,0.339,-0.188,0.288,-0.440,0.244,13.30,0.27
948,1898,1,0.513,0.803,-0.267,0.333,-0.132,0.332,-0.164,0.288,-0.433,0.246,13.30,0.27
949,1898,2,-1.269,1.561,-0.338,0.329,-0.119,0.326,-0.165,0.285,-0.432,0.246,13.30,0.27
950,1898,3,-0.444,0.941,-0.371,0.304,-0.107,0.318,-0.172,0.282,-0.434,0.248,13.30,0.27
951,1898,4,-0.434,0.870,-0.282,0.323,-0.102,0.307,-0.183,0.280,-0.443,0.251,13.30,0.27
952,1898,5,-0.718,0.605,-0.281,0.451,-0.147,0.302,-0.192,0.278,-0.437,0.251,13.30,0.27
953,1898,6,-0.049,0.759,-0.293,0.489,-0.161,0.299,-0.208,0.281,-0.440,0.249,13.30,0.27
954,1898,7,-0.530,0.673,-0.353,0.483,-0.176,0.293,-0.223,0.280,-0.442,0.250,13.30,0.27
955,1898,8,-0.728,0.505,-0.157,0.425,-0.192,0.298,-0.228,0.281,-0.432,0.251,13.30,0.27
956,1898,9,-0.457,0.736,-0.132,0.435,-0.207,0.299,-0.237,0.283,-0.432,0.251,13.30,0.27
957,1898,10,0.714,0.709,-0.091,0.468,-0.164,0.309,-0.240,0.278,-0.426,0.254,13.30,0.27
958,1898,11,0.258,1.825,0.009,0.498,-0.150,0.320,-0.254,0.272,-0.421,0.254,13.30,0.27
959,1898,12,-0.375,1.022,-0.032,0.562,-0.138,0.328,-0.243,0.271,-0.423,0.253,13.30,0.27
960,1899,1,-0.205,0.900,-0.064,0.586,-0.135,0.325,-0.243,0.270,-0.424,0.253,13.30,0.27
961,1899,2,1.090,0.785,-0.036,0.615,-0.127,0.321,-0.239,0.268,-0.427,0.251,13.30,0.27
962,1899,3,-0.153,0.998,0.041,0.623,-0.118,0.320,-0.234,0.262,-0.419,0.250,13.30,0.27
963,1899,4,0.056,1.036,0.169,0.618,-0.119,0.310,-0.226,0.263,-0.412,0.249,13.30,0.27
964,1899,5,0.482,0.761,0.219,0.588,-0.105,0.315,-0.224,0.260,-0.412,0.250,13.30,0.27
965,1899,6,-0.538,1.223,0.213,0.550,-0.117,0.322,-0.209,0.259,-0.415,0.251,13.30,0.27
966,1899,7,-0.913,0.730,0.185,0.514,-0.125,0.323,-0.202,0.255,-0.422,0.253,13.30,0.27
967,1899,8,-0.395,0.629,0.230,0.480,-0.112,0.326,-0.195,0.253,-0.425,0.256,13.30,0.27
968,1899,9,0.468,0.651,0.191,0.451,-0.125,0.320,-0.203,0.252,-0.426,0.260,13.30,0.27
969,1899,10,2.248,0.785,0.108,0.432,-0.106,0.310,-0.223,0.252,-0.426,0.261,13.30,0.27
970,1899,11,0.859,0.619,0.049,0.407,-0.133,0.296,-0.247,0.253,-0.416,0.262,13.30,0.27
971,1899,12,-0.440,0.766,0.112,0.357,-0.144,0.290,-0.245,0.252,-0.409,0.262,13.30,0.27
972,1900,1,-0.547,0.654,0.105,0.368,-0.146,0.281,-0.249,0.251,-0.407,0.261,13.30,0.27
973,1900,2,1.637,0.582,0.094,0.406,-0.150,0.283,-0.279,0.251,-0.408,0.262,13.30,0.27
974,1900,3,-0.629,0.684,0.077,0.434,-0.155,0.286,-0.278,0.252,-0.407,0.261,13.30,0.27
975,1900,4,-0.940,0.774,0.019,0.418,-0.151,0.287,-0.286,0.250,-0.405,0.263,13.30,0.27
976,1900,5,-0.228,0.458,-0.135,0.414,-0.151,0.291,-0.287,0.252,-0.408,0.266,13.30,0.27
977,1900,6,0.229,0.767,-0.184,0.431,-0.153,0.295,-0.287,0.253,-0.407,0.267,13.30,0.27
978,1900,7,-1.006,0.622,-0.255,0.447,-0.153,0.292,-0.282,0.254,-0.405,0.267,13.30,0.27
979,1900,8,-0.521,1.086,-0.492,0.447,-0.157,0.287,-0.277,0.255,-0.410,0.269,13.30,0.27
980,1900,9,0.258,0.539,-0.463,0.447,-0.166,0.290,-0.269,0.253,-0.408,0.269,13.30,0.27
981,1900,10,1.560,0.738,-0.308,0.414,-0.181,0.285,-0.287,0.256,-0.397,0.269,13.30,0.27
982,1900,11,-0.991,0.806,-0.369,0.419,-0.172,0.285,-0.299,0.257,-0.386,0.268,13.30,0.27
983,1900,12,-1.028,0.902,-0.387,0.438,-0.198,0.286,-0.302,0.257,-0.371,0.267,13.30,0.27
984,1901,1,-1.397,0.499,-0.253,0.429,-0.212,0.286,-0.302,0.259,-0.365,0.267,13.30,0.27
985,1901,2,-1.215,0.636,-0.224,0.398,-0.219,0.295,-0.322,0.262,-0.356,0.268,13.30,0.27
986,1901,3,-0.280,0.684,-0.182,0.384,-0.211,0.304,-0.332,0.269,-0.349,0.268,13.30,0.27
987,1901,4,0.918,0.551,-0.328,0.379,-0.216,0.307,-0.321,0.277,-0.349,0.269,13.30,0.27
988,1901,5,-0.951,0.726,-0.276,0.407,-0.234,0.302,-0.315,0.281,-0.349,0.268,13.30,0.27
989,1901,6,0.011,0.573,-0.294,0.456,-0.234,0.305,-0.320,0.287,-0.347,0.267,13.30,0.27
990,1901,7,0.601,0.576,-0.305,0.495,-0.248,0.305,-0.326,0.289,-0.350,0.268,13.30,0.27
991,1901,8,-0.177,0.647,-0.150,0.489,-0.267,0.310,-0.325,0.294,-0.347,0.268,13.30,0.27
992,1901,9,0.766,0.621,-0.149,0.474,-0.266,0.310,-0.330,0.299,-0.349,0.269,13.30,0.27
993,1901,10,-0.190,0.607,-0.105,0.422,-0.257,0.314,-0.332,0.296,-0.348,0.269,13.30,0.27
994,1901,11,-0.371,0.867,-0.176,0.370,-0.269,0.303,-0.312,0.302,-0.347,0.270,13.30,0.27
995,1901,12,-1.245,0.975,-0.261,0.345,-0.246,0.299,-0.321,0.307,-0.338,0.269,13.30,0.27
996,1902,1,-1.529,0.853,-0.251,0.299,-0.221,0.298,-0.328,0.307,-0.334,0.268,13.30,0.27
997,1902,2,0.640,0.622,-0.246,0.278,-0.217,0.303,-0.345,0.309,-0.331,0.267,13.30,0.27
998,1902,3,-0.266,0.416,-0.340,0.270,-0.232,0.311,-0.370,0.311,-0.333,0.266,13.30,0.27
999,1902,4,1.453,0.636,-0.332,0.268,-0.284,0.312,-0.378,0.310,-0.333,0.266,13.30,0.27
1000,1902,5,-1.806,0.359,-0.279,0.263,-0.325,0.314,-0.383,0.304,-0.328,0.267,13.30,0.27
1001,1902,6,-1.006,0.554,-0.207,0.258,-0.334,0.321,-0.392,0.300,-0.336,0.266,13.30,0.27
1002,1902,7,0.714,0.596,-0.038,0.243,-0.372,0.321,-0.399,0.299,-0.335,0.266,13.30,0.27
1003,1902,8,-0.115,0.505,-0.215,0.336,-0.455,0.323,-0.409,0.302,-0.333,0.268,13.30,0.27
1004,1902,9,-0.353,0.405,-0.275,0.366,-0.454,0.322,-0.413,0.304,-0.337,0.269,13.30,0.27
1005,1902,10,-0.100,0.997,-0.508,0.443,-0.435,0.317,-0.407,0.307,-0.342,0.269,13.30,0.27
1006,1902,11,0.262,0.732,-0.373,0.498,-0.440,0.322,-0.399,0.308,-0.353,0.268,13.30,0.27
1007,1902,12,-0.372,0.795,-0.423,0.537,-0.459,0.324,-0.397,0.311,-0.359,0.266,13.30,0.27
1008,1903,1,0.499,0.619,-0.596,0.503,-0.433,0.326,-0.401,0.310,-0.345,0.265,13.30,0.27
1009,1903,2,-1.486,1.174,-0.680,0.488,-0.434,0.324,-0.407,0.309,-0.342,0.263,13.30,0.27
1010,1903,3,-0.984,0.998,-0.649,0.483,-0.432,0.323,-0.411,0.308,-0.339,0.262,13.30,0.27
1011,1903,4,-1.344,0.766,-0.607,0.455,-0.473,0.325,-0.420,0.308,-0.342,0.262,13.30,0.27
1012,1903,5,-0.193,0.687,-0.699,0.454,-0.451,0.328,-0.407,0.305,-0.348,0.261,13.30,0.27
1013,1903,6,-1.607,0.677,-0.699,0.463,-0.442,0.327,-0.412,0.301,-0.351,0.260,13.30,0.27
1014,1903,7,-1.356,0.777,-0.828,0.482,-0.427,0.329,-0.407,0.300,-0.356,0.258,13.30,0.27
1015,1903,8,-1.128,1.000,-0.706,0.497,-0.451,0.329,-0.401,0.303,-0.352,0.257,13.30,0.27
1016,1903,9,0.024,1.201,-0.635,0.470,-0.457,0.325,-0.395,0.302,-0.354,0.256,13.30,0.27
1017,1903,10,0.401,0.534,-0.472,0.496,-0.477,0.326,-0.396,0.300,-0.355,0.254,13.30,0.27
1018,1903,11,-0.839,0.587,-0.476,0.486,-0.481,0.324,-0.395,0.293,-0.357,0.252,13.30,0.27
1019,1903,12,-0.373,1.213,-0.271,0.469,-0.503,0.328,-0.398,0.293,-0.352,0.252,13.30,0.27
1020,1904,1,-1.058,0.595,-0.111,0.407,-0.517,0.333,-0.412,0.293,-0.353,0.252,13.30,0.27
1021,1904,2,-0.022,0.703,-0.030,0.342,-0.524,0.338,-0.441,0.294,-0.350,0.251,13.30,0.27
1022,1904,3,-0.131,0.396,-0.068,0.303,-0.542,0.346,-0.440,0.296,-0.347,0.249,13.30,0.27
1023,1904,4,0.611,0.534,-0.172,0.300,-0.546,0.349,-0.439,0.298,-0.344,0.249,13.30,0.27
1024,1904,5,-0.231,0.816,-0.235,0.309,-0.519,0.348,-0.447,0.295,-0.339,0.249,13.30,0.27
1025,1904,6,0.845,0.707,-0.286,0.271,-0.526,0.348,-0.450,0.295,-0.338,0.250,13.30,0.27
1026,1904,7,0.567,0.425,-0.435,0.264,-0.530,0.344,-0.456,0.298,-0.339,0.251,13.30,0.27
1027,1904,8,-0.158,0.590,-0.708,0.267,-0.579,0.347,-0.456,0.298,-0.341,0.252,13.30,0.27
1028,1904,9,-0.425,0.630,-0.748,0.309,-0.614,0.350,-0.461,0.300,-0.347,0.252,13.30,0.27
1029,1904,10,-0.851,0.507,-0.780,0.329,-0.651,0.357,-0.475,0.303,-0.355,0.253,13.30,0.27
1030,1904,11,-1.589,0.567,-0.805,0.379,-0.632,0.354,-0.477,0.309,-0.361,0.254,13.30,0.27
1031,1904,12,-0.984,0.708,-0.954,0.421,-0.640,0.349,-0.478,0.315,-0.359,0.252,13.30,0.27
1032,1905,1,-2.855,0.584,-0.955,0.463,-0.651,0.353,-0.479,0.319,-0.350,0.251,13.30,0.27
1033,1905,2,-3.299,0.601,-0.988,0.511,-0.667,0.355,-0.506,0.321,-0.356,0.250,13.30,0.27
1034,1905,3,-0.607,0.918,-0.921,0.516,-0.671,0.357,-0.510,0.320,-0.352,0.249,13.30,0.27
1035,1905,4,0.227,0.628,-0.926,0.535,-0.663,0.359,-0.507,0.320,-0.358,0.249,13.30,0.27
1036,1905,5,-0.525,0.796,-0.768,0.540,-0.648,0.354,-0.519,0.322,-0.353,0.250,13.30,0.27
1037,1905,6,-0.950,0.808,-0.727,0.525,-0.641,0.352,-0.534,0.327,-0.348,0.251,13.30,0.27
1038,1905,7,0.554,0.672,-0.528,0.534,-0.650,0.354,-0.528,0.327,-0.347,0.252,13.30,0.27
1039,1905,8,-0.546,0.867,-0.475,0.549,-0.657,0.358,-0.531,0.324,-0.342,0.251,13.30,0.27
1040,1905,9,0.374,0.629,-0.480,0.524,-0.656,0.360,-0.551,0.324,-0.343,0.249,13.30,0.27
1041,1905,10,-0.912,0.773,-0.521,0.520,-0.660,0.369,-0.555,0.323,-0.352,0.249,13.30,0.27
1042,1905,11,0.308,0.660,-0.575,0.507,-0.642,0.366,-0.550,0.323,-0.361,0.247,13.30,0.27
1043,1905,12,-0.490,0.748,-0.606,0.509,-0.626,0.359,-0.534,0.321,-0.362,0.244,13.30,0.27
1044,1906,1,-0.473,0.714,-0.673,0.523,-0.602,0.355,-0.535,0.320,-0.361,0.244,13.30,0.27
1045,1906,2,-2.658,0.744,-0.676,0.539,-0.584,0.350,-0.534,0.320,-0.359,0.245,13.30,0.27
1046,1906,3,-0.665,0.465,-0.733,0.561,-0.579,0.336,-0.531,0.320,-0.358,0.247,13.30,0.27
1047,1906,4,-0.265,0.655,-0.693,0.540,-0.577,0.326,-0.542,0.318,-0.354,0.250,13.30,0.27
1048,1906,5,-1.179,0.587,-0.617,0.516,-0.556,0.317,-0.542,0.313,-0.346,0.251,13.30,0.27
1049,1906,6,-1.318,0.800,-0.710,0.528,-0.561,0.309,-0.545,0.311,-0.341,0.251,13.30,0.27
1050,1906,7,-0.245,0.775,-0.819,0.521,-0.576,0.306,-0.549,0.309,-0.338,0.250,13.30,0.27
1051,1906,8,-0.588,1.250,-0.790,0.510,-0.614,0.305,-0.545,0.304,-0.338,0.250,13.30,0.27
1052,1906,9,-0.311,0.980,-0.931,0.531,-0.613,0.310,-0.555,0.302,-0.344,0.248,13.30,0.27
1053,1906,10,-0.438,0.635,-0.972,0.503,-0.622,0.311,-0.545,0.302,-0.346,0.245,13.30,0.27
1054,1906,11,1.230,0.529,-0.933,0.474,-0.625,0.315,-0.540,0.302,-0.345,0.245,13.30,0.27
1055,1906,12,-1.614,0.853,-0.947,0.427,-0.653,0.319,-0.520,0.300,-0.340,0.242,13.30,0.27
1056,1907,1,-1.782,0.580,-0.921,0.418,-0.690,0.326,-0.505,0.298,-0.338,0.241,13.30,0.27
1057,1907,2,-2.303,0.483,-0.961,0.376,-0.694,0.326,-0.500,0.298,-0.334,0.242,13.30,0.27
1058,1907,3,-2.356,0.717,-0.983,0.337,-0.691,0.326,-0.494,0.297,-0.340,0.241,13.30,0.27
1059,1907,4,-0.765,0.492,-0.917,0.345,-0.667,0.327,-0.507,0.299,-0.346,0.240,13.30,0.27
1060,1907,5,-0.705,0.553,-0.921,0.333,-0.629,0.333,-0.489,0.300,-0.343,0.239,13.30,0.27
1061,1907,6,-1.484,0.781,-0.784,0.349,-0.622,0.338,-0.492,0.298,-0.343,0.237,13.30,0.27
1062,1907,7,0.060,0.875,-0.637,0.384,-0.586,0.339,-0.491,0.300,-0.349,0.237,13.30,0.27
1063,1907,8,-1.067,1.150,-0.604,0.395,-0.556,0.341,-0.488,0.298,-0.348,0.237,13.30,0.27
1064,1907,9,-0.570,0.701,-0.485,0.355,-0.566,0.341,-0.502,0.300,-0.349,0.237,13.30,0.27
1065,1907,10,0.349,0.694,-0.555,0.368,-0.580,0.348,-0.501,0.302,-0.349,0.236,13.30,0.27
1066,1907,11,1.189,0.559,-0.423,0.365,-0.597,0.351,-0.523,0.303,-0.358,0.235,13.30,0.27
1067,1907,12,0.021,0.835,-0.350,0.399,-0.609,0.356,-0.530,0.302,-0.368,0.235,13.30,0.27
1068,1908,1,-0.009,0.642,-0.352,0.412,-0.623,0.357,-0.525,0.301,-0.375,0.234,13.30,0.27
1069,1908,2,-1.909,0.778,-0.266,0.389,-0.629,0.355,-0.518,0.303,-0.375,0.233,13.30,0.27
1070,1908,3,-0.935,0.718,-0.192,0.372,-0.670,0.359,-0.506,0.303,-0.379,0.231,13.30,0.27
1071,1908,4,-1.597,0.695,-0.176,0.370,-0.638,0.354,-0.501,0.305,-0.380,0.231,13.30,0.27
1072,1908,5,0.880,0.759,-0.238,0.380,-0.648,0.353,-0.504,0.305,-0.380,0.231,13.30,0.27
1073,1908,6,-0.609,0.745,-0.299,0.363,-0.626,0.357,-0.494,0.303,-0.387,0.230,13.30,0.27
1074,1908,7,0.033,0.493,-0.463,0.337,-0.644,0.353,-0.488,0.297,-0.386,0.230,13.30,0.27
1075,1908,8,-0.033,0.671,-0.495,0.326,-0.617,0.354,-0.476,0.292,-0.388,0.230,13.30,0.27
1076,1908,9,0.313,0.501,-0.423,0.311,-0.605,0.356,-0.472,0.280,-0.389,0.235,13.30,0.27
1077,1908,10,0.545,0.880,-0.281,0.315,-0.606,0.352,-0.470,0.278,-0.395,0.238,13.30,0.27
1078,1908,11,0.440,0.923,-0.392,0.328,-0.603,0.353,-0.459,0.277,-0.397,0.238,13.30,0.27
1079,1908,12,-0.712,0.582,-0.411,0.331,-0.586,0.351,-0.461,0.273,-0.396,0.234,13.30,0.27
1080,1909,1,-1.971,0.735,-0.549,0.350,-0.581,0.348,-0.462,0.274,-0.397,0.233,13.30,0.27
1081,1909,2,-2.299,0.579,-0.580,0.363,-0.567,0.328,-0.461,0.274,-0.398,0.236,13.30,0.27
1082,1909,3,-0.067,0.780,-0.625,0.385,-0.568,0.314,-0.460,0.272,-0.398,0.237,13.30,0.27
1083,1909,4,0.107,0.496,-0.621,0.375,-0.544,0.312,-0.462,0.269,-0.398,0.237,13.30,0.27
1084,1909,5,-0.448,0.714,-0.602,0.416,-0.560,0.309,-0.455,0.274,-0.407,0.234,13.30,0.27
1085,1909,6,-0.835,0.593,-0.587,0.449,-0.515,0.302,-0.467,0.279,-0.407,0.232,13.30,0.27
1086,1909,7,-1.632,0.677,-0.481,0.463,-0.481,0.300,-0.477,0.282,-0.402,0.232,13.30,0.27
1087,1909,8,-0.405,0.555,-0.419,0.481,-0.421,0.297,-0.486,0.284,-0.407,0.231,13.30,0.27
1088,1909,9,-0.217,0.844,-0.514,0.484,-0.374,0.286,-0.491,0.282,-0.410,0.230,13.30,0.27
1089,1909,10,0.592,1.180,-0.569,0.502,-0.363,0.287,-0.487,0.280,-0.422,0.230,13.30,0.27
1090,1909,11,0.658,1.195,-0.665,0.562,-0.345,0.295,-0.475,0.280,-0.427,0.228,13.30,0.27
1091,1909,12,-0.528,1.110,-0.731,0.610,-0.343,0.305,-0.474,0.277,-0.431,0.228,13.30,0.27
1092,1910,1,-0.695,0.864,-0.621,0.601,-0.331,0.306,-0.450,0.273,-0.432,0.226,13.30,0.27
1093,1910,2,-1.554,0.798,-0.663,0.618,-0.309,0.298,-0.432,0.270,-0.439,0.226,13.30,0.27
1094,1910,3,-1.206,0.548,-0.819,0.622,-0.333,0.298,-0.425,0.268,-0.439,0.226,13.30,0.27
1095,1910,4,-0.557,0.753,-0.782,0.592,-0.340,0.298,-0.431,0.268,-0.432,0.227,13.30,0.27
1096,1910,5,-1.599,0.944,-0.863,0.546,-0.399,0.299,-0.419,0.268,-0.428,0.228,13.30,0.27
1097,1910,6,-1.634,0.852,-0.747,0.520,-0.420,0.296,-0.409,0.269,-0.430,0.227,13.30,0.27
1098,1910,7,-0.304,0.613,-0.820,0.512,-0.401,0.289,-0.411,0.268,-0.424,0.226,13.30,0.27
1099,1910,8,-0.906,0.741,-0.778,0.467,-0.379,0.284,-0.407,0.266,-0.422,0.223,13.30,0.27
1100,1910,9,-2.092,0.481,-0.670,0.452,-0.357,0.280,-0.417,0.265,-0.423,0.222,13.30,0.27
1101,1910,10,1.035,1.161,-0.654,0.425,-0.342,0.277,-0.417,0.261,-0.426,0.221,13.30,0.27
1102,1910,11,-0.319,0.493,-0.605,0.394,-0.366,0.278,-0.422,0.257,-0.421,0.222,13.30,0.27
1103,1910,12,0.861,0.531,-0.491,0.387,-0.363,0.278,-0.423,0.252,-0.422,0.220,13.30,0.27
1104,1911,1,-1.570,0.807,-0.462,0.385,-0.373,0.273,-0.420,0.248,-0.419,0.221,13.30,0.27
1105,1911,2,-1.048,0.623,-0.363,0.386,-0.369,0.269,-0.396,0.247,-0.415,0.220,13.30,0.27
1106,1911,3,0.091,0.494,-0.222,0.420,-0.364,0.260,-0.384,0.246,-0.414,0.222,13.30,0.27
1107,1911,4,-0.369,0.553,-0.223,0.372,-0.362,0.260,-0.387,0.245,-0.422,0.222,13.30,0.27
1108,1911,5,-1.001,0.911,-0.175,0.392,-0.363,0.262,-0.377,0.244,-0.418,0.221,13.30,0.27
1109,1911,6,-0.273,0.802,-0.156,0.388,-0.360,0.264,-0.362,0.238,-0.425,0.220,13.30,0.27
1110,1911,7,0.042,0.588,-0.004,0.371,-0.348,0.270,-0.350,0.236,-0.428,0.217,13.30,0.27
1111,1911,8,0.282,1.046,0.191,0.389,-0.308,0.270,-0.351,0.230,-0.428,0.216,13.30,0.27
1112,1911,9,-0.400,0.857,0.224,0.366,-0.307,0.264,-0.358,0.225,-0.429,0.217,13.30,0.27
1113,1911,10,1.033,0.698,0.245,0.364,-0.301,0.260,-0.359,0.221,-0.428,0.215,13.30,0.27
1114,1911,11,0.249,0.768,0.357,0.353,-0.284,0.263,-0.377,0.218,-0.429,0.215,13.30,0.27
1115,1911,12,1.096,0.772,0.269,0.345,-0.281,0.267,-0.360,0.210,-0.426,0.215,13.30,0.27
1116,1912,1,0.248,0.585,0.331,0.332,-0.264,0.267,-0.349,0.207,-0.423,0.214,13.30,0.27
1117,1912,2,1.299,0.402,0.325,0.286,-0.278,0.270,-0.323,0.206,-0.426,0.216,13.30,0.27
1118,1912,3,0.479,0.624,0.192,0.263,-0.291,0.268,-0.310,0.202,-0.422,0.218,13.30,0.27
1119,1912,4,-0.117,0.592,0.103,0.284,-0.307,0.264,-0.313,0.201,-0.427,0.221,13.30,0.27
1120,1912,5,0.342,0.589,-0.113,0.262,-0.320,0.264,-0.303,0.205,-0.421,0.221,13.30,0.27
1121,1912,6,-1.328,0.649,-0.308,0.247,-0.326,0.259,-0.293,0.207,-0.417,0.220,13.30,0.27
1122,1912,7,0.794,0.549,-0.236,0.231,-0.315,0.262,-0.299,0.210,-0.422,0.223,13.30,0.27
1123,1912,8,0.205,0.431,-0.396,0.248,-0.307,0.259,-0.287,0.209,-0.422,0.227,13.30,0.27
1124,1912,9,-1.999,0.724,-0.401,0.293,-0.284,0.260,-0.285,0.209,-0.423,0.229,13.30,0.27
1125,1912,10,-0.030,0.784,-0.452,0.272,-0.282,0.256,-0.292,0.207,-0.421,0.233,13.30,0.27
1126,1912,11,-2.351,0.533,-0.523,0.270,-0.240,0.257,-0.317,0.207,-0.422,0.235,13.30,0.27
1127,1912,12,-1.240,0.551,-0.450,0.262,-0.210,0.262,-0.339,0.207,-0.428,0.239,13.30,0.27
1128,1913,1,1.108,0.632,-0.564,0.294,-0.198,0.263,-0.348,0.206,-0.438,0.245,13.30,0.27
1129,1913,2,-0.611,0.579,-0.563,0.328,-0.185,0.261,-0.343,0.204,-0.436,0.246,13.30,0.27
1130,1913,3,0.416,0.515,-0.347,0.268,-0.163,0.257,-0.347,0.200,-0.437,0.248,13.30,0.27
1131,1913,4,-0.727,0.439,-0.290,0.258,-0.196,0.255,-0.339,0.201,-0.433,0.250,13.30,0.27
1132,1913,5,-0.515,0.524,-0.062,0.246,-0.195,0.261,-0.354,0.201,-0.437,0.251,13.30,0.27
1133,1913,6,-0.453,0.535,-0.004,0.256,-0.220,0.264,-0.362,0.201,-0.442,0.249,13.30,0.27
1134,1913,7,-0.574,0.728,-0.198,0.267,-0.195,0.255,-0.365,0.203,-0.440,0.247,13.30,0.27
1135,1913,8,0.224,1.135,-0.141,0.310,-0.174,0.257,-0.374,0.203,-0.438,0.247,13.30,0.27
1136,1913,9,0.584,1.049,-0.176,0.313,-0.163,0.256,-0.382,0.209,-0.442,0.247,13.30,0.27
1137,1913,10,0.656,0.841,-0.077,0.335,-0.167,0.258,-0.394,0.211,-0.442,0.246,13.30,0.27
1138,1913,11,0.387,1.001,0.015,0.279,-0.152,0.258,-0.399,0.215,-0.437,0.247,13.30,0.27
1139,1913,12,-0.542,0.697,-0.003,0.288,-0.139,0.251,-0.395,0.210,-0.443,0.247,13.30,0.27
1140,1914,1,-1.222,0.782,-0.006,0.341,-0.120,0.252,-0.382,0.208,-0.444,0.246,13.30,0.27
1141,1914,2,0.076,1.118,-0.128,0.441,-0.135,0.244,-0.355,0.214,-0.448,0.247,13.30,0.27
1142,1914,3,-0.003,0.506,-0.258,0.456,-0.147,0.237,-0.355,0.216,-0.446,0.248,13.30,0.27
1143,1914,4,0.461,0.447,-0.346,0.423,-0.174,0.238,-0.357,0.216,-0.449,0.248,13.30,0.27
1144,1914,5,0.580,0.940,-0.387,0.408,-0.194,0.231,-0.366,0.214,-0.443,0.248,13.30,0.27
1145,1914,6,-0.666,0.954,-0.414,0.382,-0.204,0.229,-0.364,0.211,-0.446,0.249,13.30,0.27
1146,1914,7,-0.611,0.845,-0.314,0.344,-0.216,0.227,-0.349,0.211,-0.448,0.251,13.30,0.27
1147,1914,8,-1.237,0.837,-0.414,0.302,-0.225,0.231,-0.359,0.208,-0.447,0.253,13.30,0.27
1148,1914,9,-0.973,0.924,-0.396,0.335,-0.246,0.232,-0.358,0.207,-0.440,0.252,13.30,0.27
1149,1914,10,-0.401,0.398,-0.472,0.331,-0.263,0.238,-0.368,0.204,-0.434,0.252,13.30,0.27
1150,1914,11,-0.104,0.744,-0.443,0.391,-0.260,0.241,-0.376,0.201,-0.427,0.251,13.30,0.27
1151,1914,12,-0.875,0.546,-0.374,0.469,-0.244,0.245,-0.385,0.200,-0.424,0.247,13.30,0.27
1152,1915,1,-0.017,0.607,-0.291,0.432,-0.268,0.242,-0.386,0.199,-0.419,0.244,13.30,0.27
1153,1915,2,-1.121,0.546,-0.197,0.405,-0.264,0.242,-0.373,0.197,-0.408,0.240,13.30,0.27
1154,1915,3,0.207,0.790,-0.181,0.339,-0.237,0.245,-0.367,0.200,-0.412,0.238,13.30,0.27
1155,1915,4,-0.442,0.531,-0.224,0.384,-0.244,0.251,-0.357,0.203,-0.415,0.236,13.30,0.27
1156,1915,5,0.919,0.710,-0.239,0.419,-0.236,0.254,-0.338,0.205,-0.417,0.237,13.30,0.27
1157,1915,6,0.167,0.830,-0.216,0.452,-0.259,0.257,-0.325,0.205,-0.413,0.236,13.30,0.27
1158,1915,7,0.386,0.635,-0.223,0.456,-0.294,0.256,-0.320,0.203,-0.416,0.237,13.30,0.27
1159,1915,8,-0.114,0.678,-0.113,0.463,-0.307,0.256,-0.312,0.198,-0.414,0.237,13.30,0.27
1160,1915,9,-0.772,0.640,-0.064,0.455,-0.336,0.254,-0.295,0.197,-0.413,0.238,13.30,0.27
1161,1915,10,-0.926,1.321,-0.079,0.461,-0.335,0.261,-0.297,0.195,-0.413,0.237,13.30,0.27
1162,1915,11,-0.284,1.146,-0.163,0.432,-0.342,0.257,-0.293,0.197,-0.413,0.236,13.30,0.27
1163,1915,12,-0.591,0.993,-0.135,0.411,-0.361,0.264,-0.310,0.196,-0.413,0.234,13.30,0.27
1164,1916,1,-0.101,0.702,-0.068,0.408,-0.357,0.273,-0.302,0.198,-0.410,0.232,13.30,0.27
1165,1916,2,0.189,0.555,-0.113,0.392,-0.380,0.288,-0.295,0.196,-0.397,0.233,13.30,0.27
1166,1916,3,0.805,0.647,-0.141,0.417,-0.400,0.277,-0.297,0.198,-0.395,0.233,13.30,0.27
1167,1916,4,-0.621,0.624,-0.115,0.384,-0.425,0.270,-0.302,0.199,-0.393,0.231,13.30,0.27
1168,1916,5,-0.093,0.503,-0.170,0.368,-0.436,0.260,-0.294,0.203,-0.392,0.231,13.30,0.27
1169,1916,6,0.507,1.415,-0.080,0.393,-0.429,0.256,-0.305,0.204,-0.390,0.228,13.30,0.27
1170,1916,7,1.188,0.574,-0.110,0.380,-0.416,0.252,-0.306,0.202,-0.393,0.227,13.30,0.27
1171,1916,8,-0.660,0.535,-0.063,0.444,-0.401,0.260,-0.311,0.199,-0.395,0.225,13.30,0.27
1172,1916,9,-1.103,0.714,-0.195,0.485,-0.403,0.269,-0.303,0.198,-0.393,0.222,13.30,0.27
1173,1916,10,-0.619,0.404,-0.236,0.573,-0.412,0.276,-0.312,0.197,-0.385,0.221,13.30,0.27
1174,1916,11,-0.935,0.603,-0.186,0.554,-0.448,0.281,-0.317,0.194,-0.381,0.221,13.30,0.27
1175,1916,12,0.487,1.253,-0.258,0.469,-0.446,0.288,-0.331,0.196,-0.380,0.219,13.30,0.27
1176,1917,1,-0.459,0.805,-0.411,0.444,-0.434,0.283,-0.341,0.196,-0.378,0.217,13.30,0.27
1177,1917,2,0.753,1.191,-0.319,0.437,-0.439,0.274,-0.352,0.201,-0.374,0.216,13.30,0.27
1178,1917,3,-0.784,0.891,-0.258,0.423,-0.424,0.266,-0.351,0.203,-0.362,0.215,13.30,0.27
1179,1917,4,-1.117,1.012,-0.243,0.451,-0.429,0.264,-0.346,0.205,-0.361,0.215,13.30,0.27
1180,1917,5,0.516,0.605,-0.320,0.440,-0.432,0.261,-0.354,0.206,-0.354,0.218,13.30,0.27
1181,1917,6,-0.366,0.396,-0.581,0.404,-0.444,0.259,-0.342,0.207,-0.345,0.220,13.30,0.27
1182,1917,7,-0.642,0.579,-0.628,0.398,-0.457,0.260,-0.353,0.212,-0.341,0.223,13.30,0.27
1183,1917,8,0.437,0.428,-0.802,0.341,-0.438,0.259,-0.355,0.219,-0.335,0.223,13.30,0.27
1184,1917,9,-0.370,0.665,-0.851,0.274,-0.450,0.266,-0.345,0.223,-0.330,0.224,13.30,0.27
1185,1917,10,-0.431,0.687,-0.811,0.223,-0.433,0.275,-0.340,0.229,-0.334,0.225,13.30,0.27
1186,1917,11,-1.864,0.554,-0.933,0.200,-0.436,0.275,-0.322,0.234,-0.333,0.226,13.30,0.27
1187,1917,12,-2.644,0.671,-1.035,0.207,-0.441,0.270,-0.326,0.240,-0.330,0.226,13.30,0.27
1188,1918,1,-1.021,0.818,-1.007,0.216,-0.442,0.269,-0.351,0.250,-0.327,0.225,13.30,0.27
1189,1918,2,-1.334,0.817,-1.143,0.239,-0.440,0.261,-0.354,0.254,-0.320,0.224,13.30,0.27
1190,1918,3,-1.374,0.661,-1.164,0.309,-0.427,0.259,-0.367,0.260,-0.316,0.221,13.30,0.27
1191,1918,4,-0.638,0.697,-1.195,0.422,-0.398,0.252,-0.365,0.266,-0.307,0.219,13.30,0.27
1192,1918,5,-0.948,1.035,-1.062,0.520,-0.390,0.253,-0.370,0.268,-0.315,0.219,13.30,0.27
1193,1918,6,-1.593,0.655,-0.853,0.477,-0.400,0.252,-0.389,0.271,-0.315,0.221,13.30,0.27
1194,1918,7,-0.308,0.777,-0.806,0.495,-0.409,0.257,-0.392,0.275,-0.316,0.223,13.30,0.27
1195,1918,8,-1.186,0.766,-0.612,0.562,-0.416,0.257,-0.399,0.285,-0.311,0.226,13.30,0.27
1196,1918,9,-0.629,2.250,-0.509,0.614,-0.431,0.262,-0.411,0.287,-0.310,0.228,13.30,0.27
1197,1918,10,-0.803,1.316,-0.464,0.633,-0.437,0.267,-0.415,0.281,-0.305,0.228,13.30,0.27
1198,1918,11,-0.266,1.467,-0.517,0.592,-0.436,0.266,-0.414,0.279,-0.310,0.228,13.30,0.27
1199,1918,12,-0.136,1.036,-0.426,0.572,-0.472,0.260,-0.425,0.279,-0.311,0.227,13.30,0.27
1200,1919,1,-0.459,0.866,-0.392,0.547,-0.493,0.257,-0.426,0.278,-0.310,0.226,13.30,0.27
1201,1919,2,0.993,1.008,-0.424,0.554,-0.486,0.254,-0.435,0.280,-0.310,0.225,13.30,0.27
1202,1919,3,-0.137,1.023,-0.378,0.495,-0.459,0.250,-0.432,0.283,-0.312,0.223,13.30,0.27
1203,1919,4,-0.098,0.547,-0.369,0.487,-0.449,0.257,-0.435,0.284,-0.314,0.224,13.30,0.27
1204,1919,5,-1.587,0.909,-0.370,0.482,-0.441,0.256,-0.431,0.285,-0.315,0.226,13.30,0.27
1205,1919,6,-0.495,0.614,-0.489,0.457,-0.458,0.266,-0.424,0.288,-0.314,0.227,13.30,0.27
1206,1919,7,0.092,0.671,-0.517,0.393,-0.465,0.265,-0.418,0.287,-0.310,0.228,13.30,0.27
1207,1919,8,-1.567,0.636,-0.598,0.318,-0.478,0.268,-0.408,0.285,-0.312,0.229,13.30,0.27
1208,1919,9,-0.072,0.737,-0.631,0.287,-0.456,0.268,-0.390,0.280,-0.313,0.230,13.30,0.27
1209,1919,10,-0.703,0.637,-0.574,0.277,-0.430,0.269,-0.381,0.279,-0.320,0.228,13.30,0.27
1210,1919,11,-0.270,0.502,-0.382,0.262,-0.447,0.266,-0.379,0.277,-0.326,0.226,13.30,0.27
1211,1919,12,-1.565,0.560,-0.351,0.252,-0.440,0.264,-0.375,0.273,-0.324,0.224,13.30,0.27
1212,1920,1,-0.795,0.657,-0.330,0.228,-0.438,0.265,-0.387,0.270,-0.318,0.224,13.30,0.27
1213,1920,2,0.019,0.532,-0.199,0.206,-0.446,0.279,-0.383,0.268,-0.312,0.222,13.30,0.27
1214,1920,3,-0.536,0.654,-0.192,0.200,-0.452,0.287,-0.399,0.269,-0.301,0.221,13.30,0.27
1215,1920,4,0.585,0.927,-0.070,0.216,-0.436,0.303,-0.400,0.268,-0.298,0.222,13.30,0.27
1216,1920,5,0.721,0.640,-0.029,0.248,-0.408,0.312,-0.415,0.269,-0.293,0.222,13.30,0.27
1217,1920,6,-0.120,0.565,0.004,0.259,-0.394,0.329,-0.417,0.266,-0.283,0.223,13.30,0.27
1218,1920,7,0.339,0.476,0.015,0.302,-0.408,0.353,-0.421,0.268,-0.276,0.223,13.30,0.27
1219,1920,8,0.013,0.581,-0.007,0.329,-0.401,0.363,-0.420,0.270,-0.275,0.223,13.30,0.27
1220,1920,9,0.011,0.621,0.029,0.327,-0.399,0.376,-0.410,0.273,-0.270,0.224,13.30,0.27
1221,1920,10,0.762,0.711,-0.100,0.306,-0.395,0.383,-0.408,0.272,-0.274,0.225,13.30,0.27
1222,1920,11,0.222,0.613,-0.160,0.291,-0.397,0.378,-0.405,0.273,-0.274,0.225,13.30,0.27
1223,1920,12,-1.178,0.466,-0.291,0.292,-0.417,0.375,-0.403,0.272,-0.274,0.224,13.30,0.27
1224,1921,1,-0.664,1.053,-0.323,0.261,-0.427,0.366,-0.400,0.270,-0.266,0.223,13.30,0.27
1225,1921,2,-0.244,0.837,-0.347,0.281,-0.418,0.372,-0.397,0.272,-0.271,0.223,13.30,0.27
1226,1921,3,-0.096,0.589,-0.304,0.275,-0.422,0.358,-0.406,0.274,-0.263,0.223,13.30,0.27
1227,1921,4,-0.972,0.704,-0.367,0.287,-0.405,0.345,-0.399,0.273,-0.260,0.222,13.30,0.27
1228,1921,5,0.013,0.537,-0.423,0.267,-0.392,0.343,-0.407,0.271,-0.256,0.225,13.30,0.27
1229,1921,6,-1.700,0.645,-0.373,0.303,-0.421,0.356,-0.417,0.267,-0.250,0.227,13.30,0.27
1230,1921,7,-0.043,0.605,-0.389,0.286,-0.436,0.353,-0.435,0.267,-0.244,0.228,13.30,0.27
1231,1921,8,-0.272,0.544,-0.370,0.347,-0.469,0.347,-0.440,0.265,-0.240,0.229,13.30,0.27
1232,1921,9,0.529,0.798,-0.318,0.365,-0.461,0.337,-0.429,0.265,-0.236,0.229,13.30,0.27
1233,1921,10,-0.004,0.884,-0.199,0.364,-0.459,0.332,-0.410,0.266,-0.238,0.230,13.30,0.27
1234,1921,11,-0.447,0.512,-0.244,0.366,-0.413,0.332,-0.384,0.268,-0.234,0.229,13.30,0.27
1235,1921,12,-0.574,0.797,-0.094,0.364,-0.402,0.336,-0.401,0.272,-0.241,0.228,13.30,0.27
1236,1922,1,-0.852,0.685,-0.137,0.376,-0.402,0.340,-0.407,0.271,-0.244,0.226,13.30,0.27
1237,1922,2,-0.022,0.892,-0.119,0.442,-0.376,0.348,-0.424,0.268,-0.255,0.225,13.30,0.27
1238,1922,3,0.529,0.737,-0.223,0.475,-0.355,0.351,-0.413,0.265,-0.256,0.225,13.30,0.27
1239,1922,4,0.457,0.818,-0.180,0.533,-0.332,0.355,-0.408,0.265,-0.257,0.227,13.30,0.27
1240,1922,5,-0.526,0.605,-0.157,0.564,-0.326,0.356,-0.406,0.266,-0.258,0.227,13.30,0.27
1241,1922,6,0.092,0.662,-0.258,0.624,-0.306,0.351,-0.397,0.269,-0.253,0.227,13.30,0.27
1242,1922,7,-0.559,0.865,-0.344,0.744,-0.318,0.345,-0.382,0.271,-0.256,0.228,13.30,0.27
1243,1922,8,-0.052,1.499,-0.418,0.749,-0.329,0.339,-0.383,0.272,-0.261,0.230,13.30,0.27
1244,1922,9,-0.723,0.910,-0.564,0.788,-0.347,0.330,-0.375,0.274,-0.248,0.230,13.30,0.27
1245,1922,10,0.521,0.902,-0.638,0.797,-0.367,0.320,-0.377,0.278,-0.243,0.232,13.30,0.27
1246,1922,11,-0.169,0.667,-0.684,0.830,-0.395,0.320,-0.349,0.279,-0.233,0.234,13.30,0.27
1247,1922,12,-1.796,1.574,-0.924,0.821,-0.393,0.323,-0.321,0.280,-0.223,0.233,13.30,0.27
1248,1923,1,-1.883,2.114,-0.952,0.770,-0.401,0.330,-0.307,0.279,-0.232,0.233,13.30,0.27
1249,1923,2,-0.908,0.737,-0.999,0.727,-0.400,0.343,-0.297,0.279,-0.229,0.233,13.30,0.27
1250,1923,3,-1.221,1.130,-1.014,0.730,-0.393,0.349,-0.286,0.278,-0.230,0.233,13.30,0.27
1251,1923,4,-0.431,0.697,-1.041,0.657,-0.418,0.353,-0.275,0.276,-0.228,0.233,13.30,0.27
1252,1923,5,-1.084,0.531,-0.981,0.659,-0.419,0.348,-0.276,0.274,-0.225,0.235,13.30,0.27
1253,1923,6,-2.781,0.707,-0.991,0.578,-0.405,0.346,-0.268,0.274,-0.226,0.236,13.30,0.27
1254,1923,7,-0.900,0.505,-0.946,0.422,-0.391,0.337,-0.267,0.276,-0.225,0.240,13.30,0.27
1255,1923,8,-0.617,0.866,-0.954,0.429,-0.378,0.341,-0.248,0.283,-0.228,0.243,13.30,0.27
1256,1923,9,-0.902,0.869,-0.822,0.391,-0.380,0.335,-0.238,0.276,-0.229,0.243,13.30,0.27
1257,1923,10,0.202,0.635,-0.781,0.362,-0.361,0.328,-0.217,0.272,-0.224,0.243,13.30,0.27
1258,1923,11,0.543,0.742,-0.597,0.356,-0.379,0.324,-0.220,0.269,-0.224,0.241,13.30,0.27
1259,1923,12,-1.905,0.684,-0.350,0.369,-0.363,0.322,-0.227,0.271,-0.223,0.241,13.30,0.27
1260,1924,1,-1.352,0.508,-0.267,0.410,-0.377,0.327,-0.239,0.270,-0.223,0.241,13.30,0.27
1261,1924,2,-0.998,0.901,-0.217,0.394,-0.393,0.328,-0.264,0.262,-0.231,0.242,13.30,0.27
1262,1924,3,0.358,0.528,-0.041,0.363,-0.399,0.325,-0.269,0.255,-0.237,0.244,13.30,0.27
1263,1924,4,0.066,0.411,-0.002,0.370,-0.372,0.327,-0.270,0.256,-0.238,0.246,13.30,0.27
1264,1924,5,1.122,0.671,-0.041,0.330,-0.328,0.330,-0.263,0.259,-0.241,0.246,13.30,0.27
1265,1924,6,0.180,0.601,0.091,0.295,-0.343,0.325,-0.264,0.263,-0.236,0.246,13.30,0.27
1266,1924,7,0.098,0.623,0.073,0.253,-0.350,0.316,-0.271,0.265,-0.232,0.245,13.30,0.27
1267,1924,8,-0.019,0.510,0.105,0.260,-0.371,0.308,-0.264,0.271,-0.223,0.244,13.30,0.27
1268,1924,9,1.216,0.663,-0.061,0.266,-0.371,0.299,-0.268,0.274,-0.220,0.243,13.30,0.27
1269,1924,10,0.664,0.643,-0.118,0.261,-0.387,0.293,-0.271,0.275,-0.218,0.243,13.30,0.27
1270,1924,11,0.077,0.455,-0.289,0.294,-0.365,0.303,-0.276,0.277,-0.211,0.243,13.30,0.27
1271,1924,12,-0.324,0.775,-0.306,0.344,-0.354,0.312,-0.264,0.276,-0.202,0.244,13.30,0.27
1272,1925,1,-1.565,0.985,-0.323,0.344,-0.326,0.312,-0.251,0.279,-0.212,0.245,13.30,0.27
1273,1925,2,-0.607,0.937,-0.319,0.337,-0.320,0.295,-0.251,0.278,-0.212,0.245,13.30,0.27
1274,1925,3,-1.641,0.452,-0.384,0.311,-0.297,0.290,-0.234,0.274,-0.215,0.247,13.30,0.27
1275,1925,4,-0.615,0.362,-0.501,0.268,-0.317,0.282,-0.239,0.272,-0.216,0.248,13.30,0.27
1276,1925,5,-0.930,0.617,-0.493,0.288,-0.290,0.274,-0.247,0.271,-0.222,0.248,13.30,0.27
1277,1925,6,-0.027,0.549,-0.496,0.294,-0.248,0.263,-0.240,0.274,-0.221,0.249,13.30,0.27
1278,1925,7,-0.102,0.509,-0.347,0.303,-0.206,0.246,-0.233,0.275,-0.221,0.249,13.30,0.27
1279,1925,8,0.029,0.720,-0.255,0.323,-0.193,0.238,-0.237,0.280,-0.217,0.247,13.30,0.27
1280,1925,9,0.429,0.730,-0.133,0.333,-0.174,0.231,-0.246,0.282,-0.212,0.247,13.30,0.27
1281,1925,10,-0.736,0.539,-0.068,0.327,-0.154,0.223,-0.251,0.284,-0.204,0.247,13.30,0.27
1282,1925,11,0.168,0.611,-0.082,0.285,-0.156,0.222,-0.256,0.282,-0.200,0.248,13.30,0.27
1283,1925,12,-0.355,0.863,-0.139,0.259,-0.120,0.224,-0.238,0.281,-0.199,0.249,13.30,0.27
1284,1926,1,0.224,0.471,-0.205,0.253,-0.107,0.230,-0.230,0.278,-0.197,0.248,13.30,0.27
1285,1926,2,0.493,0.519,-0.312,0.237,-0.079,0.236,-0.246,0.279,-0.192,0.249,13.30,0.27
1286,1926,3,-0.178,0.568,-0.331,0.200,-0.053,0.235,-0.230,0.275,-0.193,0.248,13.30,0.27
1287,1926,4,0.166,0.541,-0.135,0.209,-0.028,0.233,-0.217,0.272,-0.189,0.247,13.30,0.27
1288,1926,5,-1.096,0.416,0.033,0.220,-0.049,0.229,-0.219,0.273,-0.192,0.246,13.30,0.27
1289,1926,6,-0.710,0.540,-0.059,0.199,-0.033,0.226,-0.195,0.277,-0.197,0.245,13.30,0.27
1290,1926,7,-0.896,0.210,-0.183,0.198,-0.041,0.226,-0.183,0.282,-0.200,0.247,13.30,0.27
1291,1926,8,-1.251,0.285,-0.334,0.208,-0.059,0.221,-0.169,0.286,-0.201,0.246,13.30,0.27
1292,1926,9,0.203,0.256,-0.272,0.207,-0.077,0.216,-0.170,0.285,-0.198,0.246,13.30,0.27
1293,1926,10,1.616,0.783,-0.330,0.206,-0.082,0.215,-0.165,0.289,-0.198,0.246,13.30,0.27
1294,1926,11,2.175,0.673,-0.171,0.212,-0.112,0.221,-0.150,0.289,-0.198,0.248,13.30,0.27
1295,1926,12,-1.453,0.464,-0.049,0.243,-0.126,0.224,-0.151,0.285,-0.203,0.250,13.30,0.27
1296,1927,1,-1.271,0.261,0.119,0.269,-0.140,0.225,-0.148,0.281,-0.201,0.252,13.30,0.27
1297,1927,2,-1.310,0.396,0.245,0.280,-0.152,0.232,-0.159,0.274,-0.203,0.250,13.30,0.27
1298,1927,3,0.558,0.418,0.286,0.300,-0.181,0.237,-0.161,0.271,-0.198,0.250,13.30,0.27
1299,1927,4,-0.524,0.299,0.092,0.304,-0.210,0.234,-0.168,0.269,-0.194,0.248,13.30,0.27
1300,1927,5,0.812,0.673,0.035,0.275,-0.226,0.235,-0.163,0.270,-0.197,0.248,13.30,0.27
1301,1927,6,0.755,0.612,0.217,0.277,-0.223,0.235,-0.163,0.269,-0.187,0.247,13.30,0.27
1302,1927,7,1.115,0.574,0.374,0.276,-0.183,0.249,-0.158,0.266,-0.185,0.247,13.30,0.27
1303,1927,8,0.269,0.346,0.472,0.254,-0.173,0.245,-0.168,0.261,-0.182,0.248,13.30,0.27
1304,1927,9,0.685,0.532,0.418,0.248,-0.121,0.245,-0.151,0.257,-0.175,0.247,13.30,0.27
1305,1927,10,-0.710,0.609,0.526,0.237,-0.111,0.249,-0.146,0.255,-0.166,0.248,13.30,0.27
1306,1927,11,1.491,0.721,0.361,0.237,-0.100,0.244,-0.144,0.253,-0.150,0.248,13.30,0.27
1307,1927,12,0.733,0.703,0.246,0.251,-0.086,0.244,-0.120,0.245,-0.145,0.249,13.30,0.27
1308,1928,1,0.612,0.457,0.144,0.262,-0.065,0.240,-0.113,0.237,-0.144,0.247,13.30,0.27
1309,1928,2,-0.129,0.434,0.209,0.297,-0.074,0.240,-0.105,0.234,-0.148,0.248,13.30,0.27
1310,1928,3,-0.093,0.529,0.203,0.311,-0.098,0.235,-0.092,0.231,-0.149,0.248,13.30,0.27
1311,1928,4,0.775,0.893,0.405,0.334,-0.083,0.233,-0.090,0.229,-0.152,0.246,13.30,0.27
1312,1928,5,-1.171,0.558,0.223,0.315,-0.093,0.233,-0.081,0.228,-0.152,0.244,13.30,0.27
1313,1928,6,-0.620,0.543,0.085,0.314,-0.070,0.231,-0.064,0.229,-0.147,0.243,13.30,0.27
1314,1928,7,-0.119,0.829,-0.120,0.333,-0.069,0.234,-0.057,0.230,-0.146,0.242,13.30,0.27
1315,1928,8,1.051,1.137,-0.286,0.330,-0.113,0.230,-0.058,0.229,-0.138,0.244,13.30,0.27
1316,1928,9,0.620,0.797,-0.338,0.330,-0.080,0.227,-0.047,0.225,-0.130,0.239,13.30,0.27
1317,1928,10,1.710,0.445,-0.421,0.343,-0.073,0.228,-0.033,0.227,-0.119,0.237,13.30,0.27
1318,1928,11,-0.693,0.644,-0.380,0.374,-0.058,0.234,-0.035,0.224,-0.112,0.234,13.30,0.27
1319,1928,12,-0.926,0.507,-0.383,0.385,-0.028,0.245,-0.021,0.225,-0.110,0.234,13.30,0.27
1320,1929,1,-1.850,0.367,-0.433,0.375,0.012,0.249,-0.020,0.226,-0.108,0.235,13.30,0.27
1321,1929,2,-2.115,0.455,-0.584,0.355,0.056,0.256,-0.027,0.224,-0.110,0.234,13.30,0.27
1322,1929,3,-0.713,0.419,-0.679,0.370,0.059,0.255,-0.042,0.225,-0.118,0.231,13.30,0.27
1323,1929,4,-0.223,0.773,-0.910,0.386,0.042,0.263,-0.040,0.228,-0.119,0.230,13.30,0.27
1324,1929,5,-0.677,0.658,-0.927,0.378,0.028,0.260,-0.051,0.229,-0.120,0.229,13.30,0.27
1325,1929,6,-0.662,0.672,-0.861,0.356,0.041,0.258,-0.048,0.229,-0.124,0.229,13.30,0.27
1326,1929,7,-0.721,0.889,-0.639,0.372,0.055,0.255,-0.045,0.227,-0.119,0.230,13.30,0.27
1327,1929,8,-0.763,1.064,-0.460,0.347,0.054,0.251,-0.038,0.226,-0.111,0.231,13.30,0.27
1328,1929,9,-0.516,0.917,-0.281,0.341,0.050,0.255,-0.051,0.226,-0.109,0.231,13.30,0.27
1329,1929,10,-1.063,0.403,-0.263,0.353,0.052,0.257,-0.056,0.225,-0.098,0.234,13.30,0.27
1330,1929,11,-0.892,0.352,-0.228,0.329,0.039,0.252,-0.042,0.226,-0.094,0.236,13.30,0.27
1331,1929,12,-0.137,0.389,-0.108,0.320,0.027,0.239,-0.030,0.230,-0.086,0.237,13.30,0.27
1332,1930,1,0.813,0.692,0.050,0.272,0.009,0.234,-0.036,0.237,-0.083,0.240,13.30,0.27
1333,1930,2,0.026,0.765,0.074,0.254,-0.015,0.241,-0.040,0.237,-0.080,0.242,13.30,0.27
1334,1930,3,1.444,0.468,0.030,0.269,-0.005,0.237,-0.031,0.240,-0.076,0.242,13.30,0.27
1335,1930,4,-0.005,0.587,0.133,0.280,0.026,0.243,-0.031,0.243,-0.083,0.241,13.30,0.27
1336,1930,5,-0.261,0.671,0.169,0.271,0.002,0.250,-0.028,0.241,-0.087,0.242,13.30,0.27
1337,1930,6,0.780,0.708,0.269,0.260,0.007,0.249,-0.026,0.244,-0.094,0.244,13.30,0.27
1338,1930,7,1.169,0.455,0.224,0.282,-0.019,0.256,-0.022,0.242,-0.097,0.244,13.30,0.27
1339,1930,8,-0.471,0.604,0.043,0.330,-0.016,0.260,-0.014,0.238,-0.099,0.246,13.30,0.27
1340,1930,9,-1.039,0.524,0.072,0.337,-0.010,0.268,-0.015,0.234,-0.100,0.247,13.30,0.27
1341,1930,10,0.165,0.437,0.120,0.302,-0.026,0.276,0.001,0.235,-0.098,0.247,13.30,0.27
1342,1930,11,-0.456,0.463,0.127,0.314,-0.006,0.281,0.005,0.237,-0.101,0.246,13.30,0.27
1343,1930,12,1.058,0.356,0.154,0.297,-0.008,0.280,0.004,0.240,-0.106,0.248,13.30,0.27
1344,1931,1,0.278,0.513,0.180,0.303,-0.008,0.275,0.005,0.243,-0.107,0.248,13.30,0.27
1345,1931,2,-2.141,0.518,0.337,0.304,-0.037,0.269,0.013,0.243,-0.103,0.249,13.30,0.27
1346,1931,3,1.791,0.389,0.455,0.286,-0.041,0.263,0.019,0.240,-0.098,0.249,13.30,0.27
1347,1931,4,0.565,0.332,0.490,0.312,-0.038,0.266,0.021,0.240,-0.093,0.249,13.30,0.27
1348,1931,5,-0.171,0.784,0.637,0.298,-0.021,0.268,0.024,0.239,-0.095,0.249,13.30,0.27
1349,1931,6,1.097,0.569,0.496,0.314,-0.010,0.276,0.024,0.242,-0.090,0.249,13.30,0.27
1350,1931,7,1.487,0.496,0.435,0.311,0.000,0.281,0.035,0.246,-0.087,0.253,13.30,0.27
1351,1931,8,1.410,0.633,0.499,0.291,0.006,0.288,0.037,0.247,-0.083,0.254,13.30,0.27
1352,1931,9,0.377,0.564,0.376,0.302,-0.006,0.292,0.032,0.247,-0.091,0.254,13.30,0.27
1353,1931,10,0.588,0.778,0.297,0.310,0.002,0.291,0.014,0.247,-0.092,0.255,13.30,0.27
1354,1931,11,1.311,0.466,0.314,0.272,0.010,0.290,-0.011,0.248,-0.089,0.255,13.30,0.27
1355,1931,12,-0.643,0.497,0.226,0.215,0.031,0.284,-0.006,0.250,-0.092,0.253,13.30,0.27
1356,1932,1,-0.456,0.589,0.105,0.193,0.049,0.277,0.004,0.253,-0.092,0.252,13.30,0.27
1357,1932,2,-1.364,0.402,-0.109,0.196,0.076,0.271,0.019,0.255,-0.097,0.252,13.30,0.27
1358,1932,3,0.306,0.367,-0.034,0.210,0.078,0.269,0.017,0.257,-0.095,0.251,13.30,0.27
1359,1932,4,-0.383,0.542,0.012,0.214,0.098,0.273,0.020,0.253,-0.089,0.249,13.30,0.27
1360,1932,5,0.034,0.293,-0.092,0.248,0.142,0.274,0.011,0.252,-0.083,0.250,13.30,0.27
1361,1932,6,0.049,0.332,0.048,0.260,0.164,0.279,0.022,0.246,-0.082,0.252,13.30,0.27
1362,1932,7,0.032,0.342,0.004,0.295,0.111,0.282,0.012,0.243,-0.082,0.250,13.30,0.27
1363,1932,8,-1.160,0.734,0.122,0.305,0.093,0.290,0.019,0.245,-0.084,0.248,13.30,0.27
1364,1932,9,1.277,0.344,0.122,0.325,0.059,0.302,0.024,0.242,-0.080,0.245,13.30,0.27
1365,1932,10,1.143,0.799,0.135,0.362,0.048,0.300,0.044,0.238,-0.078,0.244,13.30,0.27
1366,1932,11,0.064,0.696,0.139,0.365,0.043,0.297,0.049,0.240,-0.073,0.243,13.30,0.27
1367,1932,12,1.027,0.475,0.071,0.416,0.035,0.299,0.032,0.242,-0.061,0.239,13.30,0.27
1368,1933,1,-0.980,0.759,0.056,0.436,0.022,0.296,0.019,0.239,-0.053,0.236,13.30,0.27
1369,1933,2,0.048,0.458,0.099,0.422,0.046,0.291,0.002,0.239,-0.048,0.236,13.30,0.27
1370,1933,3,0.315,0.538,0.025,0.399,0.069,0.289,-0.012,0.240,-0.040,0.236,13.30,0.27
1371,1933,4,-0.234,0.699,0.084,0.353,0.084,0.289,-0.030,0.241,-0.033,0.236,13.30,0.27
1372,1933,5,0.081,0.372,0.106,0.326,0.103,0.291,-0.028,0.240,-0.029,0.236,13.30,0.27
1373,1933,6,-0.767,0.424,-0.001,0.353,0.079,0.294,-0.025,0.237,-0.020,0.235,13.30,0.27
1374,1933,7,-0.147,0.624,-0.022,0.341,0.080,0.301,-0.026,0.236,-0.014,0.238,13.30,0.27
1375,1933,8,-0.643,0.677,-0.176,0.334,0.138,0.307,-0.027,0.233,-0.012,0.236,13.30,0.27
1376,1933,9,0.386,0.435,-0.320,0.329,0.119,0.300,-0.022,0.231,-0.004,0.232,13.30,0.27
1377,1933,10,1.861,0.595,-0.279,0.342,0.116,0.299,-0.021,0.231,0.001,0.232,13.30,0.27
1378,1933,11,0.323,0.497,-0.302,0.350,0.106,0.290,-0.004,0.229,-0.003,0.232,13.30,0.27
1379,1933,12,-0.252,0.636,-0.190,0.341,0.076,0.285,0.007,0.228,0.011,0.231,13.30,0.27
1380,1934,1,-1.239,0.673,-0.146,0.345,0.058,0.287,0.022,0.232,0.012,0.231,13.30,0.27
1381,1934,2,-1.800,0.341,-0.020,0.349,0.019,0.281,0.044,0.237,0.008,0.230,13.30,0.27
1382,1934,3,-1.415,0.553,-0.084,0.365,0.005,0.282,0.033,0.237,-0.005,0.230,13.30,0.27
1383,1934,4,0.259,0.640,-0.227,0.377,-0.014,0.277,0.032,0.233,-0.001,0.231,13.30,0.27
1384,1934,5,-0.193,0.535,-0.110,0.369,-0.049,0.283,0.022,0.227,-0.002,0.231,13.30,0.27
1385,1934,6,0.579,0.327,0.008,0.358,-0.052,0.288,0.015,0.223,-0.005,0.231,13.30,0.27
1386,1934,7,0.380,0.559,-0.087,0.338,-0.046,0.293,0.033,0.222,-0.004,0.230,13.30,0.27
1387,1934,8,0.864,0.456,-0.026,0.325,-0.015,0.300,0.043,0.219,-0.000,0.229,13.30,0.27
1388,1934,9,-0.371,0.344,0.047,0.343,-0.016,0.302,0.050,0.218,-0.003,0.228,13.30,0.27
1389,1934,10,0.137,0.396,-0.030,0.316,-0.012,0.298,0.074,0.223,-0.006,0.228,13.30,0.27
1390,1934,11,1.728,0.401,-0.062,0.302,-0.016,0.295,0.088,0.225,-0.006,0.228,13.30,0.27
1391,1934,12,1.162,0.527,-0.088,0.340,0.017,0.293,0.093,0.228,-0.008,0.230,13.30,0.27
1392,1935,1,-2.373,0.389,-0.087,0.312,0.015,0.293,0.084,0.233,-0.012,0.234,13.30,0.27
1393,1935,2,-1.066,0.423,-0.075,0.287,0.053,0.290,0.090,0.240,-0.014,0.236,13.30,0.27
1394,1935,3,-0.541,0.698,-0.020,0.290,0.053,0.287,0.083,0.244,-0.012,0.238,13.30,0.27
1395,1935,4,-0.666,0.529,0.061,0.290,0.062,0.271,0.074,0.244,-0.007,0.239,13.30,0.27
1396,1935,5,-0.577,0.393,-0.026,0.302,0.096,0.263,0.074,0.245,0.001,0.239,13.30,0.27
1397,1935,6,0.269,0.798,-0.157,0.289,0.056,0.266,0.052,0.245,0.006,0.239,13.30,0.27
1398,1935,7,0.389,0.589,0.070,0.312,0.057,0.253,0.040,0.244,0.010,0.239,13.30,0.27
1399,1935,8,1.005,0.477,0.272,0.353,0.020,0.248,0.039,0.242,0.017,0.236,13.30,0.27
1400,1935,9,0.299,0.392,0.369,0.298,-0.014,0.237,0.046,0.241,0.014,0.234,13.30,0.27
1401,1935,10,1.100,0.450,0.459,0.299,-0.034,0.229,0.054,0.239,0.014,0.233,13.30,0.27
1402,1935,11,0.682,0.566,0.441,0.299,-0.050,0.224,0.054,0.238,0.016,0.233,13.30,0.27
1403,1935,12,-0.406,0.545,0.363,0.263,-0.043,0.219,0.026,0.242,0.018,0.233,13.30,0.27
1404,1936,1,0.353,0.778,0.361,0.301,-0.044,0.220,0.015,0.245,0.019,0.233,13.30,0.27
1405,1936,2,1.363,0.712,0.200,0.287,-0.018,0.223,0.040,0.246,0.014,0.233,13.30,0.27
1406,1936,3,0.615,0.834,0.140,0.273,-0.004,0.227,0.033,0.249,0.013,0.235,13.30,0.27
1407,1936,4,0.416,0.417,-0.002,0.268,-0.004,0.226,0.031,0.252,0.020,0.235,13.30,0.27
1408,1936,5,-0.791,0.242,-0.122,0.260,0.014,0.222,0.029,0.250,0.027,0.234,13.30,0.27
1409,1936,6,-0.671,0.405,-0.158,0.279,0.023,0.214,0.015,0.247,0.031,0.236,13.30,0.27
1410,1936,7,0.363,0.681,-0.195,0.259,0.044,0.219,0.008,0.248,0.033,0.235,13.30,0.27
1411,1936,8,-0.920,0.508,-0.266,0.260,0.082,0.222,0.003,0.247,0.041,0.236,13.30,0.27
1412,1936,9,-0.422,0.491,-0.299,0.299,0.072,0.220,-0.012,0.246,0.043,0.235,13.30,0.27
1413,1936,10,-0.600,0.500,-0.345,0.284,0.061,0.215,-0.019,0.242,0.041,0.235,13.30,0.27
1414,1936,11,-0.768,0.615,-0.297,0.284,0.034,0.208,-0.029,0.243,0.039,0.233,13.30,0.27
1415,1936,12,-0.835,0.519,-0.069,0.258,0.000,0.204,-0.033,0.241,0.042,0.232,13.30,0.27
1416,1937,1,-0.086,0.687,-0.106,0.224,0.017,0.208,-0.037,0.241,0.046,0.233,13.30,0.27
1417,1937,2,0.506,0.579,0.062,0.235,0.010,0.206,-0.036,0.245,0.059,0.234,13.30,0.27
1418,1937,3,0.216,0.578,0.204,0.261,0.021,0.204,-0.030,0.247,0.065,0.237,13.30,0.27
1419,1937,4,-0.135,0.325,0.392,0.269,0.050,0.209,-0.010,0.245,0.067,0.237,13.30,0.27
1420,1937,5,-0.207,0.731,0.633,0.280,0.035,0.211,-0.003,0.245,0.065,0.237,13.30,0.27
1421,1937,6,2.055,0.956,0.589,0.300,0.022,0.216,-0.001,0.250,0.063,0.237,13.30,0.27
1422,1937,7,-0.080,0.310,0.519,0.358,0.057,0.220,-0.006,0.251,0.065,0.236,13.30,0.27
1423,1937,8,1.105,0.334,0.295,0.375,0.087,0.228,-0.000,0.252,0.070,0.237,13.30,0.27
1424,1937,9,1.270,0.657,0.136,0.364,0.107,0.230,-0.008,0.251,0.073,0.235,13.30,0.27
1425,1937,10,1.662,0.829,0.025,0.368,0.099,0.235,-0.011,0.250,0.082,0.236,13.30,0.27
1426,1937,11,2.121,0.435,-0.029,0.369,0.105,0.242,-0.002,0.250,0.079,0.236,13.30,0.27
1427,1937,12,-1.359,0.579,-0.228,0.341,0.070,0.243,-0.002,0.250,0.073,0.235,13.30,0.27
1428,1938,1,-0.929,0.882,-0.240,0.309,0.058,0.241,0.006,0.252,0.074,0.235,13.30,0.27
1429,1938,2,-2.184,0.537,-0.258,0.292,0.032,0.241,0.008,0.255,0.078,0.237,13.30,0.27
1430,1938,3,-1.691,0.734,-0.258,0.295,0.023,0.246,0.013,0.258,0.076,0.240,13.30,0.27
1431,1938,4,-1.467,0.526,-0.245,0.286,0.024,0.240,0.024,0.259,0.076,0.243,13.30,0.27
1432,1938,5,-0.850,0.466,-0.305,0.284,0.005,0.237,0.023,0.260,0.087,0.244,13.30,0.27
1433,1938,6,-0.337,0.400,-0.167,0.301,-0.027,0.243,0.023,0.258,0.088,0.244,13.30,0.27
1434,1938,7,-0.216,0.572,-0.086,0.245,-0.050,0.246,0.030,0.260,0.084,0.243,13.30,0.27
1435,1938,8,0.886,0.519,0.135,0.258,-0.058,0.250,0.034,0.259,0.077,0.241,13.30,0.27
1436,1938,9,1.268,0.604,0.107,0.266,-0.052,0.255,0.038,0.255,0.073,0.239,13.30,0.27
1437,1938,10,1.818,0.543,0.198,0.271,-0.055,0.260,0.034,0.253,0.073,0.240,13.30,0.27
1438,1938,11,1.406,0.498,0.114,0.248,-0.047,0.264,0.029,0.255,0.076,0.241,13.30,0.27
1439,1938,12,0.295,0.804,0.023,0.233,-0.046,0.259,0.044,0.252,0.081,0.243,13.30,0.27
1440,1939,1,0.039,0.617,0.156,0.258,-0.041,0.261,0.044,0.253,0.090,0.244,13.30,0.27
1441,1939,2,0.468,0.607,0.119,0.253,-0.013,0.265,0.043,0.253,0.096,0.247,13.30,0.27
1442,1939,3,-2.025,0.334,0.040,0.220,-0.030,0.270,0.032,0.254,0.095,0.247,13.30,0.27
1443,1939,4,-0.380,0.606,0.043,0.222,-0.023,0.267,0.039,0.254,0.097,0.246,13.30,0.27
1444,1939,5,-1.851,0.559,-0.006,0.245,-0.009,0.268,0.046,0.256,0.100,0.246,13.30,0.27
1445,1939,6,-1.431,0.486,0.002,0.285,-0.014,0.264,0.037,0.257,0.106,0.246,13.30,0.27
1446,1939,7,1.382,0.696,-0.022,0.289,-0.028,0.268,0.037,0.257,0.110,0.245,13.30,0.27
1447,1939,8,0.443,0.375,-0.000,0.283,-0.058,0.275,0.037,0.256,0.110,0.244,13.30,0.27
1448,1939,9,0.309,0.602,0.221,0.318,-0.045,0.275,0.046,0.255,0.114,0.244,13.30,0.27
1449,1939,10,1.860,0.734,0.157,0.364,-0.008,0.274,0.043,0.254,0.122,0.245,13.30,0.27
1450,1939,11,0.816,0.677,0.295,0.426,0.010,0.269,0.029,0.252,0.128,0.245,13.30,0.27
1451,1939,12,0.390,0.699,0.263,0.502,-0.020,0.269,0.013,0.252,0.137,0.246,13.30,0.27
1452,1940,1,-0.247,0.830,0.117,0.464,-0.027,0.269,0.012,0.252,0.132,0.247,13.30,0.27
1453,1940,2,0.732,0.547,0.034,0.464,-0.054,0.272,0.011,0.255,0.133,0.249,13.30,0.27
1454,1940,3,0.629,0.655,-0.010,0.489,-0.069,0.270,0.006,0.255,0.126,0.250,13.30,0.27
1455,1940,4,-1.143,0.892,-0.069,0.427,-0.084,0.273,0.017,0.255,0.124,0.249,13.30,0.27
1456,1940,5,-0.204,0.625,-0.175,0.390,-0.100,0.277,0.031,0.259,0.129,0.247,13.30,0.27
1457,1940,6,-1.814,1.133,-0.403,0.391,-0.060,0.272,0.038,0.255,0.131,0.245,13.30,0.27
1458,1940,7,-0.367,0.663,-0.467,0.393,-0.044,0.278,0.041,0.256,0.128,0.246,13.30,0.27
1459,1940,8,-0.553,0.375,-0.452,0.394,-0.004,0.287,0.047,0.256,0.132,0.245,13.30,0.27
1460,1940,9,-0.218,0.555,-0.425,0.380,0.039,0.298,0.044,0.257,0.141,0.244,13.30,0.27
1461,1940,10,1.153,0.354,-0.307,0.374,0.083,0.306,0.028,0.254,0.144,0.243,13.30,0.27
1462,1940,11,-0.452,0.411,-0.320,0.357,0.095,0.311,0.028,0.253,0.144,0.244,13.30,0.27
1463,1940,12,-2.354,0.689,-0.218,0.299,0.089,0.310,0.031,0.251,0.135,0.244,13.30,0.27
1464,1941,1,-1.012,0.787,-0.134,0.335,0.104,0.315,0.033,0.250,0.132,0.245,13.30,0.27
1465,1941,2,0.905,0.755,-0.023,0.364,0.085,0.312,0.016,0.251,0.140,0.245,13.30,0.27
1466,1941,3,0.958,0.704,-0.127,0.358,0.080,0.302,0.007,0.255,0.136,0.245,13.30,0.27
1467,1941,4,0.273,0.689,-0.235,0.358,0.073,0.300,0.019,0.254,0.134,0.246,13.30,0.27
1468,1941,5,-0.364,0.421,-0.190,0.371,0.045,0.306,0.031,0.253,0.134,0.244,13.30,0.27
1469,1941,6,-0.589,0.394,-0.091,0.322,0.065,0.307,0.038,0.254,0.131,0.241,13.30,0.27
1470,1941,7,0.645,0.607,-0.086,0.317,0.045,0.304,0.031,0.250,0.127,0.239,13.30,0.27
1471,1941,8,0.773,0.587,-0.265,0.313,0.004,0.301,0.044,0.250,0.123,0.237,13.30,0.27
1472,1941,9,-1.456,0.275,-0.262,0.317,-0.007,0.306,0.054,0.251,0.126,0.236,13.30,0.27
1473,1941,10,-0.150,0.393,-0.113,0.306,0.017,0.309,0.069,0.252,0.119,0.235,13.30,0.27
1474,1941,11,0.088,0.429,-0.012,0.315,0.059,0.318,0.089,0.250,0.115,0.235,13.30,0.27
1475,1941,12,-1.166,0.414,0.060,0.337,0.075,0.325,0.089,0.248,0.114,0.236,13.30,0.27
1476,1942,1,-0.945,0.533,-0.033,0.313,0.058,0.322,0.087,0.249,0.111,0.237,13.30,0.27
1477,1942,2,-1.242,0.689,-0.142,0.302,0.065,0.323,0.098,0.251,0.110,0.238,13.30,0.27
1478,1942,3,0.992,0.655,0.008,0.322,0.070,0.321,0.114,0.253,0.114,0.238,13.30,0.27
1479,1942,4,2.054,0.776,0.087,0.336,0.036,0.315,0.115,0.256,0.118,0.239,13.30,0.27
1480,1942,5,0.850,0.422,0.174,0.364,0.024,0.309,0.118,0.256,0.119,0.239,13.30,0.27
1481,1942,6,0.280,0.547,0.360,0.390,0.004,0.304,0.104,0.259,0.130,0.242,13.30,0.27
1482,1942,7,-0.476,0.348,0.439,0.423,-0.032,0.300,0.118,0.260,0.137,0.243,13.30,0.27
1483,1942,8,-0.534,0.577,0.564,0.426,-0.065,0.298,0.121,0.259,0.149,0.244,13.30,0.27
1484,1942,9,0.346,0.617,0.553,0.423,-0.094,0.296,0.121,0.259,0.152,0.244,13.30,0.27
1485,1942,10,0.794,0.667,0.480,0.424,-0.064,0.294,0.120,0.260,0.155,0.243,13.30,0.27
1486,1942,11,1.129,0.767,0.398,0.425,-0.043,0.296,0.109,0.259,0.154,0.243,13.30,0.27
1487,1942,12,1.075,0.426,0.317,0.387,0.006,0.292,0.115,0.254,0.150,0.243,13.30,0.27
1488,1943,1,-0.000,0.891,0.415,0.416,0.025,0.293,0.128,0.255,0.144,0.241,13.30,0.27
1489,1943,2,0.253,0.744,0.439,0.396,0.063,0.292,0.154,0.259,0.138,0.242,13.30,0.27
1490,1943,3,0.869,0.742,0.488,0.371,0.064,0.288,0.163,0.263,0.133,0.240,13.30,0.27
1491,1943,4,1.168,0.602,0.537,0.344,0.033,0.287,0.183,0.267,0.141,0.241,13.30,0.27
1492,1943,5,-0.132,0.799,0.421,0.356,0.050,0.287,0.203,0.269,0.141,0.240,13.30,0.27
1493,1943,6,-0.690,0.481,0.459,0.355,0.089,0.277,0.201,0.272,0.145,0.239,13.30,0.27
1494,1943,7,0.706,1.005,0.358,0.338,0.116,0.274,0.194,0.272,0.150,0.238,13.30,0.27
1495,1943,8,-0.255,0.595,0.174,0.319,0.089,0.271,0.182,0.272,0.150,0.238,13.30,0.27
1496,1943,9,0.933,0.573,-0.123,0.292,0.067,0.271,0.169,0.269,0.151,0.236,13.30,0.27
1497,1943,10,1.392,0.343,-0.132,0.294,0.093,0.268,0.167,0.270,0.151,0.234,13.30,0.27
1498,1943,11,-0.266,0.571,-0.065,0.306,0.109,0.263,0.155,0.272,0.153,0.234,13.30,0.27
1499,1943,12,1.533,0.493,-0.048,0.336,0.121,0.268,0.155,0.276,0.158,0.234,13.30,0.27
1500,1944,1,-1.212,0.551,-0.074,0.311,0.103,0.260,0.157,0.275,0.156,0.233,13.30,0.27
1501,1944,2,-1.960,0.623,0.018,0.298,0.101,0.256,0.149,0.276,0.158,0.233,13.30,0.27
1502,1944,3,-2.698,0.488,-0.008,0.317,0.139,0.252,0.157,0.277,0.167,0.232,13.30,0.27
1503,1944,4,1.061,0.411,-0.140,0.318,0.160,0.256,0.163,0.278,0.165,0.231,13.30,0.27
1504,1944,5,0.676,0.598,-0.112,0.309,0.186,0.251,0.178,0.283,0.161,0.230,13.30,0.27
1505,1944,6,-0.488,0.534,-0.305,0.297,0.191,0.253,0.198,0.286,0.163,0.230,13.30,0.27
1506,1944,7,0.390,0.471,-0.406,0.274,0.202,0.258,0.186,0.285,0.157,0.229,13.30,0.27
1507,1944,8,0.858,0.482,-0.345,0.278,0.254,0.258,0.176,0.286,0.147,0.227,13.30,0.27
1508,1944,9,0.618,0.361,-0.212,0.295,0.272,0.262,0.177,0.287,0.147,0.226,13.30,0.27
1509,1944,10,-0.194,0.362,-0.247,0.296,0.238,0.263,0.169,0.284,0.142,0.225,13.30,0.27
1510,1944,11,0.071,0.665,-0.215,0.321,0.227,0.268,0.168,0.283,0.137,0.224,13.30,0.27
1511,1944,12,-0.781,0.383,-0.079,0.309,0.229,0.270,0.181,0.281,0.136,0.222,13.30,0.27
1512,1945,1,-2.428,0.593,-0.051,0.311,0.263,0.274,0.180,0.281,0.156,0.221,13.30,0.27
1513,1945,2,-1.221,0.425,0.025,0.303,0.296,0.271,0.177,0.280,0.170,0.222,13.30,0.27
1514,1945,3,-1.113,0.480,-0.040,0.320,0.311,0.272,0.169,0.278,0.171,0.221,13.30,0.27
1515,1945,4,0.648,0.632,-0.084,0.313,0.323,0.269,0.175,0.277,0.174,0.218,13.30,0.27
1516,1945,5,1.059,1.198,-0.041,0.353,0.317,0.260,0.184,0.271,0.185,0.217,13.30,0.27
1517,1945,6,1.144,0.342,0.020,0.329,0.289,0.253,0.210,0.270,0.187,0.213,13.30,0.27
1518,1945,7,0.722,0.589,0.277,0.303,0.301,0.246,0.216,0.272,0.191,0.212,13.30,0.27
1519,1945,8,1.774,0.353,0.319,0.321,0.311,0.248,0.225,0.274,0.190,0.211,13.30,0.27
1520,1945,9,-0.164,0.323,0.377,0.330,0.286,0.245,0.236,0.272,0.190,0.210,13.30,0.27
1521,1945,10,-0.715,0.299,0.478,0.287,0.284,0.244,0.233,0.272,0.186,0.208,13.30,0.27
1522,1945,11,0.589,0.410,0.439,0.226,0.310,0.245,0.234,0.274,0.188,0.206,13.30,0.27
1523,1945,12,-0.052,0.251,0.357,0.229,0.312,0.253,0.245,0.271,0.197,0.204,13.30,0.27
1524,1946,1,0.652,0.338,0.260,0.221,0.284,0.255,0.249,0.273,0.201,0.203,13.30,0.27
1525,1946,2,-0.720,0.758,0.165,0.268,0.278,0.261,0.240,0.269,0.184,0.201,13.30,0.27
1526,1946,3,-0.415,0.758,0.249,0.283,0.257,0.267,0.238,0.266,0.179,0.201,13.30,0.27
1527,1946,4,1.862,0.865,0.401,0.306,0.262,0.272,0.238,0.265,0.177,0.200,13.30,0.27
1528,1946,5,0.592,0.647,0.490,0.328,0.266,0.273,0.239,0.263,0.179,0.200,13.30,0.27
1529,1946,6,0.158,0.723,0.422,0.356,0.245,0.278,0.247,0.260,0.177,0.200,13.30,0.27
1530,1946,7,-0.443,0.317,0.343,0.386,0.269,0.279,0.245,0.257,0.174,0.198,13.30,0.27
1531,1946,8,0.631,0.478,0.558,0.436,0.293,0.287,0.244,0.253,0.176,0.199,13.30,0.27
1532,1946,9,0.845,0.307,0.765,0.457,0.321,0.286,0.264,0.251,0.181,0.198,13.30,0.27
1533,1946,10,1.112,0.597,0.610,0.415,0.308,0.287,0.257,0.253,0.181,0.196,13.30,0.27
1534,1946,11,1.656,0.740,0.577,0.438,0.297,0.290,0.259,0.252,0.178,0.196,13.30,0.27
1535,1946,12,-0.867,0.520,0.598,0.478,0.320,0.293,0.262,0.254,0.175,0.193,13.30,0.27
1536,1947,1,-0.297,0.757,0.766,0.506,0.315,0.297,0.260,0.255,0.172,0.192,13.30,0.27
1537,1947,2,1.859,0.658,0.833,0.506,0.287,0.299,0.256,0.252,0.171,0.193,13.30,0.27
1538,1947,3,2.077,1.036,0.868,0.533,0.284,0.302,0.259,0.249,0.169,0.191,13.30,0.27
1539,1947,4,-0.009,0.484,0.900,0.516,0.302,0.305,0.245,0.251,0.170,0.192,13.30,0.27
1540,1947,5,0.197,0.737,0.829,0.511,0.312,0.312,0.241,0.250,0.169,0.190,13.30,0.27
1541,1947,6,0.412,0.898,0.851,0.470,0.359,0.313,0.261,0.251,0.162,0.189,13.30,0.27
1542,1947,7,1.579,0.485,0.933,0.443,0.392,0.311,0.280,0.252,0.159,0.189,13.30,0.27
1543,1947,8,1.430,0.573,0.849,0.471,0.419,0.311,0.298,0.252,0.152,0.188,13.30,0.27
1544,1947,9,1.270,0.568,0.625,0.418,0.431,0.309,0.312,0.252,0.146,0.186,13.30,0.27
1545,1947,10,1.498,0.678,0.710,0.398,0.413,0.306,0.322,0.250,0.142,0.185,13.30,0.27
1546,1947,11,0.799,0.649,0.816,0.390,0.410,0.296,0.311,0.249,0.134,0.184,13.30,0.27
1547,1947,12,-0.606,0.490,0.735,0.370,0.413,0.294,0.302,0.248,0.138,0.183,13.30,0.27
1548,1948,1,0.690,0.497,0.522,0.364,0.408,0.297,0.281,0.243,0.141,0.183,13.30,0.27
1549,1948,2,0.849,0.882,0.349,0.333,0.387,0.305,0.269,0.241,0.154,0.183,13.30,0.27
1550,1948,3,-0.606,0.576,0.219,0.302,0.407,0.304,0.252,0.235,0.162,0.183,13.30,0.27
1551,1948,4,1.012,0.399,0.232,0.297,0.434,0.303,0.257,0.235,0.165,0.182,13.30,0.27
1552,1948,5,1.461,0.433,0.163,0.314,0.418,0.307,0.259,0.233,0.171,0.183,13.30,0.27
1553,1948,6,-0.559,0.633,0.237,0.372,0.401,0.309,0.267,0.235,0.177,0.183,13.30,0.27
1554,1948,7,-0.980,0.481,0.198,0.376,0.382,0.312,0.270,0.234,0.178,0.182,13.30,0.27
1555,1948,8,-0.639,0.481,0.085,0.368,0.392,0.307,0.266,0.235,0.176,0.182,13.30,0.27
1556,1948,9,-0.295,0.466,0.050,0.347,0.410,0.300,0.265,0.236,0.169,0.180,13.30,0.27
1557,1948,10,1.659,0.466,-0.009,0.352,0.383,0.294,0.267,0.235,0.166,0.180,13.30,0.27
1558,1948,11,-0.037,0.487,-0.130,0.352,0.369,0.291,0.276,0.233,0.163,0.179,13.30,0.27
1559,1948,12,0.288,0.649,-0.008,0.357,0.373,0.283,0.272,0.237,0.170,0.178,13.30,0.27
1560,1949,1,0.225,0.588,0.078,0.357,0.387,0.285,0.268,0.235,0.170,0.177,13.30,0.27
1561,1949,2,-0.506,0.676,0.064,0.351,0.387,0.280,0.273,0.235,0.168,0.174,13.30,0.27
1562,1949,3,-1.035,0.419,0.126,0.365,0.389,0.279,0.301,0.235,0.181,0.172,13.30,0.27
1563,1949,4,0.309,0.550,0.062,0.366,0.354,0.275,0.290,0.233,0.182,0.171,13.30,0.27
1564,1949,5,0.013,0.456,0.117,0.368,0.332,0.275,0.276,0.234,0.190,0.169,13.30,0.27
1565,1949,6,0.900,0.461,0.264,0.361,0.332,0.274,0.289,0.233,0.195,0.170,13.30,0.27
1566,1949,7,0.051,0.483,0.209,0.356,0.317,0.267,0.276,0.232,0.187,0.167,13.30,0.27
1567,1949,8,-0.805,0.326,0.282,0.330,0.258,0.261,0.257,0.229,0.187,0.168,13.30,0.27
1568,1949,9,0.451,0.698,0.337,0.332,0.247,0.249,0.249,0.229,0.192,0.167,13.30,0.27
1569,1949,10,0.886,0.371,0.276,0.317,0.253,0.251,0.240,0.227,0.184,0.164,13.30,0.27
1570,1949,11,0.626,0.440,0.350,0.266,0.255,0.246,0.244,0.227,0.179,0.161,13.30,0.27
1571,1949,12,2.058,0.459,0.383,0.255,0.292,0.246,0.258,0.224,0.178,0.156,13.30,0.27
1572,1950,1,-0.435,0.418,0.415,0.259,0.297,0.246,0.300,0.220,0.177,0.154,13.30,0.27
1573,1950,2,0.372,0.480,0.526,0.266,0.301,0.249,0.328,0.217,0.180,0.154,13.30,0.27
1574,1950,3,-0.374,0.266,0.573,0.250,0.312,0.248,0.335,0.215,0.182,0.152,13.30,0.27
1575,1950,4,-0.423,0.568,0.573,0.231,0.321,0.245,0.332,0.212,0.186,0.150,13.30,0.27
1576,1950,5,0.890,0.422,0.491,0.238,0.304,0.252,0.338,0.209,0.191,0.148,13.30,0.27
1577,1950,6,1.301,0.367,0.231,0.224,0.314,0.258,0.335,0.204,0.203,0.146,13.30,0.27
1578,1950,7,0.434,0.457,0.224,0.230,0.261,0.258,0.341,0.203,0.205,0.146,13.30,0.27
1579,1950,8,0.528,0.490,0.183,0.221,0.226,0.256,0.333,0.202,0.210,0.145,13.30,0.27
1580,1950,9,1.012,0.248,0.271,0.228,0.218,0.249,0.337,0.201,0.207,0.143,13.30,0.27
1581,1950,10,0.893,0.327,0.329,0.219,0.231,0.252,0.344,0.200,0.208,0.140,13.30,0.27
1582,1950,11,-0.358,0.566,0.234,0.233,0.207,0.246,0.347,0.195,0.214,0.138,13.30,0.27
1583,1950,12,-1.064,0.384,0.156,0.204,0.222,0.245,0.363,0.194,0.221,0.136,13.30,0.27
1584,1951,1,-0.522,0.458,0.157,0.180,0.255,0.239,0.369,0.192,0.225,0.134,13.30,0.27
1585,1951,2,-0.118,0.398,0.161,0.171,0.255,0.239,0.352,0.190,0.220,0.131,13.30,0.27
1586,1951,3,0.673,0.363,0.158,0.165,0.272,0.234,0.350,0.186,0.213,0.128,13.30,0.27
1587,1951,4,0.276,0.351,0.003,0.187,0.272,0.229,0.334,0.182,0.217,0.125,13.30,0.27
1588,1951,5,-0.253,0.330,0.062,0.171,0.286,0.225,0.327,0.182,0.223,0.124,13.30,0.27
1589,1951,6,0.366,0.502,0.077,0.173,0.299,0.226,0.316,0.180,0.226,0.123,13.30,0.27
1590,1951,7,0.448,0.472,0.020,0.170,0.268,0.224,0.316,0.181,0.224,0.121,13.30,0.27
1591,1951,8,0.582,0.380,-0.112,0.162,0.252,0.220,0.309,0.181,0.218,0.119,13.30,0.27
1592,1951,9,0.974,0.320,-0.050,0.172,0.281,0.220,0.308,0.181,0.221,0.119,13.30,0.27
1593,1951,10,-0.963,0.443,-0.040,0.188,0.273,0.215,0.294,0.174,0.219,0.116,13.30,0.27
1594,1951,11,0.342,0.359,0.005,0.195,0.255,0.211,0.268,0.173,0.227,0.116,13.30,0.27
1595,1951,12,-0.880,0.580,0.197,0.274,0.257,0.205,0.262,0.169,0.233,0.116,13.30,0.27
1596,1952,1,-1.206,0.463,0.316,0.313,0.238,0.198,0.257,0.164,0.240,0.115,13.30,0.27
1597,1952,2,-1.707,0.368,0.404,0.339,0.226,0.191,0.244,0.163,0.241,0.114,13.30,0.27
1598,1952,3,1.415,0.732,0.485,0.363,0.214,0.190,0.224,0.157,0.239,0.114,13.30,0.27
1599,1952,4,0.405,0.533,0.732,0.379,0.179,0.184,0.225,0.156,0.233,0.112,13.30,0.27
1600,1952,5,0.282,0.292,0.689,0.399,0.176,0.178,0.221,0.151,0.231,0.111,13.30,0.27
1601,1952,6,2.673,0.849,0.762,0.382,0.158,0.172,0.219,0.147,0.226,0.111,13.30,0.27
1602,1952,7,1.878,0.453,0.651,0.357,0.207,0.167,0.200,0.145,0.229,0.110,13.30,0.27
1603,1952,8,1.629,0.647,0.692,0.366,0.237,0.167,0.184,0.144,0.227,0.108,13.30,0.27
1604,1952,9,1.956,0.461,0.485,0.316,0.240,0.166,0.171,0.141,0.227,0.109,13.30,0.27
1605,1952,10,2.001,0.499,0.598,0.309,0.250,0.158,0.164,0.135,0.227,0.108,13.30,0.27
1606,1952,11,-0.175,0.501,0.576,0.280,0.266,0.160,0.159,0.135,0.221,0.107,13.30,0.27
1607,1952,12,-0.012,0.394,0.381,0.237,0.257,0.152,0.161,0.137,0.212,0.105,13.30,0.27
1608,1953,1,-2.535,0.509,0.311,0.219,0.273,0.146,0.154,0.138,0.215,0.103,13.30,0.27
1609,1953,2,-1.216,0.461,0.119,0.204,0.278,0.139,0.154,0.134,0.214,0.101,13.30,0.27
1610,1953,3,-1.065,0.370,0.017,0.188,0.267,0.135,0.162,0.132,0.205,0.099,13.30,0.27
1611,1953,4,1.758,0.537,-0.010,0.201,0.253,0.133,0.148,0.128,0.202,0.097,13.30,0.27
1612,1953,5,0.022,0.363,0.070,0.202,0.277,0.125,0.139,0.129,0.197,0.097,13.30,0.27
1613,1953,6,0.326,0.377,0.162,0.202,0.324,0.121,0.153,0.128,0.198,0.097,13.30,0.27
1614,1953,7,1.039,0.369,0.234,0.200,0.357,0.119,0.162,0.125,0.199,0.096,13.30,0.27
1615,1953,8,-0.665,0.365,0.215,0.197,0.312,0.116,0.171,0.127,0.202,0.098,13.30,0.27
1616,1953,9,0.728,0.454,0.361,0.205,0.290,0.113,0.170,0.124,0.201,0.099,13.30,0.27
1617,1953,10,1.681,0.542,0.200,0.197,0.285,0.111,0.164,0.123,0.190,0.099,13.30,0.27
1618,1953,11,0.776,0.348,0.112,0.208,0.285,0.110,0.171,0.118,0.196,0.097,13.30,0.27
1619,1953,12,1.099,0.819,0.169,0.191,0.260,0.111,0.184,0.114,0.199,0.097,13.30,0.27
1620,1954,1,-1.673,0.533,-0.008,0.193,0.246,0.114,0.183,0.112,0.204,0.098,13.30,0.27
1621,1954,2,-1.451,0.378,-0.080,0.178,0.231,0.115,0.187,0.110,0.214,0.100,13.30,0.27
1622,1954,3,0.693,0.390,-0.163,0.168,0.228,0.114,0.206,0.107,0.231,0.100,13.30,0.27
1623,1954,4,-0.179,0.294,-0.407,0.168,0.233,0.111,0.201,0.102,0.227,0.099,13.30,0.27
1624,1954,5,-1.034,0.266,-0.431,0.158,0.203,0.111,0.203,0.099,0.225,0.101,13.30,0.27
1625,1954,6,1.014,0.379,-0.442,0.145,0.192,0.106,0.193,0.098,0.231,0.102,13.30,0.27
1626,1954,7,-1.083,0.404,-0.094,0.133,0.197,0.105,0.188,0.095,0.229,0.102,13.30,0.27
1627,1954,8,-1.532,0.339,0.209,0.163,0.230,0.106,0.198,0.095,0.228,0.102,13.30,0.27
1628,1954,9,-0.272,0.522,0.131,0.165,0.201,0.104,0.207,0.097,0.222,0.102,13.30,0.27
1629,1954,10,-1.240,0.313,0.165,0.155,0.198,0.103,0.198,0.095,0.221,0.102,13.30,0.27
1630,1954,11,0.490,0.332,0.406,0.154,0.186,0.104,0.190,0.094,0.222,0.103,13.30,0.27
1631,1954,12,0.963,0.454,0.382,0.169,0.145,0.107,0.174,0.094,0.226,0.102,13.30,0.27
1632,1955,1,2.507,0.591,0.591,0.154,0.103,0.110,0.174,0.093,0.238,0.100,13.30,0.27
1633,1955,2,2.187,0.896,0.784,0.150,0.067,0.108,0.184,0.092,0.235,0.100,13.30,0.27
1634,1955,3,-0.244,0.307,0.838,0.175,0.030,0.110,0.195,0.091,0.240,0.100,13.30,0.27
1635,1955,4,0.220,0.570,0.948,0.174,0.007,0.114,0.198,0.090,0.234,0.099,13.30,0.27
1636,1955,5,1.860,0.360,0.995,0.199,0.013,0.113,0.199,0.089,0.227,0.101,13.30,0.27
1637,1955,6,0.730,0.432,1.061,0.196,0.008,0.108,0.195,0.089,0.217,0.102,13.30,0.27
1638,1955,7,1.425,0.382,0.972,0.197,0.048,0.104,0.193,0.088,0.219,0.101,13.30,0.27
1639,1955,8,0.788,0.510,0.557,0.250,0.082,0.108,0.194,0.087,0.211,0.102,13.30,0.27
1640,1955,9,0.371,0.472,0.523,0.261,0.106,0.105,0.179,0.086,0.211,0.103,13.30,0.27
1641,1955,10,0.080,0.365,0.502,0.245,0.064,0.109,0.183,0.087,0.223,0.102,13.30,0.27
1642,1955,11,1.056,0.515,0.327,0.232,0.072,0.101,0.193,0.088,0.223,0.103,13.30,0.27
1643,1955,12,1.753,0.443,0.170,0.204,0.083,0.102,0.198,0.088,0.228,0.103,13.30,0.27
1644,1956,1,1.440,0.363,0.017,0.197,0.069,0.101,0.201,0.089,0.232,0.101,13.30,0.27
1645,1956,2,-2.796,0.371,-0.073,0.163,0.087,0.099,0.200,0.091,0.241,0.101,13.30,0.27
1646,1956,3,-0.653,0.435,-0.038,0.145,0.068,0.098,0.187,0.094,0.239,0.098,13.30,0.27
1647,1956,4,-0.025,0.515,-0.098,0.141,0.057,0.095,0.196,0.095,0.235,0.096,13.30,0.27
1648,1956,5,-0.246,0.224,-0.309,0.126,0.056,0.098,0.207,0.095,0.231,0.094,13.30,0.27
1649,1956,6,-1.152,0.307,-0.581,0.129,0.069,0.105,0.206,0.094,0.234,0.094,13.30,0.27
1650,1956,7,-0.407,0.324,-0.778,0.153,0.099,0.106,0.203,0.093,0.237,0.093,13.30,0.27
1651,1956,8,-0.295,0.634,-0.522,0.144,0.123,0.112,0.192,0.095,0.236,0.092,13.30,0.27
1652,1956,9,0.794,0.345,-0.493,0.156,0.131,0.120,0.177,0.094,0.233,0.092,13.30,0.27
1653,1956,10,-0.640,0.504,-0.477,0.159,0.130,0.122,0.181,0.098,0.232,0.090,13.30,0.27
1654,1956,11,-1.479,0.522,-0.488,0.155,0.150,0.132,0.194,0.098,0.222,0.088,13.30,0.27
1655,1956,12,-1.516,0.492,-0.375,0.153,0.129,0.127,0.204,0.099,0.221,0.086,13.30,0.27
1656,1957,1,-0.920,0.473,-0.397,0.143,0.137,0.128,0.220,0.101,0.215,0.084,13.30,0.27
1657,1957,2,0.274,0.670,-0.415,0.155,0.169,0.122,0.225,0.103,0.209,0.081,13.30,0.27
1658,1957,3,-0.303,0.276,-0.502,0.163,0.200,0.128,0.220,0.108,0.198,0.078,13.30,0.27
1659,1957,4,0.168,0.570,-0.399,0.153,0.218,0.134,0.220,0.115,0.197,0.077,13.30,0.27
1660,1957,5,-0.381,0.591,-0.262,0.130,0.203,0.140,0.222,0.116,0.197,0.075,13.30,0.27
1661,1957,6,0.199,0.331,-0.162,0.097,0.189,0.153,0.192,0.125,0.189,0.071,13.30,0.27
1662,1957,7,-0.671,0.220,-0.094,0.081,0.140,0.156,0.177,0.130,0.179,0.070,13.30,0.27
1663,1957,8,-0.503,0.450,-0.050,0.101,0.131,0.155,0.156,0.131,0.175,0.069,13.30,0.27
1664,1957,9,-0.255,0.535,0.007,0.115,0.150,0.159,0.142,0.133,0.170,0.067,13.30,0.27
1665,1957,10,0.597,0.478,-0.069,0.162,0.145,0.161,0.132,0.134,0.166,0.067,13.30,0.27
1666,1957,11,0.165,0.301,0.002,0.156,0.131,0.154,0.132,0.139,0.169,0.067,13.30,0.27
1667,1957,12,-0.317,0.391,0.072,0.161,0.134,0.148,0.122,0.142,0.165,0.068,13.30,0.27
1668,1958,1,-0.102,0.262,0.141,0.154,0.113,0.146,0.150,0.141,0.158,0.066,13.30,0.27
1669,1958,2,0.807,0.625,0.216,0.148,0.111,0.137,0.159,0.144,0.157,0.065,13.30,0.27
1670,1958,3,0.379,0.276,0.206,0.125,0.091,0.134,0.157,0.141,0.161,0.067,13.30,0.27
1671,1958,4,-0.748,0.517,0.239,0.115,0.113,0.146,0.146,0.148,0.163,0.069,13.30,0.27
1672,1958,5,0.477,0.704,0.286,0.125,0.110,0.147,0.135,0.150,0.161,0.068,13.30,0.27
1673,1958,6,1.031,0.397,0.469,0.145,0.072,0.147,0.129,0.146,0.161,0.067,13.30,0.27
1674,1958,7,0.155,0.357,0.489,0.165,0.044,0.150,0.129,0.144,0.165,0.067,13.30,0.27
1675,1958,8,0.403,0.424,0.419,0.187,0.087,0.155,0.138,0.140,0.167,0.068,13.30,0.27
1676,1958,9,-0.378,0.594,0.487,0.231,0.085,0.163,0.137,0.140,0.167,0.068,13.30,0.27
1677,1958,10,0.991,0.332,0.529,0.228,0.108,0.163,0.113,0.139,0.157,0.068,13.30,0.27
1678,1958,11,0.732,0.503,0.504,0.310,0.129,0.167,0.116,0.137,0.159,0.070,13.30,0.27
1679,1958,12,1.879,0.445,0.396,0.273,0.151,0.174,0.126,0.138,0.161,0.071,13.30,0.27
1680,1959,1,0.142,0.376,0.333,0.287,0.161,0.178,0.140,0.138,0.161,0.074,13.30,0.27
1681,1959,2,-0.039,0.516,0.334,0.308,0.153,0.187,0.155,0.139,0.165,0.076,13.30,0.27
1682,1959,3,1.202,0.868,0.494,0.284,0.126,0.186,0.162,0.139,0.174,0.078,13.30,0.27
1683,1959,4,-0.243,0.454,0.401,0.331,0.128,0.196,0.164,0.142,0.173,0.079,13.30,0.27
1684,1959,5,0.170,0.859,0.305,0.350,0.185,0.197,0.175,0.141,0.176,0.081,13.30,0.27
1685,1959,6,-0.264,0.529,0.160,0.398,0.215,0.195,0.173,0.139,0.170,0.083,13.30,0.27
1686,1959,7,-0.601,0.581,0.111,0.395,0.243,0.196,0.181,0.136,0.164,0.085,13.30,0.27
1687,1959,8,0.416,0.522,0.250,0.360,0.221,0.208,0.200,0.135,0.169,0.088,13.30,0.27
1688,1959,9,1.543,0.388,0.224,0.316,0.238,0.212,0.195,0.140,0.169,0.090,13.30,0.27
1689,1959,10,-0.121,0.745,0.239,0.321,0.243,0.221,0.202,0.140,0.167,0.092,13.30,0.27
1690,1959,11,-0.425,0.551,0.309,0.246,0.257,0.213,0.200,0.141,0.170,0.095,13.30,0.27
1691,1959,12,0.140,1.187,0.408,0.257,0.238,0.221,0.194,0.143,0.154,0.096,13.30,0.27
1692,1960,1,-0.443,0.470,0.473,0.239,0.252,0.229,0.176,0.146,0.162,0.099,13.30,0.27
1693,1960,2,1.622,0.547,0.492,0.218,0.246,0.228,0.143,0.151,0.160,0.100,13.30,0.27
1694,1960,3,0.892,0.341,0.295,0.226,0.254,0.229,0.145,0.154,0.161,0.102,13.30,0.27
1695,1960,4,-0.063,0.819,0.424,0.264,0.256,0.220,0.136,0.154,0.161,0.103,13.30,0.27
1696,1960,5,1.014,0.428,0.528,0.284,0.251,0.225,0.115,0.153,0.152,0.102,13.30,0.27
1697,1960,6,0.927,0.440,0.474,0.211,0.237,0.232,0.100,0.152,0.147,0.104,13.30,0.27
1698,1960,7,0.169,0.340,0.494,0.226,0.251,0.233,0.097,0.152,0.142,0.106,13.30,0.27
1699,1960,8,0.645,0.332,0.338,0.304,0.236,0.239,0.090,0.151,0.142,0.107,13.30,0.27
1700,1960,9,-0.816,0.405,0.199,0.345,0.208,0.237,0.085,0.150,0.139,0.108,13.30,0.27
1701,1960,10,1.421,1.130,0.316,0.303,0.228,0.242,0.103,0.151,0.133,0.109,13.30,0.27
1702,1960,11,0.830,0.650,0.319,0.332,0.198,0.256,0.098,0.151,0.134,0.113,13.30,0.27
1703,1960,12,-0.515,0.525,0.256,0.367,0.174,0.248,0.094,0.152,0.140,0.115,13.30,0.27
1704,1961,1,-0.202,0.440,0.257,0.389,0.189,0.245,0.095,0.154,0.142,0.118,13.30,0.27
1705,1961,2,-0.241,0.785,0.138,0.429,0.190,0.240,0.131,0.154,0.140,0.120,13.30,0.27
1706,1961,3,-0.782,0.767,0.138,0.415,0.207,0.233,0.128,0.152,0.133,0.121,13.30,0.27
1707,1961,4,1.337,0.448,-0.022,0.405,0.170,0.234,0.135,0.152,0.136,0.123,13.30,0.27
1708,1961,5,1.056,0.524,0.066,0.332,0.176,0.226,0.134,0.151,0.137,0.124,13.30,0.27
1709,1961,6,0.167,0.621,0.137,0.341,0.184,0.215,0.152,0.156,0.132,0.125,13.30,0.27
1710,1961,7,0.182,0.462,0.214,0.354,0.180,0.212,0.157,0.157,0.130,0.124,13.30,0.27
1711,1961,8,-0.784,0.691,0.146,0.324,0.187,0.207,0.164,0.160,0.132,0.124,13.30,0.27
1712,1961,9,-0.809,0.362,0.272,0.290,0.193,0.200,0.157,0.161,0.128,0.125,13.30,0.27
1713,1961,10,-0.502,1.048,0.200,0.329,0.198,0.197,0.170,0.161,0.129,0.125,13.30,0.27
1714,1961,11,1.887,0.559,0.150,0.279,0.199,0.182,0.176,0.165,0.122,0.127,13.30,0.27
1715,1961,12,0.332,0.409,0.058,0.323,0.218,0.183,0.180,0.165,0.124,0.131,13.30,0.27
1716,1962,1,0.728,0.455,0.055,0.346,0.226,0.176,0.174,0.166,0.126,0.134,13.30,0.27
1717,1962,2,-1.055,0.484,0.049,0.293,0.231,0.179,0.174,0.170,0.135,0.135,13.30,0.27
1718,1962,3,0.728,0.547,0.136,0.326,0.191,0.182,0.172,0.172,0.132,0.139,13.30,0.27
1719,1962,4,0.476,0.774,0.238,0.277,0.186,0.173,0.168,0.172,0.129,0.141,13.30,0.27
1720,1962,5,0.450,0.423,0.068,0.290,0.197,0.171,0.173,0.170,0.121,0.143,13.30,0.27
1721,1962,6,-0.939,0.955,-0.052,0.304,0.199,0.167,0.158,0.168,0.110,0.147,13.30,0.27
1722,1962,7,0.147,0.638,-0.051,0.278,0.213,0.170,0.157,0.169,0.101,0.149,13.30,0.27
1723,1962,8,-0.860,0.545,0.025,0.263,0.155,0.177,0.165,0.170,0.091,0.150,13.30,0.27
1724,1962,9,0.237,0.500,-0.143,0.246,0.140,0.182,0.168,0.173,0.082,0.155,13.30,0.27
1725,1962,10,0.730,0.430,-0.142,0.236,0.127,0.179,0.168,0.173,0.071,0.156,13.30,0.27
1726,1962,11,-0.157,0.314,-0.294,0.290,0.099,0.184,0.179,0.174,0.074,0.160,13.30,0.27
1727,1962,12,-1.114,0.577,-0.248,0.212,0.065,0.191,0.170,0.175,0.073,0.160,13.30,0.27
1728,1963,1,0.740,0.493,-0.170,0.183,0.081,0.190,0.161,0.176,0.083,0.159,13.30,0.27
1729,1963,2,-0.138,0.359,-0.062,0.147,0.070,0.197,0.161,0.178,0.081,0.159,13.30,0.27
1730,1963,3,-1.292,0.522,-0.030,0.124,0.080,0.200,0.159,0.179,0.079,0.158,13.30,0.27
1731,1963,4,0.487,0.757,-0.191,0.139,0.092,0.194,0.178,0.181,0.067,0.159,13.30,0.27
1732,1963,5,-1.374,0.733,-0.089,0.137,0.085,0.194,0.183,0.185,0.071,0.158,13.30,0.27
1733,1963,6,-0.386,0.708,0.201,0.131,0.116,0.198,0.170,0.186,0.073,0.157,13.30,0.27
1734,1963,7,1.083,0.391,0.133,0.145,0.145,0.199,0.167,0.187,0.075,0.156,13.30,0.27
1735,1963,8,0.445,0.658,0.173,0.159,0.175,0.193,0.163,0.191,0.076,0.156,13.30,0.27
1736,1963,9,0.614,0.510,0.412,0.161,0.170,0.188,0.165,0.189,0.072,0.155,13.30,0.27
1737,1963,10,-1.203,0.249,0.375,0.148,0.163,0.188,0.150,0.189,0.068,0.154,13.30,0.27
1738,1963,11,1.068,0.579,0.513,0.187,0.139,0.183,0.148,0.190,0.060,0.154,13.30,0.27
1739,1963,12,2.366,0.581,0.615,0.182,0.154,0.185,0.137,0.191,0.055,0.156,13.30,0.27
1740,1964,1,-0.069,0.555,0.514,0.199,0.153,0.182,0.138,0.192,0.063,0.156,13.30,0.27
1741,1964,2,0.343,0.493,0.538,0.181,0.175,0.179,0.142,0.192,0.066,0.156,13.30,0.27
1742,1964,3,1.575,0.425,0.417,0.172,0.187,0.182,0.143,0.190,0.065,0.155,13.30,0.27
1743,1964,4,0.043,0.505,0.481,0.189,0.211,0.174,0.144,0.189,0.064,0.155,13.30,0.27
1744,1964,5,0.273,0.563,0.414,0.199,0.168,0.179,0.150,0.184,0.069,0.154,13.30,0.27
1745,1964,6,0.843,0.382,0.234,0.213,0.145,0.179,0.147,0.189,0.067,0.154,13.30,0.27
1746,1964,7,-0.132,0.507,0.274,0.208,0.104,0.174,0.141,0.189,0.066,0.152,13.30,0.27
1747,1964,8,0.737,0.490,0.093,0.204,0.128,0.167,0.140,0.194,0.067,0.151,13.30,0.27
1748,1964,9,-0.835,0.720,-0.040,0.221,0.107,0.165,0.130,0.195,0.066,0.151,13.30,0.27
1749,1964,10,-0.437,0.403,-0.115,0.249,0.094,0.158,0.136,0.192,0.065,0.150,13.30,0.27
1750,1964,11,0.261,0.368,-0.192,0.272,0.088,0.159,0.150,0.193,0.052,0.150,13.30,0.27
1751,1964,12,0.210,0.567,-0.355,0.296,0.079,0.144,0.133,0.187,0.046,0.148,13.30,0.27
1752,1965,1,0.409,0.416,-0.250,0.290,0.063,0.138,0.150,0.187,0.035,0.149,13.30,0.27
1753,1965,2,-1.837,0.316,-0.314,0.291,0.085,0.140,0.136,0.192,0.026,0.150,13.30,0.27
1754,1965,3,-0.012,0.703,-0.264,0.303,0.082,0.141,0.127,0.194,0.023,0.150,13.30,0.27
1755,1965,4,-0.866,0.510,-0.048,0.301,0.080,0.149,0.124,0.190,0.021,0.148,13.30,0.27
1756,1965,5,-0.645,0.720,-0.032,0.332,0.108,0.151,0.106,0.190,0.012,0.146,13.30,0.27
1757,1965,6,-1.111,0.888,0.062,0.307,0.102,0.149,0.099,0.193,0.005,0.145,13.30,0.27
1758,1965,7,1.122,0.392,0.153,0.283,0.071,0.154,0.092,0.195,-0.003,0.144,13.30,0.27
1759,1965,8,-0.028,0.379,0.437,0.278,0.086,0.152,0.089,0.198,-0.008,0.142,13.30,0.27
1760,1965,9,-0.231,0.521,0.350,0.248,0.110,0.156,0.099,0.198,-0.006,0.140,13.30,0.27
1761,1965,10,2.149,0.324,0.498,0.223,0.127,0.149,0.082,0.194,-0.010,0.139,13.30,0.27
1762,1965,11,0.457,0.536,0.517,0.197,0.169,0.143,0.074,0.192,-0.019,0.137,13.30,0.27
1763,1965,12,1.337,0.459,0.698,0.235,0.166,0.148,0.083,0.197,-0.023,0.136,13.30,0.27
1764,1966,1,1.501,0.483,0.617,0.239,0.145,0.151,0.083,0.200,-0.031,0.137,13.30,0.27
1765,1966,2,1.570,0.594,0.663,0.240,0.137,0.159,0.080,0.197,-0.021,0.136,13.30,0.27
1766,1966,3,-1.058,0.390,0.677,0.247,0.122,0.161,0.079,0.192,-0.023,0.135,13.30,0.27
1767,1966,4,0.910,0.233,0.573,0.240,0.130,0.161,0.075,0.194,-0.026,0.134,13.30,0.27
1768,1966,5,-0.412,0.502,0.478,0.265,0.120,0.169,0.067,0.192,-0.025,0.134,13.30,0.27
1769,1966,6,1.060,0.581,0.279,0.267,0.091,0.181,0.058,0.193,-0.024,0.134,13.30,0.27
1770,1966,7,0.155,0.379,0.013,0.256,0.097,0.187,0.056,0.191,-0.021,0.135,13.30,0.27
1771,1966,8,0.524,0.348,-0.090,0.235,0.098,0.193,0.071,0.188,-0.021,0.135,13.30,0.27
1772,1966,9,-0.065,0.313,-0.044,0.240,0.093,0.195,0.079,0.190,-0.028,0.134,13.30,0.27
1773,1966,10,0.902,0.296,-0.147,0.259,0.091,0.197,0.076,0.182,-0.025,0.133,13.30,0.27
1774,1966,11,-0.683,0.364,-0.102,0.245,0.100,0.200,0.050,0.186,-0.026,0.134,13.30,0.27
1775,1966,12,-1.057,0.452,-0.317,0.277,0.077,0.207,0.044,0.189,-0.019,0.133,13.30,0.27
1776,1967,1,-1.690,0.421,-0.395,0.284,0.057,0.215,0.033,0.190,-0.009,0.132,13.30,0.27
1777,1967,2,0.334,0.267,-0.402,0.291,0.049,0.222,0.044,0.189,-0.002,0.134,13.30,0.27
1778,1967,3,-0.507,0.442,-0.391,0.311,0.070,0.220,0.044,0.190,0.001,0.134,13.30,0.27
1779,1967,4,-0.325,0.454,-0.413,0.324,0.087,0.221,0.037,0.186,0.001,0.134,13.30,0.27
1780,1967,5,0.126,0.310,-0.233,0.317,0.103,0.227,0.021,0.188,0.004,0.131,13.30,0.27
1781,1967,6,-1.516,0.946,-0.265,0.294,0.068,0.222,0.029,0.184,0.000,0.130,13.30,0.27
1782,1967,7,-0.779,0.560,-0.220,0.285,0.088,0.220,0.025,0.181,0.009,0.130,13.30,0.27
1783,1967,8,0.440,0.480,-0.181,0.293,0.116,0.223,0.025,0.182,0.011,0.130,13.30,0.27
1784,1967,9,0.061,0.500,-0.127,0.271,0.113,0.225,0.022,0.186,0.006,0.130,13.30,0.27
1785,1967,10,0.641,0.429,0.024,0.264,0.122,0.222,0.011,0.188,0.002,0.129,13.30,0.27
1786,1967,11,1.481,0.212,0.107,0.261,0.113,0.222,0.015,0.190,0.005,0.129,13.30,0.27
1787,1967,12,-1.447,0.374,0.191,0.235,0.133,0.227,0.023,0.188,0.006,0.129,13.30,0.27
1788,1968,1,-1.146,0.423,0.237,0.247,0.102,0.231,0.016,0.188,0.003,0.128,13.30,0.27
1789,1968,2,0.802,0.420,0.197,0.249,0.109,0.230,0.004,0.184,0.006,0.127,13.30,0.27
1790,1968,3,0.138,0.513,0.173,0.246,0.119,0.234,0.002,0.185,0.002,0.127,13.30,0.27
1791,1968,4,1.490,0.883,0.057,0.225,0.073,0.236,-0.013,0.179,0.004,0.124,13.30,0.27
1792,1968,5,1.124,0.336,-0.026,0.250,0.063,0.239,0.006,0.174,0.001,0.124,13.30,0.27
1793,1968,6,-0.512,0.632,0.144,0.273,0.049,0.244,0.017,0.175,-0.005,0.123,13.30,0.27
1794,1968,7,-0.227,0.663,0.263,0.297,0.022,0.246,0.020,0.175,-0.011,0.121,13.30,0.27
1795,1968,8,-0.038,0.645,0.231,0.333,-0.015,0.245,0.014,0.179,-0.014,0.122,13.30,0.27
1796,1968,9,-0.232,0.567,0.327,0.348,-0.013,0.243,0.006,0.176,-0.017,0.120,13.30,0.27
1797,1968,10,-0.748,0.572,0.194,0.311,-0.013,0.242,0.022,0.175,-0.029,0.119,13.30,0.27
1798,1968,11,0.490,0.550,0.171,0.311,-0.004,0.244,0.004,0.177,-0.037,0.118,13.30,0.27
1799,1968,12,0.591,0.484,0.168,0.340,-0.037,0.246,-0.017,0.180,-0.042,0.118,13.30,0.27
1800,1969,1,0.282,0.510,0.076,0.342,-0.040,0.242,-0.013,0.182,-0.032,0.117,13.30,0.27
1801,1969,2,0.417,0.740,0.100,0.360,-0.033,0.241,-0.022,0.181,-0.025,0.116,13.30,0.27
1802,1969,3,1.291,0.653,0.153,0.369,-0.030,0.242,-0.032,0.179,-0.027,0.114,13.30,0.27
1803,1969,4,-0.112,0.427,0.264,0.395,-0.058,0.236,-0.037,0.177,-0.031,0.112,13.30,0.27
1804,1969,5,0.850,0.407,0.329,0.400,-0.068,0.239,-0.037,0.176,-0.036,0.107,13.30,0.27
1805,1969,6,-0.544,0.809,0.122,0.359,-0.056,0.245,-0.040,0.176,-0.032,0.108,13.30,0.27
1806,1969,7,-1.341,0.699,0.230,0.344,-0.039,0.250,-0.049,0.175,-0.031,0.106,13.30,0.27
1807,1969,8,0.259,0.740,0.184,0.322,-0.039,0.254,-0.066,0.174,-0.031,0.106,13.30,0.27
1808,1969,9,0.400,0.610,0.059,0.324,-0.019,0.256,-0.063,0.171,-0.040,0.105,13.30,0.27
1809,1969,10,0.578,0.464,0.042,0.328,-0.019,0.257,-0.073,0.169,-0.036,0.103,13.30,0.27
1810,1969,11,1.277,0.658,-0.128,0.309,-0.046,0.259,-0.095,0.168,-0.041,0.101,13.30,0.27
1811,1969,12,-1.899,0.669,-0.078,0.303,-0.022,0.263,-0.102,0.163,-0.044,0.097,13.30,0.27
1812,1970,1,1.588,0.679,-0.024,0.280,-0.013,0.264,-0.106,0.161,-0.045,0.096,13.30,0.27
1813,1970,2,-0.135,0.440,-0.014,0.254,-0.035,0.261,-0.091,0.160,-0.051,0.097,13.30,0.27
1814,1970,3,-0.212,0.627,-0.018,0.242,-0.038,0.268,-0.100,0.157,-0.055,0.096,13.30,0.27
1815,1970,4,-0.322,0.444,-0.116,0.283,-0.057,0.264,-0.094,0.153,-0.059,0.092,13.30,0.27
1816,1970,5,-1.190,0.279,-0.233,0.296,-0.077,0.273,-0.091,0.152,-0.068,0.091,13.30,0.27
1817,1970,6,0.067,0.494,-0.035,0.325,-0.056,0.275,-0.090,0.153,-0.074,0.090,13.30,0.27
1818,1970,7,-0.700,0.607,-0.178,0.341,-0.039,0.271,-0.103,0.152,-0.082,0.090,13.30,0.27
1819,1970,8,0.382,0.526,-0.217,0.333,-0.078,0.265,-0.106,0.149,-0.086,0.090,13.30,0.27
1820,1970,9,0.351,0.612,-0.279,0.316,-0.107,0.259,-0.096,0.146,-0.083,0.089,13.30,0.27
1821,1970,10,-0.604,0.637,-0.175,0.316,-0.153,0.246,-0.123,0.143,-0.093,0.085,13.30,0.27
1822,1970,11,-0.127,0.927,-0.066,0.334,-0.156,0.244,-0.135,0.140,-0.092,0.083,13.30,0.27
1823,1970,12,0.486,0.881,-0.149,0.360,-0.132,0.243,-0.141,0.140,-0.099,0.083,13.30,0.27
1824,1971,1,-0.134,0.756,-0.095,0.359,-0.105,0.238,-0.156,0.138,-0.105,0.081,13.30,0.27
1825,1971,2,-0.605,0.626,-0.045,0.344,-0.108,0.237,-0.173,0.138,-0.108,0.078,13.30,0.27
1826,1971,3,-0.949,0.345,-0.068,0.376,-0.110,0.233,-0.174,0.137,-0.099,0.075,13.30,0.27
1827,1971,4,0.921,0.807,-0.080,0.327,-0.086,0.237,-0.188,0.137,-0.099,0.073,13.30,0.27
1828,1971,5,0.118,0.498,-0.180,0.302,-0.113,0.228,-0.184,0.135,-0.103,0.070,13.30,0.27
1829,1971,6,-0.927,0.678,-0.248,0.307,-0.125,0.221,-0.200,0.132,-0.101,0.068,13.30,0.27
1830,1971,7,-0.048,0.293,-0.291,0.284,-0.124,0.213,-0.199,0.132,-0.103,0.066,13.30,0.27
1831,1971,8,0.981,0.672,-0.213,0.300,-0.142,0.201,-0.206,0.129,-0.102,0.064,13.30,0.27
1832,1971,9,0.075,0.771,-0.077,0.334,-0.157,0.192,-0.213,0.128,-0.098,0.063,13.30,0.27
1833,1971,10,-0.753,0.537,-0.182,0.328,-0.164,0.190,-0.220,0.125,-0.093,0.060,13.30,0.27
1834,1971,11,-1.321,0.571,-0.313,0.340,-0.174,0.183,-0.228,0.123,-0.107,0.061,13.30,0.27
1835,1971,12,-0.337,0.907,-0.241,0.363,-0.157,0.180,-0.218,0.122,-0.104,0.060,13.30,0.27
1836,1972,1,-0.646,0.539,-0.257,0.366,-0.156,0.175,-0.192,0.121,-0.102,0.059,13.30,0.27
1837,1972,2,0.328,0.535,-0.413,0.371,-0.182,0.172,-0.179,0.119,-0.097,0.058,13.30,0.27
1838,1972,3,0.685,0.567,-0.432,0.399,-0.195,0.165,-0.170,0.116,-0.103,0.057,13.30,0.27
1839,1972,4,-0.338,0.522,-0.411,0.406,-0.232,0.162,-0.166,0.116,-0.105,0.052,13.30,0.27
1840,1972,5,-1.458,0.658,-0.276,0.413,-0.294,0.155,-0.164,0.114,-0.107,0.051,13.30,0.27
1841,1972,6,-0.060,0.663,-0.262,0.375,-0.272,0.149,-0.158,0.112,-0.097,0.047,13.30,0.27
1842,1972,7,-0.241,0.450,-0.222,0.332,-0.301,0.140,-0.140,0.110,-0.090,0.044,13.30,0.27
1843,1972,8,-0.886,0.398,-0.377,0.287,-0.298,0.135,-0.144,0.108,-0.083,0.045,13.30,0.27
1844,1972,9,-0.160,0.977,-0.565,0.244,-0.312,0.124,-0.155,0.105,-0.081,0.044,13.30,0.27
1845,1972,10,-0.505,0.445,-0.644,0.219,-0.311,0.118,-0.164,0.106,-0.078,0.045,13.30,0.27
1846,1972,11,0.309,0.749,-0.442,0.182,-0.294,0.118,-0.170,0.105,-0.075,0.044,13.30,0.27
1847,1972,12,-0.171,0.612,-0.363,0.151,-0.312,0.117,-0.157,0.105,-0.073,0.042,13.30,0.27
1848,1973,1,-0.172,0.466,-0.223,0.144,-0.308,0.122,-0.155,0.102,-0.083,0.042,13.30,0.27
1849,1973,2,-1.530,0.494,-0.168,0.165,-0.322,0.123,-0.149,0.097,-0.087,0.041,13.30,0.27
1850,1973,3,-1.571,0.212,-0.184,0.132,-0.312,0.125,-0.154,0.096,-0.084,0.041,13.30,0.27
1851,1973,4,-1.282,0.210,-0.085,0.131,-0.319,0.117,-0.170,0.087,-0.085,0.039,13.30,0.27
1852,1973,5,0.962,0.264,-0.203,0.141,-0.333,0.110,-0.180,0.085,-0.077,0.038,13.30,0.27
1853,1973,6,0.891,0.343,-0.203,0.158,-0.330,0.106,-0.180,0.083,-0.078,0.039,13.30,0.27
1854,1973,7,1.438,0.305,-0.158,0.155,-0.335,0.103,-0.189,0.080,-0.080,0.041,13.30,0.27
1855,1973,8,-0.223,0.645,-0.088,0.163,-0.331,0.110,-0.191,0.077,-0.076,0.042,13.30,0.27
1856,1973,9,-0.360,0.354,0.074,0.163,-0.335,0.114,-0.199,0.077,-0.080,0.042,13.30,0.27
1857,1973,10,0.686,0.461,0.140,0.171,-0.363,0.110,-0.208,0.078,-0.075,0.042,13.30,0.27
1858,1973,11,-1.106,0.668,0.078,0.183,-0.363,0.108,-0.223,0.075,-0.072,0.042,13.30,0.27
1859,1973,12,-0.168,0.370,0.045,0.178,-0.364,0.110,-0.220,0.072,-0.084,0.044,13.30,0.27
1860,1974,1,0.372,0.287,-0.181,0.173,-0.357,0.115,-0.202,0.069,-0.084,0.045,13.30,0.27
1861,1974,2,-0.697,0.386,-0.270,0.161,-0.380,0.117,-0.192,0.064,-0.091,0.045,13.30,0.27
1862,1974,3,0.380,0.379,-0.274,0.155,-0.395,0.115,-0.196,0.060,-0.100,0.044,13.30,0.27
1863,1974,4,-0.496,0.403,-0.467,0.153,-0.382,0.109,-0.205,0.058,-0.100,0.043,13.30,0.27
1864,1974,5,0.220,0.334,-0.578,0.156,-0.387,0.105,-0.221,0.055,-0.100,0.043,13.30,0.27
1865,1974,6,0.491,0.323,-0.615,0.173,-0.379,0.102,-0.212,0.054,-0.107,0.044,13.30,0.27
1866,1974,7,-1.267,0.261,-0.656,0.161,-0.345,0.099,-0.202,0.055,-0.109,0.045,13.30,0.27
1867,1974,8,-1.298,0.586,-0.596,0.175,-0.318,0.091,-0.202,0.055,-0.111,0.045,13.30,0.27
1868,1974,9,-0.407,0.539,-0.714,0.171,-0.320,0.083,-0.210,0.054,-0.109,0.043,13.30,0.27
1869,1974,10,-1.624,0.187,-0.692,0.162,-0.312,0.084,-0.208,0.054,-0.109,0.043,13.30,0.27
1870,1974,11,-2.441,0.542,-0.729,0.167,-0.282,0.088,-0.232,0.052,-0.107,0.043,13.30,0.27
1871,1974,12,-0.605,0.335,-0.854,0.174,-0.294,0.085,-0.221,0.050,-0.108,0.042,13.30,0.27
1872,1975,1,-0.125,0.252,-0.783,0.194,-0.267,0.083,-0.241,0.046,-0.112,0.041,13.30,0.27
1873,1975,2,0.024,0.465,-0.714,0.165,-0.253,0.084,-0.238,0.046,-0.097,0.041,13.30,0.27
1874,1975,3,-1.039,0.351,-0.599,0.163,-0.273,0.090,-0.236,0.044,-0.100,0.042,13.30,0.27
1875,1975,4,-0.229,0.323,-0.552,0.172,-0.270,0.088,-0.243,0.045,-0.095,0.041,13.30,0.27
1876,1975,5,-0.223,0.419,-0.427,0.162,-0.262,0.095,-0.242,0.048,-0.092,0.041,13.30,0.27
1877,1975,6,-1.014,0.462,-0.323,0.141,-0.258,0.098,-0.247,0.047,-0.084,0.042,13.30,0.27
1878,1975,7,-0.418,0.345,-0.347,0.151,-0.270,0.100,-0.255,0.052,-0.084,0.041,13.30,0.27
1879,1975,8,-0.471,0.476,-0.381,0.144,-0.220,0.099,-0.261,0.054,-0.086,0.040,13.30,0.27
1880,1975,9,0.973,0.244,-0.394,0.164,-0.202,0.101,-0.265,0.057,-0.089,0.040,13.30,0.27
1881,1975,10,-1.062,0.412,-0.437,0.170,-0.186,0.104,-0.267,0.058,-0.098,0.040,13.30,0.27
1882,1975,11,-0.933,0.259,-0.411,0.158,-0.205,0.106,-0.258,0.059,-0.094,0.040,13.30,0.27
1883,1975,12,0.638,0.291,-0.406,0.134,-0.228,0.108,-0.281,0.061,-0.098,0.040,13.30,0.27
1884,1976,1,-0.405,0.215,-0.341,0.128,-0.274,0.108,-0.294,0.065,-0.103,0.039,13.30,0.27
1885,1976,2,-0.389,0.305,-0.335,0.164,-0.274,0.107,-0.297,0.068,-0.110,0.039,13.30,0.27
1886,1976,3,-1.201,0.349,-0.487,0.159,-0.289,0.104,-0.277,0.070,-0.105,0.039,13.30,0.27
1887,1976,4,-0.738,0.178,-0.395,0.133,-0.330,0.108,-0.274,0.071,-0.108,0.039,13.30,0.27
1888,1976,5,0.083,0.303,-0.452,0.124,-0.333,0.107,-0.273,0.075,-0.103,0.040,13.30,0.27
1889,1976,6,-0.952,0.259,-0.495,0.101,-0.316,0.105,-0.261,0.080,-0.109,0.039,13.30,0.27
1890,1976,7,0.364,0.414,-0.340,0.084,-0.281,0.103,-0.263,0.082,-0.108,0.039,13.30,0.27
1891,1976,8,-0.400,0.604,-0.150,0.075,-0.241,0.099,-0.276,0.085,-0.105,0.039,13.30,0.27
1892,1976,9,-0.852,0.156,-0.002,0.102,-0.235,0.098,-0.275,0.086,-0.101,0.039,13.30,0.27
1893,1976,10,0.044,0.411,0.070,0.100,-0.247,0.101,-0.263,0.085,-0.098,0.039,13.30,0.27
1894,1976,11,-1.620,0.253,0.095,0.105,-0.268,0.104,-0.264,0.087,-0.094,0.039,13.30,0.27
1895,1976,12,0.126,0.328,0.108,0.119,-0.267,0.105,-0.252,0.092,-0.091,0.039,13.30,0.27
1896,1977,1,1.451,0.368,0.195,0.156,-0.249,0.104,-0.236,0.094,-0.087,0.039,13.30,0.27
1897,1977,2,1.894,0.437,0.222,0.148,-0.221,0.102,-0.238,0.096,-0.087,0.039,13.30,0.27
1898,1977,3,0.576,0.546,0.182,0.154,-0.225,0.104,-0.250,0.096,-0.088,0.040,13.30,0.27
1899,1977,4,0.129,0.370,0.149,0.109,-0.183,0.101,-0.247,0.099,-0.087,0.041,13.30,0.27
1900,1977,5,0.375,0.303,0.349,0.119,-0.170,0.102,-0.236,0.103,-0.089,0.040,13.30,0.27
1901,1977,6,-0.794,0.328,0.345,0.116,-0.170,0.100,-0.223,0.107,-0.081,0.041,13.30,0.27
1902,1977,7,1.405,0.332,0.151,0.137,-0.180,0.102,-0.206,0.110,-0.071,0.042,13.30,0.27
1903,1977,8,-0.071,0.393,0.117,0.135,-0.178,0.102,-0.190,0.111,-0.066,0.042,13.30,0.27
1904,1977,9,-1.329,0.250,0.027,0.123,-0.161,0.100,-0.183,0.117,-0.062,0.042,13.30,0.27
1905,1977,10,-0.359,0.716,-0.014,0.168,-0.175,0.104,-0.168,0.118,-0.055,0.044,13.30,0.27
1906,1977,11,0.783,0.301,-0.056,0.187,-0.189,0.109,-0.165,0.122,-0.060,0.044,13.30,0.27
1907,1977,12,0.083,0.340,-0.035,0.215,-0.182,0.114,-0.170,0.124,-0.046,0.045,13.30,0.27
1908,1978,1,-0.879,0.371,-0.261,0.222,-0.202,0.118,-0.181,0.123,-0.036,0.045,13.30,0.27
1909,1978,2,1.487,0.680,-0.273,0.222,-0.199,0.120,-0.178,0.122,-0.039,0.044,13.30,0.27
1910,1978,3,-0.510,0.367,-0.267,0.207,-0.219,0.116,-0.170,0.122,-0.039,0.044,13.30,0.27
1911,1978,4,-0.357,0.737,-0.383,0.232,-0.216,0.116,-0.156,0.120,-0.041,0.043,13.30,0.27
1912,1978,5,-0.137,0.478,-0.556,0.218,-0.184,0.115,-0.161,0.121,-0.035,0.044,13.30,0.27
1913,1978,6,-0.532,0.445,-0.491,0.206,-0.231,0.119,-0.173,0.120,-0.027,0.045,13.30,0.27
1914,1978,7,-1.309,0.384,-0.215,0.190,-0.253,0.123,-0.180,0.118,-0.019,0.047,13.30,0.27
1915,1978,8,-0.218,0.330,-0.196,0.173,-0.263,0.126,-0.167,0.118,-0.014,0.047,13.30,0.27
1916,1978,9,-1.259,0.499,-0.090,0.193,-0.218,0.126,-0.167,0.119,-0.016,0.049,13.30,0.27
1917,1978,10,-1.753,0.335,-0.162,0.177,-0.184,0.129,-0.171,0.118,-0.004,0.050,13.30,0.27
1918,1978,11,-1.285,0.617,-0.237,0.209,-0.182,0.135,-0.148,0.117,-0.001,0.050,13.30,0.27
1919,1978,12,0.854,0.574,-0.149,0.210,-0.158,0.139,-0.152,0.117,-0.005,0.050,13.30,0.27
1920,1979,1,2.439,0.362,-0.053,0.199,-0.169,0.143,-0.155,0.115,-0.007,0.050,13.30,0.27
1921,1979,2,1.708,0.496,-0.007,0.176,-0.172,0.142,-0.160,0.114,-0.010,0.050,13.30,0.27
1922,1979,3,0.770,0.296,0.047,0.186,-0.155,0.146,-0.168,0.114,-0.013,0.049,13.30,0.27
1923,1979,4,-1.229,0.416,0.267,0.173,-0.144,0.143,-0.164,0.113,-0.009,0.050,13.30,0.27
1924,1979,5,-1.032,0.525,0.237,0.174,-0.140,0.142,-0.164,0.111,-0.013,0.051,13.30,0.27
1925,1979,6,0.525,0.324,0.114,0.172,-0.126,0.145,-0.175,0.111,-0.010,0.053,13.30,0.27
1926,1979,7,-0.158,0.489,-0.150,0.173,-0.127,0.145,-0.169,0.108,-0.002,0.055,13.30,0.27
1927,1979,8,0.337,0.324,-0.279,0.164,-0.157,0.142,-0.156,0.107,0.004,0.056,13.30,0.27
1928,1979,9,-0.610,0.537,-0.343,0.153,-0.180,0.141,-0.156,0.108,0.009,0.056,13.30,0.27
1929,1979,10,0.885,0.181,-0.330,0.159,-0.181,0.146,-0.145,0.107,0.008,0.057,13.30,0.27
1930,1979,11,-1.643,0.330,-0.334,0.167,-0.190,0.147,-0.119,0.106,0.008,0.058,13.30,0.27
1931,1979,12,-0.620,0.266,-0.428,0.163,-0.151,0.153,-0.114,0.104,0.026,0.058,13.30,0.27
1932,1980,1,-0.730,0.362,-0.551,0.178,-0.144,0.159,-0.117,0.106,0.028,0.058,13.30,0.27
1933,1980,2,0.156,0.225,-0.604,0.181,-0.127,0.161,-0.103,0.104,0.036,0.057,13.30,0.27
1934,1980,3,0.001,0.282,-0.570,0.171,-0.093,0.164,-0.101,0.101,0.040,0.057,13.30,0.27
1935,1980,4,-1.069,0.531,-0.716,0.201,-0.065,0.169,-0.097,0.099,0.045,0.058,13.30,0.27
1936,1980,5,-1.080,0.552,-0.497,0.200,-0.067,0.170,-0.094,0.099,0.054,0.059,13.30,0.27
1937,1980,6,-0.608,0.401,-0.628,0.201,-0.082,0.172,-0.078,0.101,0.060,0.059,13.30,0.27
1938,1980,7,-1.630,0.495,-0.712,0.208,-0.092,0.170,-0.066,0.102,0.065,0.061,13.30,0.27
1939,1980,8,-0.295,0.508,-0.806,0.216,-0.136,0.167,-0.065,0.101,0.064,0.063,13.30,0.27
1940,1980,9,-0.208,0.234,-0.681,0.214,-0.137,0.168,-0.082,0.100,0.073,0.064,13.30,0.27
1941,1980,10,-0.868,0.361,-0.485,0.207,-0.126,0.157,-0.074,0.098,0.090,0.064,13.30,0.27
1942,1980,11,0.990,0.266,-0.377,0.186,-0.117,0.154,-0.054,0.096,0.096,0.065,13.30,0.27
1943,1980,12,-2.197,0.308,-0.288,0.190,-0.117,0.152,-0.054,0.098,0.088,0.066,13.30,0.27
1944,1981,1,-1.736,0.422,-0.175,0.185,-0.085,0.148,-0.050,0.100,0.087,0.066,13.30,0.27
1945,1981,2,-0.968,0.230,-0.196,0.192,-0.060,0.145,-0.048,0.103,0.087,0.068,13.30,0.27
1946,1981,3,1.495,0.195,-0.167,0.217,-0.044,0.149,-0.037,0.105,0.099,0.068,13.30,0.27
1947,1981,4,1.284,0.249,-0.034,0.199,-0.013,0.148,-0.029,0.106,0.090,0.067,13.30,0.27
1948,1981,5,0.214,0.814,-0.236,0.204,0.037,0.150,-0.023,0.106,0.081,0.069,13.30,0.27
1949,1981,6,0.464,0.477,0.032,0.221,0.012,0.155,-0.018,0.107,0.083,0.070,13.30,0.27
1950,1981,7,-0.277,0.400,0.289,0.184,-0.029,0.152,-0.017,0.108,0.085,0.070,13.30,0.27
1951,1981,8,-0.547,0.347,0.381,0.165,-0.078,0.148,-0.003,0.107,0.083,0.070,13.30,0.27
1952,1981,9,0.143,0.428,0.186,0.158,-0.101,0.147,0.011,0.108,0.088,0.070,13.30,0.27
1953,1981,10,0.723,0.508,0.084,0.194,-0.081,0.143,0.025,0.108,0.098,0.070,13.30,0.27
1954,1981,11,-1.425,0.416,0.055,0.166,-0.060,0.138,0.039,0.108,0.101,0.070,13.30,0.27
1955,1981,12,1.018,0.535,0.144,0.179,-0.082,0.137,0.036,0.107,0.099,0.072,13.30,0.27
1956,1982,1,1.340,0.396,0.318,0.206,-0.089,0.137,0.019,0.107,0.097,0.072,13.30,0.27
1957,1982,2,0.142,0.205,0.444,0.199,-0.090,0.134,0.005,0.107,0.093,0.074,13.30,0.27
1958,1982,3,-0.842,0.183,0.492,0.203,-0.087,0.131,-0.007,0.107,0.092,0.074,13.30,0.27
1959,1982,4,0.058,0.791,0.542,0.220,-0.106,0.132,-0.007,0.105,0.091,0.073,13.30,0.27
1960,1982,5,-0.142,0.460,0.714,0.255,-0.068,0.130,-0.015,0.104,0.095,0.074,13.30,0.27
1961,1982,6,1.538,0.529,0.563,0.242,-0.058,0.131,-0.005,0.104,0.093,0.075,13.30,0.27
1962,1982,7,1.816,0.614,0.330,0.264,-0.054,0.129,-0.003,0.103,0.091,0.075,13.30,0.27
1963,1982,8,0.958,0.349,0.221,0.294,-0.027,0.126,0.011,0.104,0.097,0.074,13.30,0.27
1964,1982,9,0.719,0.280,0.241,0.307,-0.042,0.121,0.032,0.104,0.098,0.077,13.30,0.27
1965,1982,10,1.327,0.320,0.261,0.251,-0.019,0.116,0.054,0.105,0.106,0.075,13.30,0.27
1966,1982,11,0.635,0.465,0.309,0.226,0.002,0.111,0.050,0.105,0.110,0.076,13.30,0.27
1967,1982,12,-0.795,0.302,0.136,0.200,0.026,0.111,0.066,0.105,0.111,0.077,13.30,0.27
1968,1983,1,-1.457,0.231,0.036,0.161,0.071,0.112,0.082,0.103,0.107,0.076,13.30,0.27
1969,1983,2,-1.159,0.293,0.063,0.150,0.069,0.113,0.070,0.101,0.112,0.077,13.30,0.27
1970,1983,3,-0.601,0.320,-0.023,0.138,0.056,0.113,0.076,0.103,0.114,0.076,13.30,0.27
1971,1983,4,0.294,0.230,-0.123,0.138,0.068,0.110,0.087,0.101,0.120,0.075,13.30,0.27
1972,1983,5,0.433,0.491,-0.031,0.126,0.076,0.112,0.110,0.100,0.120,0.075,13.30,0.27
1973,1983,6,-0.544,0.352,-0.019,0.154,0.122,0.114,0.126,0.099,0.122,0.074,13.30,0.27
1974,1983,7,0.620,0.510,0.099,0.165,0.154,0.114,0.152,0.098,0.118,0.074,13.30,0.27
1975,1983,8,1.288,0.279,0.091,0.141,0.167,0.116,0.163,0.096,0.122,0.073,13.30,0.27
1976,1983,9,-0.317,0.344,0.090,0.138,0.144,0.117,0.168,0.098,0.127,0.073,13.30,0.27
1977,1983,10,0.124,0.243,0.067,0.131,0.126,0.117,0.199,0.097,0.131,0.072,13.30,0.27
1978,1983,11,1.741,0.241,0.049,0.145,0.137,0.109,0.222,0.097,0.142,0.072,13.30,0.27
1979,1983,12,-0.646,0.556,0.025,0.136,0.123,0.109,0.210,0.098,0.144,0.071,13.30,0.27
1980,1984,1,-0.047,0.365,-0.075,0.129,0.136,0.112,0.188,0.096,0.148,0.072,13.30,0.27
1981,1984,2,-1.248,0.360,-0.158,0.126,0.166,0.111,0.172,0.096,0.152,0.071,13.30,0.27
1982,1984,3,-0.612,0.154,-0.166,0.135,0.176,0.111,0.171,0.096,0.154,0.070,13.30,0.27
1983,1984,4,0.014,0.318,-0.200,0.116,0.193,0.110,0.188,0.095,0.153,0.071,13.30,0.27
1984,1984,5,0.220,0.265,-0.290,0.119,0.219,0.107,0.195,0.094,0.161,0.069,13.30,0.27
1985,1984,6,-0.831,0.301,-0.240,0.115,0.197,0.097,0.192,0.093,0.162,0.069,13.30,0.27
1986,1984,7,-0.585,0.437,-0.276,0.093,0.164,0.098,0.197,0.093,0.171,0.068,13.30,0.27
1987,1984,8,0.296,0.212,-0.025,0.095,0.166,0.101,0.209,0.092,0.186,0.068,13.30,0.27
1988,1984,9,-0.421,0.208,-0.047,0.104,0.167,0.102,0.227,0.090,0.197,0.068,13.30,0.27
1989,1984,10,-0.280,0.278,-0.021,0.107,0.167,0.098,0.223,0.092,0.211,0.068,13.30,0.27
1990,1984,11,0.667,0.304,-0.027,0.106,0.160,0.097,0.247,0.092,0.228,0.067,13.30,0.27
1991,1984,12,-0.048,0.275,0.115,0.102,0.141,0.093,0.274,0.092,0.231,0.067,13.30,0.27
1992,1985,1,-0.486,0.266,0.249,0.092,0.139,0.085,0.296,0.092,0.228,0.067,13.30,0.27
1993,1985,2,1.771,0.334,0.190,0.105,0.149,0.083,0.310,0.090,0.234,0.067,13.30,0.27
1994,1985,3,-0.879,0.254,0.144,0.097,0.156,0.081,0.317,0.089,0.238,0.067,13.30,0.27
1995,1985,4,0.327,0.288,0.157,0.113,0.172,0.083,0.333,0.087,0.235,0.066,13.30,0.27
1996,1985,5,0.145,0.170,0.222,0.114,0.167,0.083,0.350,0.086,0.240,0.067,13.30,0.27
1997,1985,6,0.871,0.538,0.273,0.129,0.213,0.085,0.367,0.084,0.247,0.067,13.30,0.27
1998,1985,7,1.027,0.320,0.329,0.142,0.256,0.087,0.385,0.085,0.254,0.067,13.30,0.27
1999,1985,8,-0.415,0.304,0.165,0.149,0.276,0.085,0.388,0.086,0.264,0.066,13.30,0.27
2000,1985,9,-0.968,0.251,0.249,0.136,0.289,0.085,0.411,0.086,0.265,0.065,13.30,0.27
2001,1985,10,-0.129,0.413,0.237,0.137,0.300,0.084,0.447,0.084,0.271,0.064,13.30,0.27
2002,1985,11,1.446,0.375,0.299,0.141,0.338,0.083,0.450,0.088,0.276,0.064,13.30,0.27
2003,1985,12,0.567,0.361,0.197,0.153,0.369,0.078,0.456,0.089,0.282,0.064,13.30,0.27
2004,1986,1,0.187,0.352,0.150,0.159,0.390,0.076,0.467,0.086,0.293,0.065,13.30,0.27
2005,1986,2,-0.195,0.364,0.289,0.154,0.386,0.076,0.471,0.084,0.294,0.065,13.30,0.27
2006,1986,3,0.120,0.251,0.433,0.145,0.381,0.079,0.474,0.082,0.302,0.065,13.30,0.27
2007,1986,4,0.182,0.341,0.589,0.136,0.412,0.076,0.454,0.081,0.307,0.065,13.30,0.27
2008,1986,5,0.887,0.354,0.478,0.130,0.406,0.075,0.435,0.077,0.309,0.066,13.30,0.27
2009,1986,6,-0.351,0.320,0.408,0.117,0.408,0.074,0.428,0.075,0.311,0.066,13.30,0.27
2010,1986,7,0.472,0.273,0.341,0.105,0.405,0.073,0.433,0.074,0.310,0.067,13.30,0.27
2011,1986,8,1.244,0.334,0.378,0.100,0.422,0.074,0.441,0.073,0.321,0.066,13.30,0.27
2012,1986,9,0.770,0.305,0.300,0.094,0.443,0.073,0.451,0.071,0.325,0.068,13.30,0.27
2013,1986,10,1.734,0.154,0.291,0.083,0.457,0.070,0.458,0.072,0.319,0.068,13.30,0.27
2014,1986,11,0.117,0.246,0.170,0.081,0.450,0.071,0.466,0.071,0.327,0.068,13.30,0.27
2015,1986,12,-0.274,0.279,0.233,0.086,0.465,0.067,0.451,0.068,0.331,0.068,13.30,0.27
2016,1987,1,-0.620,0.153,0.333,0.089,0.484,0.068,0.430,0.068,0.333,0.068,13.30,0.27
2017,1987,2,0.258,0.188,0.362,0.105,0.509,0.068,0.424,0.070,0.328,0.068,13.30,0.27
2018,1987,3,-0.816,0.359,0.393,0.104,0.542,0.068,0.434,0.070,0.321,0.069,13.30,0.27
2019,1987,4,0.068,0.346,0.438,0.119,0.552,0.067,0.429,0.067,0.319,0.069,13.30,0.27
2020,1987,5,-0.564,0.231,0.458,0.121,0.562,0.068,0.426,0.066,0.324,0.068,13.30,0.27
2021,1987,6,0.403,0.323,0.643,0.112,0.606,0.070,0.409,0.064,0.339,0.068,13.30,0.27
2022,1987,7,1.672,0.160,0.787,0.116,0.647,0.073,0.387,0.060,0.341,0.069,13.30,0.27
2023,1987,8,1.591,0.323,0.771,0.129,0.647,0.071,0.383,0.057,0.347,0.070,13.30,0.27
2024,1987,9,1.143,0.304,0.851,0.143,0.676,0.070,0.379,0.056,0.356,0.070,13.30,0.27
2025,1987,10,2.278,0.306,0.928,0.123,0.685,0.069,0.380,0.056,0.364,0.072,13.30,0.27
2026,1987,11,0.355,0.304,1.199,0.109,0.699,0.071,0.384,0.056,0.362,0.072,13.30,0.27
2027,1987,12,1.948,0.327,1.276,0.106,0.707,0.071,0.393,0.059,0.365,0.073,13.30,0.27
2028,1988,1,1.106,0.331,1.291,0.117,0.699,0.072,0.395,0.060,0.370,0.073,13.30,0.27
2029,1988,2,0.071,0.234,1.249,0.109,0.707,0.075,0.401,0.058,0.366,0.072,13.30,0.27
2030,1988,3,0.139,0.257,1.101,0.112,0.766,0.071,0.397,0.056,0.365,0.073,13.30,0.27
2031,1988,4,0.997,0.308,1.074,0.100,0.825,0.068,0.396,0.055,0.374,0.071,13.30,0.27
2032,1988,5,2.684,0.181,1.160,0.095,0.824,0.073,0.401,0.054,0.377,0.072,13.30,0.27
2033,1988,6,1.328,0.323,0.954,0.105,0.791,0.074,0.416,0.052,0.386,0.071,13.30,0.27
2034,1988,7,1.845,0.193,0.844,0.111,0.781,0.071,0.416,0.049,0.396,0.071,13.30,0.27
2035,1988,8,1.092,0.171,0.818,0.105,0.775,0.069,0.412,0.049,0.402,0.070,13.30,0.27
2036,1988,9,-0.636,0.233,0.863,0.121,0.804,0.067,0.420,0.050,0.415,0.070,13.30,0.27
2037,1988,10,1.962,0.235,0.851,0.128,0.783,0.065,0.434,0.048,0.423,0.070,13.30,0.27
2038,1988,11,1.385,0.218,0.609,0.133,0.733,0.067,0.431,0.047,0.426,0.070,13.30,0.27
2039,1988,12,-0.532,0.315,0.507,0.125,0.733,0.065,0.439,0.048,0.417,0.071,13.30,0.27
2040,1989,1,-0.213,0.234,0.398,0.120,0.729,0.066,0.452,0.047,0.412,0.071,13.30,0.27
2041,1989,2,-0.235,0.247,0.454,0.127,0.716,0.066,0.463,0.048,0.400,0.070,13.30,0.27
2042,1989,3,0.679,0.372,0.638,0.138,0.726,0.066,0.476,0.045,0.400,0.070,13.30,0.27
2043,1989,4,0.848,0.281,0.504,0.155,0.724,0.065,0.470,0.045,0.408,0.070,13.30,0.27
2044,1989,5,-0.211,0.194,0.495,0.139,0.714,0.063,0.485,0.046,0.424,0.069,13.30,0.27
2045,1989,6,0.100,0.341,0.753,0.118,0.706,0.064,0.499,0.045,0.434,0.068,13.30,0.27
2046,1989,7,0.532,0.255,0.935,0.138,0.696,0.062,0.512,0.045,0.441,0.069,13.30,0.27
2047,1989,8,1.765,0.403,1.100,0.121,0.682,0.064,0.527,0.046,0.454,0.068,13.30,0.27
2048,1989,9,1.571,0.283,1.116,0.099,0.702,0.064,0.549,0.046,0.468,0.067,13.30,0.27
2049,1989,10,0.360,0.343,1.119,0.092,0.691,0.059,0.566,0.047,0.476,0.068,13.30,0.27
2050,1989,11,1.269,0.280,1.218,0.091,0.692,0.058,0.575,0.047,0.488,0.068,13.30,0.27
2051,1989,12,2.563,0.253,1.323,0.071,0.677,0.058,0.577,0.051,0.491,0.068,13.30,0.27
2052,1990,1,1.982,0.302,1.324,0.067,0.635,0.059,0.574,0.054,0.486,0.067,13.30,0.27
2053,1990,2,1.742,0.255,1.184,0.081,0.617,0.053,0.570,0.055,0.483,0.068,13.30,0.27
2054,1990,3,0.872,0.409,1.263,0.082,0.602,0.053,0.577,0.056,0.485,0.068,13.30,0.27
2055,1990,4,0.877,0.309,1.522,0.089,0.589,0.052,0.567,0.057,0.497,0.068,13.30,0.27
2056,1990,5,0.983,0.321,1.531,0.110,0.601,0.053,0.573,0.058,0.514,0.068,13.30,0.27
2057,1990,6,1.359,0.474,1.197,0.115,0.572,0.058,0.572,0.061,0.519,0.068,13.30,0.27
2058,1990,7,0.542,0.418,0.998,0.100,0.534,0.061,0.575,0.060,0.531,0.068,13.30,0.27
2059,1990,8,0.090,0.293,0.805,0.100,0.526,0.062,0.594,0.061,0.535,0.067,13.30,0.27
2060,1990,9,2.516,0.542,0.891,0.090,0.505,0.059,0.611,0.060,0.539,0.067,13.30,0.27
2061,1990,10,3.464,0.291,0.726,0.104,0.492,0.059,0.617,0.060,0.545,0.067,13.30,0.27
2062,1990,11,1.378,0.554,0.466,0.125,0.463,0.059,0.605,0.061,0.546,0.067,13.30,0.27
2063,1990,12,-1.440,0.111,0.326,0.111,0.463,0.059,0.618,0.062,0.560,0.067,13.30,0.27
2064,1991,1,-0.409,0.313,0.302,0.094,0.443,0.055,0.637,0.062,0.570,0.066,13.30,0.27
2065,1991,2,-0.569,0.295,0.334,0.111,0.437,0.056,0.636,0.064,0.572,0.067,13.30,0.27
2066,1991,3,1.896,0.378,0.234,0.110,0.459,0.054,0.641,0.063,0.579,0.067,13.30,0.27
2067,1991,4,-1.095,0.130,0.082,0.096,0.457,0.052,0.642,0.063,0.574,0.067,13.30,0.27
2068,1991,5,-2.136,0.314,-0.075,0.122,0.457,0.048,0.641,0.063,0.581,0.066,13.30,0.27
2069,1991,6,-0.327,0.220,-0.018,0.148,0.470,0.051,0.640,0.064,0.582,0.065,13.30,0.27
2070,1991,7,0.252,0.173,-0.085,0.143,0.499,0.055,0.637,0.067,0.592,0.065,13.30,0.27
2071,1991,8,0.474,0.408,-0.084,0.126,0.504,0.060,0.644,0.067,0.598,0.066,13.30,0.27
2072,1991,9,1.318,0.475,-0.213,0.140,0.509,0.060,0.640,0.070,0.605,0.065,13.30,0.27
2073,1991,10,1.636,0.304,-0.171,0.139,0.482,0.065,0.614,0.072,0.617,0.066,13.30,0.27
2074,1991,11,-0.503,0.386,-0.035,0.150,0.520,0.069,0.615,0.072,0.630,0.066,13.30,0.27
2075,1991,12,-0.757,0.465,-0.049,0.139,0.533,0.070,0.626,0.070,0.625,0.066,13.30,0.27
2076,1992,1,-1.204,0.424,-0.139,0.146,0.539,0.071,0.647,0.069,0.616,0.066,13.30,0.27
2077,1992,2,-0.557,0.269,-0.133,0.139,0.546,0.074,0.650,0.070,0.616,0.066,13.30,0.27
2078,1992,3,0.349,0.167,-0.226,0.121,0.556,0.076,0.649,0.069,0.627,0.066,13.30,0.27
2079,1992,4,-0.596,0.331,-0.238,0.141,0.579,0.081,0.645,0.071,0.631,0.065,13.30,0.27
2080,1992,5,-0.507,0.339,-0.105,0.145,0.588,0.081,0.662,0.070,0.637,0.065,13.30,0.27
2081,1992,6,-0.494,0.315,-0.024,0.168,0.547,0.089,0.683,0.069,0.635,0.064,13.30,0.27
2082,1992,7,-0.819,0.245,-0.021,0.161,0.500,0.096,0.685,0.071,0.636,0.062,13.30,0.27
2083,1992,8,0.535,0.314,-0.010,0.154,0.494,0.097,0.684,0.071,0.641,0.061,13.30,0.27
2084,1992,9,0.206,0.207,-0.130,0.143,0.477,0.098,0.681,0.073,0.642,0.060,13.30,0.27
2085,1992,10,1.493,0.412,-0.065,0.144,0.449,0.101,0.674,0.075,0.640,0.059,13.30,0.27
2086,1992,11,1.091,0.399,0.059,0.112,0.446,0.106,0.675,0.074,0.645,0.059,13.30,0.27
2087,1992,12,0.216,0.451,0.206,0.113,0.437,0.107,0.665,0.076,0.654,0.060,13.30,0.27
2088,1993,1,-1.172,0.356,0.329,0.099,0.450,0.102,0.659,0.077,0.667,0.059,13.30,0.27
2089,1993,2,-0.420,0.388,0.348,0.106,0.480,0.105,0.661,0.076,0.669,0.059,13.30,0.27
2090,1993,3,-1.098,0.274,0.389,0.106,0.457,0.103,0.655,0.076,0.672,0.058,13.30,0.27
2091,1993,4,0.189,0.315,0.415,0.077,0.408,0.101,0.660,0.077,0.676,0.059,13.30,0.27
2092,1993,5,0.976,0.261,0.441,0.060,0.386,0.105,0.644,0.078,0.681,0.059,13.30,0.27
2093,1993,6,1.271,0.261,0.443,0.053,0.445,0.107,0.646,0.077,0.692,0.058,13.30,0.27
2094,1993,7,0.662,0.284,0.667,0.072,0.492,0.104,0.639,0.078,0.704,0.058,13.30,0.27
2095,1993,8,0.765,0.288,0.708,0.071,0.498,0.103,0.640,0.078,0.709,0.058,13.30,0.27
2096,1993,9,0.690,0.278,0.879,0.089,0.477,0.102,0.661,0.076,0.718,0.058,13.30,0.27
2097,1993,10,1.813,0.191,0.802,0.090,0.502,0.099,0.648,0.076,0.733,0.057,13.30,0.27
2098,1993,11,1.398,0.229,0.892,0.124,0.549,0.096,0.630,0.075,0.733,0.057,13.30,0.27
2099,1993,12,0.245,0.192,0.858,0.137,0.547,0.094,0.624,0.074,0.737,0.057,13.30,0.27
2100,1994,1,1.518,0.278,0.880,0.152,0.544,0.096,0.636,0.074,0.739,0.058,13.30,0.27
2101,1994,2,0.072,0.464,0.995,0.182,0.572,0.095,0.628,0.075,0.748,0.057,13.30,0.27
2102,1994,3,0.950,0.306,1.121,0.177,0.554,0.098,0.629,0.074,0.756,0.056,13.30,0.27
2103,1994,4,-0.740,0.284,1.116,0.188,0.504,0.101,0.627,0.074,0.760,0.056,13.30,0.27
2104,1994,5,2.058,0.414,1.149,0.201,0.517,0.103,0.652,0.075,0.757,0.056,13.30,0.27
2105,1994,6,0.863,0.227,1.137,0.231,0.547,0.097,0.676,0.074,0.762,0.056,13.30,0.27
2106,1994,7,0.933,0.367,0.943,0.228,0.598,0.098,0.684,0.075,0.768,0.056,13.30,0.27
2107,1994,8,2.138,0.388,1.051,0.210,0.619,0.096,0.699,0.075,0.775,0.056,13.30,0.27
2108,1994,9,2.198,0.224,0.960,0.210,0.597,0.094,0.708,0.076,0.776,0.056,13.30,0.27
2109,1994,10,1.758,0.293,0.951,0.215,0.600,0.101,0.729,0.077,0.788,0.056,13.30,0.27
2110,1994,11,1.798,0.210,0.851,0.211,0.633,0.100,0.729,0.078,0.787,0.056,13.30,0.27
2111,1994,12,0.100,0.601,0.843,0.218,0.689,0.097,0.707,0.078,0.793,0.056,13.30,0.27
2112,1995,1,-0.816,0.491,0.879,0.214,0.734,0.099,0.676,0.080,0.790,0.057,13.30,0.27
2113,1995,2,1.369,0.259,0.858,0.208,0.750,0.103,0.656,0.081,0.775,0.058,13.30,0.27
2114,1995,3,-0.138,0.286,0.770,0.202,0.761,0.106,0.653,0.082,0.784,0.058,13.30,0.27
2115,1995,4,-0.847,0.298,0.665,0.189,0.759,0.112,0.661,0.084,0.786,0.058,13.30,0.27
2116,1995,5,0.853,0.314,0.519,0.181,0.749,0.111,0.679,0.084,0.791,0.058,13.30,0.27
2117,1995,6,0.774,0.285,0.685,0.177,0.758,0.115,0.672,0.084,0.793,0.059,13.30,0.27
2118,1995,7,1.358,0.449,0.956,0.180,0.784,0.113,0.677,0.083,0.800,0.058,13.30,0.27
2119,1995,8,1.890,0.316,0.824,0.201,0.796,0.111,0.682,0.084,0.808,0.058,13.30,0.27
2120,1995,9,1.138,0.170,0.890,0.199,0.804,0.110,0.666,0.085,0.816,0.058,13.30,0.27
2121,1995,10,0.500,0.318,0.993,0.191,0.828,0.114,0.644,0.086,0.827,0.059,13.30,0.27
2122,1995,11,0.043,0.199,0.978,0.213,0.824,0.119,0.642,0.086,0.827,0.060,13.30,0.27
2123,1995,12,2.098,0.453,0.876,0.230,0.829,0.120,0.664,0.086,0.824,0.060,13.30,0.27
2124,1996,1,2.441,0.223,0.772,0.221,0.835,0.122,0.673,0.086,0.820,0.060,13.30,0.27
2125,1996,2,-0.221,0.393,0.792,0.210,0.843,0.126,0.674,0.086,0.820,0.061,13.30,0.27
2126,1996,3,0.657,0.317,0.718,0.231,0.863,0.127,0.683,0.087,0.822,0.060,13.30,0.27
2127,1996,4,0.381,0.238,0.564,0.221,0.838,0.128,0.694,0.088,0.832,0.061,13.30,0.27
2128,1996,5,0.679,0.341,0.579,0.211,0.803,0.128,0.726,0.087,0.839,0.060,13.30,0.27
2129,1996,6,-0.451,0.398,0.495,0.195,0.779,0.126,0.735,0.086,0.845,0.060,13.30,0.27
2130,1996,7,0.107,0.363,0.444,0.179,0.773,0.122,0.751,0.087,0.850,0.061,13.30,0.27
2131,1996,8,2.139,0.224,0.519,0.165,0.752,0.117,0.756,0.087,0.853,0.061,13.30,0.27
2132,1996,9,0.249,0.426,0.387,0.174,0.750,0.121,0.760,0.086,0.850,0.061,13.30,0.27
2133,1996,10,-1.356,0.345,0.320,0.189,0.771,0.120,0.776,0.089,0.850,0.062,13.30,0.27
2134,1996,11,0.229,0.223,0.385,0.186,0.785,0.122,0.793,0.089,0.854,0.061,13.30,0.27
2135,1996,12,1.087,0.244,0.664,0.166,0.819,0.119,0.799,0.087,0.861,0.060,13.30,0.27
2136,1997,1,1.823,0.198,0.811,0.156,0.829,0.121,0.801,0.088,0.869,0.060,13.30,0.27
2137,1997,2,0.689,0.184,0.758,0.168,0.853,0.120,0.808,0.086,0.875,0.060,13.30,0.27
2138,1997,3,-0.933,0.386,0.807,0.149,0.860,0.120,0.819,0.086,0.879,0.059,13.30,0.27
2139,1997,4,-0.426,0.405,1.035,0.152,0.878,0.118,0.834,0.087,0.886,0.059,13.30,0.27
2140,1997,5,1.460,0.422,1.056,0.162,0.869,0.119,0.849,0.085,0.894,0.059,13.30,0.27
2141,1997,6,2.896,0.223,1.029,0.173,0.867,0.117,0.861,0.086,0.900,0.059,13.30,0.27
2142,1997,7,1.878,0.260,0.907,0.179,0.851,0.118,0.886,0.085,0.894,0.060,13.30,0.27
2143,1997,8,1.497,0.262,0.880,0.184,0.817,0.121,0.898,0.085,0.894,0.060,13.30,0.27
2144,1997,9,0.837,0.252,0.905,0.185,0.829,0.119,0.905,0.085,0.895,0.060,13.30,0.27
2145,1997,10,1.384,0.536,1.077,0.182,0.874,0.119,0.900,0.086,0.892,0.060,13.30,0.27
2146,1997,11,0.478,0.547,1.016,0.204,0.911,0.121,0.907,0.086,0.890,0.061,13.30,0.27
2147,1997,12,0.760,0.375,0.904,0.198,0.907,0.120,0.916,0.086,0.883,0.061,13.30,0.27
2148,1998,1,0.370,0.473,0.832,0.202,0.903,0.119,0.940,0.084,0.881,0.062,13.30,0.27
2149,1998,2,0.356,0.216,0.811,0.189,0.883,0.115,0.938,0.083,0.879,0.062,13.30,0.27
2150,1998,3,-0.633,0.267,0.899,0.177,0.875,0.117,0.946,0.082,0.880,0.062,13.30,0.27
2151,1998,4,1.642,0.210,0.812,0.131,0.880,0.116,0.955,0.085,0.881,0.062,13.30,0.27
2152,1998,5,0.732,0.249,0.710,0.100,0.898,0.115,0.961,0.086,0.879,0.062,13.30,0.27
2153,1998,6,1.545,0.219,0.548,0.089,0.884,0.116,0.967,0.087,0.875,0.062,13.30,0.27
2154,1998,7,1.014,0.217,0.613,0.082,0.853,0.116,0.991,0.087,0.877,0.062,13.30,0.27
2155,1998,8,1.251,0.223,0.488,0.089,0.849,0.118,1.006,0.088,0.877,0.062,13.30,0.27
2156,1998,9,1.884,0.206,0.607,0.088,0.890,0.119,1.015,0.088,0.887,0.062,13.30,0.27
2157,1998,10,0.343,0.252,0.516,0.096,0.886,0.121,1.031,0.088,0.887,0.062,13.30,0.27
2158,1998,11,-0.749,0.154,0.695,0.104,0.904,0.119,1.035,0.089,0.882,0.063,13.30,0.27
2159,1998,12,-1.180,0.352,0.807,0.105,0.923,0.117,1.034,0.089,0.880,0.062,13.30,0.27
2160,1999,1,1.155,0.235,0.849,0.115,0.957,0.116,1.027,0.088,0.886,0.062,13.30,0.27
2161,1999,2,-1.155,0.252,1.046,0.111,0.939,0.118,1.034,0.087,0.885,0.062,13.30,0.27
2162,1999,3,0.806,0.358,1.105,0.119,0.966,0.114,1.036,0.087,0.882,0.062,13.30,0.27
2163,1999,4,0.545,0.418,1.314,0.126,1.047,0.113,1.050,0.085,0.879,0.062,13.30,0.27
2164,1999,5,2.875,0.283,1.482,0.131,1.069,0.112,1.030,0.086,0.882,0.063,13.30,0.27
2165,1999,6,2.888,0.275,1.581,0.132,1.052,0.114,1.025,0.086,0.886,0.062,13.30,0.27
2166,1999,7,1.528,0.342,1.336,0.136,1.004,0.114,1.024,0.086,0.892,0.062,13.30,0.27
2167,1999,8,3.606,0.190,1.376,0.136,0.997,0.115,1.023,0.085,0.893,0.062,13.30,0.27
2168,1999,9,2.597,0.348,1.356,0.146,1.041,0.115,1.003,0.085,0.890,0.062,13.30,0.27
2169,1999,10,2.854,0.310,1.466,0.138,1.068,0.117,1.010,0.085,0.890,0.062,13.30,0.27
2170,1999,11,1.263,0.242,1.480,0.135,1.065,0.119,0.999,0.086,0.884,0.063,13.30,0.27
2171,1999,12,0.008,0.317,1.285,0.150,1.032,0.119,1.010,0.086,0.882,0.064,13.30,0.27
2172,2000,1,-1.786,0.275,1.253,0.149,1.037,0.118,1.006,0.089,0.880,0.064,13.30,0.27
2173,2000,2,-0.675,0.295,1.007,0.156,1.046,0.116,0.980,0.090,0.882,0.064,13.30,0.27
2174,2000,3,0.566,0.376,0.847,0.154,1.050,0.114,0.991,0.089,0.887,0.065,13.30,0.27
2175,2000,4,1.868,0.252,0.675,0.145,1.042,0.110,1.004,0.089,0.893,0.065,13.30,0.27
2176,2000,5,3.047,0.241,0.665,0.151,1.065,0.107,1.010,0.090,0.892,0.066,13.30,0.27
2177,2000,6,0.550,0.220,0.769,0.155,1.074,0.105,1.013,0.090,0.891,0.066,13.30,0.27
2178,2000,7,1.141,0.200,0.966,0.162,1.096,0.105,1.025,0.089,0.896,0.066,13.30,0.27
2179,2000,8,0.656,0.388,0.985,0.174,1.079,0.107,1.022,0.090,0.903,0.065,13.30,0.27
2180,2000,9,0.674,0.159,1.194,0.157,1.088,0.109,1.021,0.091,0.895,0.066,13.30,0.27
2181,2000,10,0.792,0.261,1.050,0.148,1.082,0.109,1.038,0.092,0.884,0.066,13.30,0.27
2182,2000,11,1.136,0.324,0.945,0.149,1.098,0.109,1.050,0.092,0.882,0.067,13.30,0.27
2183,2000,12,1.254,0.391,0.958,0.142,1.106,0.108,1.030,0.096,0.893,0.067,13.30,0.27
2184,2001,1,0.578,0.342,1.038,0.145,1.148,0.106,1.004,0.098,0.897,0.067,13.30,0.27
2185,2001,2,-0.442,0.394,1.073,0.149,1.169,0.104,1.003,0.099,0.899,0.068,13.30,0.27
2186,2001,3,3.073,0.202,1.172,0.137,1.167,0.106,1.004,0.098,0.893,0.067,13.30,0.27
2187,2001,4,0.144,0.299,1.397,0.150,1.225,0.105,1.021,0.099,0.905,0.068,13.30,0.27
2188,2001,5,1.786,0.266,1.435,0.139,1.268,0.108,1.038,0.096,0.916,0.067,13.30,0.27
2189,2001,6,0.704,0.188,1.332,0.135,1.290,0.107,1.050,0.095,0.919,0.068,13.30,0.27
2190,2001,7,2.104,0.226,1.198,0.131,1.281,0.105,1.064,0.094,0.926,0.068,13.30,0.27
2191,2001,8,1.072,0.305,1.259,0.126,1.316,0.106,1.061,0.094,0.927,0.068,13.30,0.27
2192,2001,9,1.869,0.234,1.144,0.132,1.323,0.108,1.060,0.096,0.930,0.069,13.30,0.27
2193,2001,10,3.489,0.262,1.231,0.137,1.329,0.107,1.087,0.096,0.925,0.069,13.30,0.27
2194,2001,11,1.591,0.290,1.188,0.139,1.274,0.106,1.093,0.096,0.935,0.070,13.30,0.27
2195,2001,12,0.021,0.418,1.208,0.135,1.232,0.106,1.096,0.095,0.941,0.070,13.30,0.27
2196,2002,1,-1.037,0.207,1.212,0.135,1.219,0.107,1.091,0.095,0.947,0.071,13.30,0.27
2197,2002,2,0.291,0.419,1.292,0.144,1.194,0.109,1.100,0.095,0.940,0.070,13.30,0.27
2198,2002,3,1.700,0.222,1.226,0.146,1.147,0.106,1.109,0.094,0.939,0.070,13.30,0.27
2199,2002,4,1.181,0.264,1.010,0.175,1.142,0.106,1.127,0.094,0.947,0.070,13.30,0.27
2200,2002,5,1.270,0.235,1.031,0.189,1.128,0.108,1.125,0.094,0.952,0.071,13.30,0.27
2201,2002,6,0.946,0.201,1.139,0.179,1.153,0.109,1.117,0.094,0.964,0.071,13.30,0.27
2202,2002,7,2.152,0.389,1.368,0.199,1.161,0.113,1.104,0.094,0.979,0.072,13.30,0.27
2203,2002,8,2.033,0.525,1.289,0.199,1.143,0.113,1.105,0.095,0.985,0.072,13.30,0.27
2204,2002,9,1.076,0.257,1.140,0.230,1.152,0.117,1.109,0.095,0.990,0.072,13.30,0.27
2205,2002,10,0.902,0.360,1.147,0.222,1.135,0.115,1.110,0.094,0.996,0.073,13.30,0.27
2206,2002,11,1.842,0.418,1.182,0.211,1.109,0.115,1.106,0.095,1.005,0.073,13.30,0.27
2207,2002,12,1.307,0.339,1.270,0.210,1.120,0.114,1.101,0.097,1.006,0.074,13.30,0.27
2208,2003,1,1.715,0.406,1.385,0.193,1.147,0.111,1.102,0.098,1.014,0.075,13.30,0.27
2209,2003,2,-0.659,0.195,1.427,0.168,1.160,0.114,1.097,0.098,1.012,0.074,13.30,0.27
2210,2003,3,-0.086,0.458,1.485,0.183,1.167,0.116,1.106,0.100,1.025,0.074,13.30,0.27
2211,2003,4,1.261,0.178,1.726,0.148,1.196,0.118,1.102,0.100,1.033,0.076,13.30,0.27
2212,2003,5,1.701,0.285,1.728,0.142,1.202,0.118,1.113,0.099,1.035,0.077,13.30,0.27
2213,2003,6,1.994,0.190,1.629,0.161,1.176,0.124,1.104,0.098,1.028,0.077,13.30,0.27
2214,2003,7,3.541,0.210,1.536,0.150,1.154,0.133,1.115,0.098,1.031,0.078,13.30,0.27
2215,2003,8,2.526,0.205,1.670,0.162,1.157,0.137,1.115,0.097,1.032,0.079,13.30,0.27
2216,2003,9,1.775,0.461,1.780,0.174,1.118,0.140,1.112,0.098,1.036,0.080,13.30,0.27
2217,2003,10,3.796,0.152,1.752,0.188,1.156,0.140,1.126,0.098,1.043,0.080,13.30,0.27
2218,2003,11,1.862,0.328,1.575,0.181,1.172,0.139,1.134,0.099,1.041,0.081,13.30,0.27
2219,2003,12,0.120,0.413,1.437,0.196,1.176,0.140,1.136,0.098,1.042,0.081,13.30,0.27
2220,2004,1,0.606,0.378,1.204,0.187,1.171,0.137,1.136,0.098,1.041,0.080,13.30,0.27
2221,2004,2,0.946,0.335,1.169,0.197,1.183,0.138,1.142,0.097,1.046,0.080,13.30,0.27
2222,2004,3,1.233,0.427,1.004,0.169,1.153,0.142,1.136,0.098,1.043,0.081,13.30,0.27
2223,2004,4,0.924,0.299,0.900,0.178,1.127,0.146,1.130,0.099,1.051,0.081,13.30,0.27
2224,2004,5,-0.427,0.218,0.782,0.170,1.116,0.143,1.111,0.099,1.047,0.082,13.30,0.27
2225,2004,6,0.337,0.237,0.897,0.172,1.139,0.139,1.096,0.098,1.047,0.082,13.30,0.27
2226,2004,7,0.751,0.170,0.739,0.198,1.178,0.140,1.101,0.098,1.049,0.083,13.30,0.27
2227,2004,8,2.098,0.366,0.514,0.167,1.202,0.141,1.087,0.099,1.048,0.084,13.30,0.27
2228,2004,9,-0.197,0.335,0.503,0.152,1.176,0.141,1.072,0.099,1.051,0.084,13.30,0.27
2229,2004,10,2.544,0.195,0.494,0.140,1.185,0.139,1.051,0.100,1.053,0.085,13.30,0.27
2230,2004,11,0.450,0.289,0.655,0.140,1.185,0.138,1.040,0.100,1.056,0.085,13.30,0.27
2231,2004,12,1.498,0.390,0.725,0.131,1.201,0.140,1.057,0.100,1.059,0.085,13.30,0.27
2232,2005,1,-1.284,0.350,0.895,0.119,1.171,0.136,1.085,0.100,1.062,0.086,13.30,0.27
2233,2005,2,-1.754,0.212,0.842,0.121,1.164,0.131,1.108,0.101,1.054,0.087,13.30,0.27
2234,2005,3,1.092,0.275,0.949,0.135,1.167,0.132,1.120,0.104,1.056,0.087,13.30,0.27
2235,2005,4,0.819,0.160,0.945,0.144,1.179,0.129,1.124,0.105,1.062,0.088,13.30,0.27
2236,2005,5,1.509,0.320,1.032,0.138,1.148,0.129,1.105,0.106,1.066,0.089,13.30,0.27
2237,2005,6,1.180,0.379,0.884,0.137,1.127,0.134,1.110,0.106,1.066,0.090,13.30,0.27
2238,2005,7,2.781,0.243,0.929,0.150,1.109,0.131,1.116,0.106,1.067,0.091,13.30,0.27
2239,2005,8,1.470,0.262,1.054,0.166,1.114,0.130,1.123,0.107,1.069,0.093,13.30,0.27
2240,2005,9,1.079,0.307,1.025,0.170,1.124,0.130,1.123,0.107,1.071,0.094,13.30,0.27
2241,2005,10,2.504,0.348,1.159,0.170,1.121,0.132,1.123,0.106,1.080,0.094,13.30,0.27
2242,2005,11,1.491,0.218,1.258,0.174,1.128,0.130,1.123,0.107,1.086,0.094,13.30,0.27
2243,2005,12,-0.283,0.472,1.239,0.177,1.103,0.130,1.121,0.108,1.077,0.095,13.30,0.27
2244,2006,1,-0.740,0.521,1.159,0.175,1.083,0.127,1.122,0.108,1.072,0.095,13.30,0.27
2245,2006,2,-0.257,0.231,1.185,0.177,1.060,0.127,1.124,0.108,1.079,0.095,13.30,0.27
2246,2006,3,0.749,0.292,1.103,0.186,1.057,0.123,1.103,0.108,1.077,0.094,13.30,0.27
2247,2006,4,2.426,0.258,1.053,0.177,1.027,0.122,1.115,0.108,1.086,0.093,13.30,0.27
2248,2006,5,2.702,0.196,1.009,0.162,0.999,0.118,1.106,0.108,1.090,0.092,13.30,0.27
2249,2006,6,0.942,0.118,1.150,0.127,0.982,0.113,1.103,0.109,1.098,0.092,13.30,0.27
2250,2006,7,1.828,0.293,1.319,0.094,0.992,0.114,1.102,0.108,1.102,0.091,13.30,0.27
2251,2006,8,1.781,0.301,1.485,0.090,0.968,0.109,1.099,0.107,1.095,0.091,13.30,0.27
2252,2006,9,0.094,0.379,1.434,0.091,0.949,0.107,1.099,0.108,1.098,0.091,13.30,0.27
2253,2006,10,1.901,0.217,1.375,0.089,0.932,0.106,1.075,0.108,1.118,0.090,13.30,0.27
2254,2006,11,0.968,0.314,1.254,0.096,0.948,0.106,1.077,0.107,1.124,0.091,13.30,0.27
2255,2006,12,1.401,0.367,1.333,0.099,0.960,0.105,1.083,0.106,1.130,0.090,13.30,0.27
2256,2007,1,1.294,0.230,1.212,0.109,0.983,0.104,1.094,0.105,1.117,0.090,13.30,0.27
2257,2007,2,1.735,0.219,1.197,0.112,0.981,0.103,1.071,0.104,1.119,0.091,13.30,0.27
2258,2007,3,0.142,0.290,1.296,0.110,0.997,0.105,1.058,0.103,1.127,0.090,13.30,0.27
2259,2007,4,1.717,0.150,1.271,0.106,0.961,0.105,1.060,0.102,1.132,0.090,13.30,0.27
2260,2007,5,1.249,0.280,1.187,0.115,0.952,0.103,1.056,0.102,1.134,0.090,13.30,0.27
2261,2007,6,1.887,0.246,1.078,0.133,0.961,0.101,1.068,0.103,1.130,0.090,13.30,0.27
2262,2007,7,0.376,0.194,1.020,0.124,1.009,0.097,1.072,0.101,1.129,0.090,13.30,0.27
2263,2007,8,1.595,0.287,0.848,0.120,1.073,0.099,1.073,0.099,1.130,0.091,13.30,0.27
2264,2007,9,1.291,0.234,0.878,0.133,1.088,0.100,1.074,0.099,1.127,0.091,13.30,0.27
2265,2007,10,1.601,0.211,0.827,0.151,1.114,0.101,1.092,0.097,1.123,0.091,13.30,0.27
2266,2007,11,-0.050,0.328,0.899,0.144,1.102,0.104,1.104,0.096,1.120,0.091,13.30,0.27
2267,2007,12,0.105,0.437,0.783,0.136,1.100,0.105,1.096,0.096,1.116,0.091,13.30,0.27
2268,2008,1,0.595,0.344,0.945,0.132,1.085,0.108,1.088,0.096,1.121,0.091,13.30,0.27
2269,2008,2,-0.328,0.133,0.908,0.132,1.086,0.106,1.087,0.097,1.119,0.092,13.30,0.27
2270,2008,3,0.501,0.383,0.934,0.130,1.078,0.105,1.105,0.096,1.130,0.092,13.30,0.27
2271,2008,4,1.104,0.252,0.965,0.130,1.050,0.101,1.110,0.098,1.132,0.092,13.30,0.27
2272,2008,5,2.107,0.245,0.985,0.128,1.044,0.103,1.108,0.097,1.135,0.092,13.30,0.27
2273,2008,6,0.499,0.238,0.900,0.129,1.066,0.102,1.089,0.098,1.132,0.092,13.30,0.27
2274,2008,7,2.324,0.197,0.953,0.136,1.090,0.098,1.071,0.098,1.142,0.092,13.30,0.27
2275,2008,8,1.150,0.351,0.938,0.141,1.091,0.098,1.058,0.099,1.141,0.093,13.30,0.27
2276,2008,9,1.597,0.245,0.903,0.129,1.088,0.096,1.057,0.099,1.142,0.093,13.30,0.27
2277,2008,10,1.981,0.210,0.803,0.124,1.074,0.097,1.055,0.099,1.145,0.093,13.30,0.27
2278,2008,11,0.182,0.208,0.675,0.122,1.041,0.100,1.046,0.098,1.152,0.094,13.30,0.27
2279,2008,12,-0.911,0.301,0.719,0.106,1.031,0.101,1.050,0.097,1.157,0.094,13.30,0.27
2280,2009,1,1.227,0.263,0.703,0.092,1.033,0.104,1.056,0.096,NaN,NaN,13.30,0.27
2281,2009,2,-0.506,0.240,0.771,0.090,1.016,0.104,1.058,0.095,NaN,NaN,13.30,0.27
2282,2009,3,0.080,0.180,0.706,0.086,1.045,0.106,1.051,0.095,NaN,NaN,13.30,0.27
2283,2009,4,-0.095,0.202,0.571,0.088,1.022,0.101,1.052,0.095,NaN,NaN,13.30,0.27
2284,2009,5,0.574,0.163,0.550,0.086,1.037,0.099,1.064,0.095,NaN,NaN,13.30,0.27
2285,2009,6,1.023,0.163,0.791,0.092,1.027,0.100,1.068,0.095,NaN,NaN,13.30,0.27
2286,2009,7,2.135,0.165,0.822,0.098,1.009,0.100,1.074,0.097,NaN,NaN,13.30,0.27
2287,2009,8,1.966,0.137,1.043,0.100,0.940,0.096,1.073,0.098,NaN,NaN,13.30,0.27
2288,2009,9,0.814,0.275,1.201,0.112,0.940,0.094,1.099,0.098,NaN,NaN,13.30,0.27
2289,2009,10,0.363,0.237,1.406,0.110,0.935,0.097,1.095,0.098,NaN,NaN,13.30,0.27
2290,2009,11,-0.067,0.338,1.421,0.123,0.927,0.097,1.113,0.097,NaN,NaN,13.30,0.27
2291,2009,12,1.981,0.365,1.429,0.131,0.934,0.094,1.108,0.097,NaN,NaN,13.30,0.27
2292,2010,1,1.595,0.185,1.405,0.140,0.973,0.093,1.118,0.094,NaN,NaN,13.30,0.27
2293,2010,2,2.143,0.221,1.372,0.141,0.981,0.093,1.127,0.095,NaN,NaN,13.30,0.27
2294,2010,3,1.986,0.313,1.353,0.137,0.980,0.094,1.122,0.096,NaN,NaN,13.30,0.27
2295,2010,4,2.355,0.247,1.392,0.130,1.005,0.094,1.120,0.097,NaN,NaN,13.30,0.27
2296,2010,5,0.761,0.326,1.487,0.140,1.060,0.090,1.122,0.097,NaN,NaN,13.30,0.27
2297,2010,6,1.118,0.244,1.410,0.141,1.064,0.089,1.118,0.098,NaN,NaN,13.30,0.27
2298,2010,7,1.839,0.168,1.338,0.139,1.067,0.092,1.108,0.101,NaN,NaN,13.30,0.27
2299,2010,8,1.571,0.170,1.141,0.143,1.059,0.093,1.115,0.102,NaN,NaN,13.30,0.27
2300,2010,9,0.589,0.242,1.022,0.125,1.085,0.091,1.120,0.102,NaN,NaN,13.30,0.27
2301,2010,10,0.833,0.248,0.961,0.132,1.099,0.092,1.121,0.101,NaN,NaN,13.30,0.27
2302,2010,11,1.077,0.332,0.955,0.120,1.088,0.093,1.121,0.101,NaN,NaN,13.30,0.27
2303,2010,12,1.051,0.355,0.891,0.123,1.074,0.094,1.124,0.099,NaN,NaN,13.30,0.27
2304,2011,1,0.737,0.273,0.899,0.132,1.060,0.096,1.139,0.097,NaN,NaN,13.30,0.27
2305,2011,2,-0.223,0.360,0.831,0.133,1.057,0.099,1.154,0.097,NaN,NaN,13.30,0.27
2306,2011,3,0.561,0.149,0.936,0.145,1.057,0.100,1.149,0.096,NaN,NaN,13.30,0.27
2307,2011,4,1.617,0.273,0.912,0.132,1.084,0.101,1.151,0.094,NaN,NaN,13.30,0.27
2308,2011,5,0.695,0.269,0.977,0.122,1.094,0.101,1.143,0.094,NaN,NaN,13.30,0.27
2309,2011,6,0.340,0.367,0.955,0.115,1.118,0.101,1.146,0.095,NaN,NaN,13.30,0.27
2310,2011,7,1.940,0.274,0.911,0.118,1.119,0.100,1.140,0.094,NaN,NaN,13.30,0.27
2311,2011,8,0.757,0.209,0.730,0.110,1.148,0.102,1.128,0.095,NaN,NaN,13.30,0.27
2312,2011,9,1.851,0.316,0.694,0.107,1.153,0.104,1.135,0.094,NaN,NaN,13.30,0.27
2313,2011,10,0.541,0.303,0.677,0.107,1.172,0.103,1.148,0.093,NaN,NaN,13.30,0.27
2314,2011,11,1.851,0.294,0.684,0.111,1.179,0.104,1.155,0.093,NaN,NaN,13.30,0.27
2315,2011,12,0.796,0.282,0.850,0.097,1.177,0.107,1.163,0.093,NaN,NaN,13.30,0.27
2316,2012,1,0.203,0.260,0.915,0.104,1.166,0.111,1.142,0.092,NaN,NaN,13.30,0.27
2317,2012,2,-2.393,0.151,1.024,0.099,1.166,0.113,1.138,0.093,NaN,NaN,13.30,0.27
2318,2012,3,0.128,0.209,0.974,0.107,1.201,0.113,1.146,0.093,NaN,NaN,13.30,0.27
2319,2012,4,1.417,0.234,1.187,0.108,1.230,0.112,1.137,0.094,NaN,NaN,13.30,0.27
2320,2012,5,0.774,0.373,1.301,0.102,1.274,0.112,1.144,0.093,NaN,NaN,13.30,0.27
2321,2012,6,2.335,0.350,1.263,0.099,1.255,0.111,1.143,0.093,NaN,NaN,13.30,0.27
2322,2012,7,2.723,0.277,1.310,0.117,1.227,0.109,1.155,0.093,NaN,NaN,13.30,0.27
2323,2012,8,2.062,0.147,1.443,0.134,1.180,0.109,1.156,0.093,NaN,NaN,13.30,0.27
2324,2012,9,1.246,0.281,1.606,0.155,1.155,0.107,1.146,0.094,NaN,NaN,13.30,0.27
2325,2012,10,3.096,0.165,1.650,0.168,1.127,0.108,1.135,0.095,NaN,NaN,13.30,0.27
2326,2012,11,3.228,0.409,1.705,0.162,1.142,0.106,1.134,0.094,NaN,NaN,13.30,0.27
2327,2012,12,0.338,0.329,1.481,0.162,1.136,0.108,1.132,0.093,NaN,NaN,13.30,0.27
2328,2013,1,0.768,0.296,1.376,0.164,1.132,0.108,1.139,0.093,NaN,NaN,13.30,0.27
2329,2013,2,-0.795,0.183,1.285,0.168,1.144,0.112,1.142,0.093,NaN,NaN,13.30,0.27
2330,2013,3,2.077,0.242,1.316,0.187,1.162,0.111,1.154,0.092,NaN,NaN,13.30,0.27
2331,2013,4,1.949,0.299,1.356,0.185,1.192,0.113,1.163,0.092,NaN,NaN,13.30,0.27
2332,2013,5,1.429,0.221,1.153,0.179,1.199,0.110,1.156,0.092,NaN,NaN,13.30,0.27
2333,2013,6,-0.346,0.227,1.170,0.170,1.182,0.106,1.160,0.093,NaN,NaN,13.30,0.27
2334,2013,7,1.462,0.215,1.214,0.156,1.188,0.106,1.168,0.093,NaN,NaN,13.30,0.27
2335,2013,8,0.963,0.292,1.382,0.153,1.217,0.106,1.168,0.095,NaN,NaN,13.30,0.27
2336,2013,9,1.627,0.318,1.239,0.147,1.211,0.105,1.172,0.094,NaN,NaN,13.30,0.27
2337,2013,10,3.575,0.252,1.165,0.131,1.228,0.101,1.164,0.094,NaN,NaN,13.30,0.27
2338,2013,11,0.784,0.215,1.132,0.134,1.245,0.099,1.170,0.094,NaN,NaN,13.30,0.27
2339,2013,12,0.542,0.263,1.234,0.136,1.262,0.099,1.179,0.095,NaN,NaN,13.30,0.27
2340,2014,1,1.301,0.225,1.234,0.143,1.247,0.098,NaN,NaN,NaN,NaN,13.30,0.27
2341,2014,2,1.215,0.163,1.319,0.138,1.241,0.099,NaN,NaN,NaN,NaN,13.30,0.27
2342,2014,3,0.366,0.216,1.426,0.125,1.226,0.097,NaN,NaN,NaN,NaN,13.30,0.27
2343,2014,4,1.054,0.250,1.302,0.127,1.274,0.098,NaN,NaN,NaN,NaN,13.30,0.27
2344,2014,5,1.036,0.263,1.451,0.128,1.273,0.098,NaN,NaN,NaN,NaN,13.30,0.27
2345,2014,6,0.881,0.255,1.480,0.135,1.300,0.096,NaN,NaN,NaN,NaN,13.30,0.27
2346,2014,7,1.466,0.312,1.361,0.130,1.275,0.095,NaN,NaN,NaN,NaN,13.30,0.27
2347,2014,8,1.979,0.245,1.203,0.137,1.336,0.100,NaN,NaN,NaN,NaN,13.30,0.27
2348,2014,9,2.907,0.264,1.212,0.138,1.352,0.103,NaN,NaN,NaN,NaN,13.30,0.27
2349,2014,10,2.090,0.258,1.181,0.153,1.340,0.103,NaN,NaN,NaN,NaN,13.30,0.27
2350,2014,11,2.575,0.349,1.236,0.143,1.360,0.102,NaN,NaN,NaN,NaN,13.30,0.27
2351,2014,12,0.883,0.361,1.223,0.149,1.351,0.103,NaN,NaN,NaN,NaN,13.30,0.27
2352,2015,1,-0.120,0.222,1.235,0.140,1.336,0.104,NaN,NaN,NaN,NaN,13.30,0.27
2353,2015,2,-0.676,0.385,1.262,0.155,1.330,0.104,NaN,NaN,NaN,NaN,13.30,0.27
2354,2015,3,0.472,0.387,1.160,0.151,1.312,0.108,NaN,NaN,NaN,NaN,13.30,0.27
2355,2015,4,0.678,0.392,1.205,0.154,1.264,0.109,NaN,NaN,NaN,NaN,13.30,0.27
2356,2015,5,1.692,0.366,1.114,0.157,1.209,0.109,NaN,NaN,NaN,NaN,13.30,0.27
2357,2015,6,0.732,0.242,1.042,0.144,1.199,0.109,NaN,NaN,NaN,NaN,13.30,0.27
2358,2015,7,1.606,0.229,1.146,0.145,1.211,0.108,NaN,NaN,NaN,NaN,13.30,0.27
2359,2015,8,2.307,0.364,1.327,0.145,1.225,0.107,NaN,NaN,NaN,NaN,13.30,0.27
2360,2015,9,1.676,0.247,1.304,0.126,1.223,0.107,NaN,NaN,NaN,NaN,13.30,0.27
2361,2015,10,2.639,0.184,1.469,0.100,1.227,0.105,NaN,NaN,NaN,NaN,13.30,0.27
2362,2015,11,1.475,0.220,1.468,0.094,1.224,0.104,NaN,NaN,NaN,NaN,13.30,0.27
2363,2015,12,0.025,0.222,1.521,0.083,1.246,0.105,NaN,NaN,NaN,NaN,13.30,0.27
2364,2016,1,1.122,0.257,1.473,0.083,1.276,0.104,NaN,NaN,NaN,NaN,13.30,0.27
2365,2016,2,1.495,0.261,1.314,0.077,1.280,0.105,NaN,NaN,NaN,NaN,13.30,0.27
2366,2016,3,0.204,0.235,1.253,0.081,1.287,0.103,NaN,NaN,NaN,NaN,13.30,0.27
2367,2016,4,2.654,0.170,1.322,0.085,1.245,0.104,NaN,NaN,NaN,NaN,13.30,0.27
2368,2016,5,1.682,0.226,1.346,0.091,1.247,0.105,NaN,NaN,NaN,NaN,13.30,0.27
2369,2016,6,1.365,0.225,1.545,0.111,1.240,0.105,NaN,NaN,NaN,NaN,13.30,0.27
2370,2016,7,1.033,0.237,1.345,0.115,NaN,NaN,NaN,NaN,NaN,NaN,13.30,0.27
2371,2016,8,0.400,0.156,1.327,0.119,NaN,NaN,NaN,NaN,NaN,NaN,13.30,0.27
2372,2016,9,0.948,0.189,1.401,0.118,NaN,NaN,NaN,NaN,NaN,NaN,13.30,0.27
2373,2016,10,3.457,0.229,1.236,0.127,NaN,NaN,NaN,NaN,NaN,NaN,13.30,0.27
2374,2016,11,1.766,0.350,1.262,0.118,NaN,NaN,NaN,NaN,NaN,NaN,13.30,0.27
2375,2016,12,2.419,0.439,1.297,0.117,NaN,NaN,NaN,NaN,NaN,NaN,13.30,0.27
2376,2017,1,-1.288,0.273,1.363,0.120,NaN,NaN,NaN,NaN,NaN,NaN,13.30,0.27
2377,2017,2,1.284,0.311,1.471,0.124,NaN,NaN,NaN,NaN,NaN,NaN,13.30,0.27
2378,2017,3,1.085,0.265,1.406,0.133,NaN,NaN,NaN,NaN,NaN,NaN,13.30,0.27
2379,2017,4,0.675,0.192,1.136,0.137,NaN,NaN,NaN,NaN,NaN,NaN,13.30,0.27
2380,2017,5,1.994,0.219,0.980,0.134,NaN,NaN,NaN,NaN,NaN,NaN,13.30,0.27
2381,2017,6,1.784,0.198,0.760,0.135,NaN,NaN,NaN,NaN,NaN,NaN,13.30,0.27
2382,2017,7,1.825,0.228,0.987,0.149,NaN,NaN,NaN,NaN,NaN,NaN,13.30,0.27
2383,2017,8,1.701,0.373,0.886,0.135,NaN,NaN,NaN,NaN,NaN,NaN,13.30,0.27
2384,2017,9,0.173,0.389,0.959,0.134,NaN,NaN,NaN,NaN,NaN,NaN,13.30,0.27
2385,2017,10,0.213,0.211,1.085,0.148,NaN,NaN,NaN,NaN,NaN,NaN,13.30,0.27
2386,2017,11,-0.106,0.279,1.022,0.145,NaN,NaN,NaN,NaN,NaN,NaN,13.30,0.27
2387,2017,12,-0.223,0.341,0.953,0.170,NaN,NaN,NaN,NaN,NaN,NaN,13.30,0.27
2388,2018,1,1.440,0.239,1.077,0.168,NaN,NaN,NaN,NaN,NaN,NaN,13.30,0.27
2389,2018,2,0.076,0.245,1.033,0.175,NaN,NaN,NaN,NaN,NaN,NaN,13.30,0.27
2390,2018,3,1.960,0.297,1.190,0.152,NaN,NaN,NaN,NaN,NaN,NaN,13.30,0.27
2391,2018,4,2.188,0.242,1.258,0.141,NaN,NaN,NaN,NaN,NaN,NaN,13.30,0.27
2392,2018,5,1.233,0.380,1.343,0.133,NaN,NaN,NaN,NaN,NaN,NaN,13.30,0.27
2393,2018,6,0.960,0.446,1.374,0.139,NaN,NaN,NaN,NaN,NaN,NaN,13.30,0.27
2394,2018,7,3.304,0.278,NaN,NaN,NaN,NaN,NaN,NaN,NaN,NaN,13.30,0.27
2395,2018,8,1.178,0.311,NaN,NaN,NaN,NaN,NaN,NaN,NaN,NaN,13.30,0.27
2396,2018,9,2.056,0.200,NaN,NaN,NaN,NaN,NaN,NaN,NaN,NaN,13.30,0.27
2397,2018,10,1.034,0.225,NaN,NaN,NaN,NaN,NaN,NaN,NaN,NaN,13.30,0.27
2398,2018,11,0.907,0.233,NaN,NaN,NaN,NaN,NaN,NaN,NaN,NaN,13.30,0.27
2399,2018,12,0.154,0.335,NaN,NaN,NaN,NaN,NaN,NaN,NaN,NaN,13.30,0.27
