longitude,latitude,temp
-120.0,89.21502685546875,-1.4623302221298218
0.0,89.21502685546875,-1.7259557247161865
120.0,89.21502685546875,-1.7731244564056396
-160.0,87.64493560791016,-1.021642804145813
-120.0,87.64493560791016,-1.0140095949172974
-80.0,87.64493560791016,-1.2087973356246948
-40.0,87.64493560791016,-1.5701897144317627
0.0,87.64493560791016,-2.1401236057281494
40.0,87.64493560791016,-2.2624621391296387
80.0,87.64493560791016,-2.1057097911834717
120.0,87.64493560791016,-1.9751492738723755
160.0,87.64493560791016,-1.426294207572937
-168.75,86.0311508178711,-0.8217023015022278
-146.25,86.0311508178711,-0.7021209597587585
-123.75,86.0311508178711,-0.7192947268486023
-101.25,86.0311508178711,-0.6442133188247681
-78.75,86.0311508178711,-0.7940830588340759
-56.25,86.0311508178711,-1.1612392663955688
-33.75,86.0311508178711,-1.8204104900360107
-11.25,86.0311508178711,-2.409837484359741
11.25,86.0311508178711,-2.7005512714385986
33.75,86.0311508178711,-2.7047810554504395
56.25,86.0311508178711,-2.5965609550476074
78.75,86.0311508178711,-2.198817014694214
101.25,86.0311508178711,-2.1559431552886963
123.75,86.0311508178711,-1.9906163215637207
146.25,86.0311508178711,-1.6839823722839355
168.75,86.0311508178711,-1.162316083908081
-171.81817626953125,84.39503479003906,-0.42227354645729065
-155.4545440673828,84.39503479003906,-0.48666810989379883
-139.09091186523438,84.39503479003906,-0.6082699298858643
-122.7272720336914,84.39503479003906,-0.5906351208686829
-106.36363983154297,84.39503479003906,-0.44257816672325134
-90.0,84.39503479003906,-0.3162224292755127
-73.63636016845703,84.39503479003906,-0.2836413085460663
-57.272727966308594,84.39503479003906,-0.7776632905006409
-40.90909194946289,84.39503479003906,-1.5984573364257812
-24.545454025268555,84.39503479003906,-2.3602826595306396
-8.181818008422852,84.39503479003906,-2.860405445098877
8.181818008422852,84.39503479003906,-3.1389129161834717
24.545454025268555,84.39503479003906,-3.0807743072509766
40.90909194946289,84.39503479003906,-2.873504877090454
57.272727966308594,84.39503479003906,-2.6572396755218506
73.63636016845703,84.39503479003906,-2.416271924972534
90.0,84.39503479003906,-2.073003053665161
106.36363983154297,84.39503479003906,-2.1176373958587646
122.7272720336914,84.39503479003906,-2.0481512546539307
139.09091186523438,84.39503479003906,-1.6709033250808716
155.4545440673828,84.39503479003906,-1.0714133977890015
171.81817626953125,84.39503479003906,-0.7175517678260803
-173.57142639160156,82.78807067871094,-0.4012361466884613
-160.7142791748047,82.78807067871094,-0.22006085515022278
-147.85714721679688,82.78807067871094,-0.14186599850654602
-135.0,82.78807067871094,-0.36032477021217346
-122.14286041259766,82.78807067871094,-0.33903563022613525
-109.28571319580078,82.78807067871094,-0.3202400207519531
-96.42857360839844,82.78807067871094,-0.12970919907093048
-83.57142639160156,82.78807067871094,-0.14459377527236938
-70.71428680419922,82.78807067871094,-0.0434313602745533
-57.85714340209961,82.78807067871094,-0.349217027425766
-45.0,82.78807067871094,-1.4139504432678223
-32.14285659790039,82.78807067871094,-2.199388027191162
-19.285715103149414,82.78807067871094,-2.812434434890747
-6.4285712242126465,82.78807067871094,-3.1807594299316406
6.4285712242126465,82.78807067871094,-3.468946695327759
19.285715103149414,82.78807067871094,-3.403953790664673
32.14285659790039,82.78807067871094,-3.1476922035217285
45.0,82.78807067871094,-2.794890880584717
57.85714340209961,82.78807067871094,-2.6053569316864014
70.71428680419922,82.78807067871094,-2.43125057220459
83.57142639160156,82.78807067871094,-2.3674447536468506
96.42857360839844,82.78807067871094,-2.1946849822998047
109.28571319580078,82.78807067871094,-2.00667667388916
122.14286041259766,82.78807067871094,-1.9258023500442505
135.0,82.78807067871094,-1.6611487865447998
147.85714721679688,82.78807067871094,-1.108123779296875
160.7142791748047,82.78807067871094,-0.8443698883056641
173.57142639160156,82.78807067871094,-0.6251585483551025
-174.7058868408203,81.19255065917969,-0.26623886823654175
-164.11764526367188,81.19255065917969,-0.21821485459804535
-153.5294189453125,81.19255065917969,-0.061351872980594635
-142.94117736816406,81.19255065917969,0.06618496775627136
-132.35293579101562,81.19255065917969,-0.17192132771015167
-121.76470947265625,81.19255065917969,-0.24530163407325745
-111.17646789550781,81.19255065917969,-0.08193504065275192
-100.5882339477539,81.19255065917969,-0.0008804639219306409
-90.0,81.19255065917969,0.09608898311853409
-79.4117660522461,81.19255065917969,0.11599314957857132
-68.82353210449219,81.19255065917969,-0.11125464737415314
-58.235294342041016,81.19255065917969,-0.604328453540802
-47.64706039428711,81.19255065917969,-1.2956212759017944
-37.05882263183594,81.19255065917969,-1.9882445335388184
-26.47058868408203,81.19255065917969,-2.6309449672698975
-15.882352828979492,81.19255065917969,-3.048607587814331
-5.294117450714111,81.19255065917969,-3.244159698486328
5.294117450714111,81.19255065917969,-3.3103396892547607
15.882352828979492,81.19255065917969,-3.0105040073394775
26.47058868408203,81.19255065917969,-3.302039384841919
37.05882263183594,81.19255065917969,-2.846653938293457
47.64706039428711,81.19255065917969,-2.532792806625366
58.235294342041016,81.19255065917969,-2.3134913444519043
68.82353210449219,81.19255065917969,-2.331252336502075
79.4117660522461,81.19255065917969,-2.2054662704467773
90.0,81.19255065917969,-2.2934911251068115
100.5882339477539,81.19255065917969,-2.395481586456299
111.17646789550781,81.19255065917969,-2.002432346343994
121.76470947265625,81.19255065917969,-1.745808720588684
132.35293579101562,81.19255065917969,-1.6309994459152222
142.94117736816406,81.19255065917969,-0.9151752591133118
153.5294189453125,81.19255065917969,-0.6690982580184937
164.11764526367188,81.19255065917969,-0.5901551842689514
174.7058868408203,81.19255065917969,-0.4165448546409607
-175.60975646972656,79.58364868164062,-0.17371076345443726
-166.8292694091797,79.58364868164062,0.03747469559311867
-158.0487823486328,79.58364868164062,0.2205105423927307
-149.26829528808594,79.58364868164062,0.24775956571102142
-140.48780822753906,79.58364868164062,0.3032035231590271
-131.7073211669922,79.58364868164062,0.16727212071418762
-122.92682647705078,79.58364868164062,-0.13775679469108582
-114.1463394165039,79.58364868164062,0.06654614955186844
-105.36585235595703,79.58364868164062,0.1478756070137024
-96.58536529541016,79.58364868164062,0.3168036639690399
-87.80487823486328,79.58364868164062,0.23611611127853394
-79.0243911743164,79.58364868164062,-0.03997673839330673
-70.24390411376953,79.58364868164062,-0.5792123675346375
-61.46341323852539,79.58364868164062,-0.8907470703125
-52.682926177978516,79.58364868164062,-1.2006152868270874
-43.90243911743164,79.58364868164062,-1.6604676246643066
-35.121952056884766,79.58364868164062,-2.2974133491516113
-26.341463088989258,79.58364868164062,-2.8230843544006348
-17.560976028442383,79.58364868164062,-3.0470025539398193
-8.780488014221191,79.58364868164062,-3.197289228439331
0.0,79.58364868164062,-2.4563047885894775
8.780488014221191,79.58364868164062,-2.43674898147583
17.560976028442383,79.58364868164062,-3.3667542934417725
26.341463088989258,79.58364868164062,-3.1529054641723633
35.121952056884766,79.58364868164062,-2.7751340866088867
43.90243911743164,79.58364868164062,-2.283740282058716
52.682926177978516,79.58364868164062,-2.1880483627319336
61.46341323852539,79.58364868164062,-2.1328377723693848
70.24390411376953,79.58364868164062,-2.2419791221618652
79.0243911743164,79.58364868164062,-2.3092987537384033
87.80487823486328,79.58364868164062,-2.4253907203674316
96.58536529541016,79.58364868164062,-2.307912826538086
105.36585235595703,79.58364868164062,-2.1990416049957275
114.1463394165039,79.58364868164062,-1.9283088445663452
122.92682647705078,79.58364868164062,-1.5771561861038208
131.7073211669922,79.58364868164062,-1.2535393238067627
140.48780822753906,79.58364868164062,-0.8451331257820129
149.26829528808594,79.58364868164062,-0.6228286623954773
158.0487823486328,79.58364868164062,-0.43642953038215637
166.8292694091797,79.58364868164062,-0.34130313992500305
175.60975646972656,79.58364868164062,-0.33116614818573
-176.1702117919922,77.96286010742188,-0.02491394616663456
-168.51063537597656,77.96286010742188,0.2317199409008026
-160.85105895996094,77.96286010742188,0.38904693722724915
-153.1914825439453,77.96286010742188,0.5359137654304504
-145.53192138671875,77.96286010742188,0.5308215022087097
-137.87234497070312,77.96286010742188,0.4667973220348358
-130.2127685546875,77.96286010742188,0.16617587208747864
-122.55319213867188,77.96286010742188,0.022995170205831528
-114.89361572265625,77.96286010742188,0.0803125724196434
-107.23403930664062,77.96286010742188,0.32028672099113464
-99.57447052001953,77.96286010742188,0.5295349359512329
-91.9148941040039,77.96286010742188,0.3438284993171692
-84.25531768798828,77.96286010742188,0.12030573189258575
-76.59574127197266,77.96286010742188,0.11552001535892487
-68.93617248535156,77.96286010742188,-0.8636477589607239
-61.27659606933594,77.96286010742188,-1.332152247428894
-53.61701965332031,77.96286010742188,-1.711556315422058
-45.95744705200195,77.96286010742188,-2.0340816974639893
-38.29787063598633,77.96286010742188,-2.3367648124694824
-30.63829803466797,77.96286010742188,-2.6589791774749756
-22.978723526000977,77.96286010742188,-3.012659788131714
-15.319149017333984,77.96286010742188,-3.181058168411255
-7.659574508666992,77.96286010742188,-2.912461280822754
0.0,77.96286010742188,0.14927802979946136
7.659574508666992,77.96286010742188,-3.166245698928833
15.319149017333984,77.96286010742188,-3.9516029357910156
22.978723526000977,77.96286010742188,-3.2969837188720703
30.63829803466797,77.96286010742188,-2.868533134460449
38.29787063598633,77.96286010742188,-2.312446355819702
45.95744705200195,77.96286010742188,-1.8634977340698242
53.61701965332031,77.96286010742188,-1.5162729024887085
61.27659606933594,77.96286010742188,-1.561475157737732
68.93617248535156,77.96286010742188,-1.9662220478057861
76.59574127197266,77.96286010742188,-2.3214783668518066
84.25531768798828,77.96286010742188,-2.548308849334717
91.9148941040039,77.96286010742188,-2.5578901767730713
99.57447052001953,77.96286010742188,-2.406179428100586
107.23403930664062,77.96286010742188,-2.2980332374572754
114.89361572265625,77.96286010742188,-2.1297240257263184
122.55319213867188,77.96286010742188,-1.713600754737854
130.2127685546875,77.96286010742188,-1.2295613288879395
137.87234497070312,77.96286010742188,-0.7098139524459839
145.53192138671875,77.96286010742188,-0.4414689838886261
153.1914825439453,77.96286010742188,-0.2741888463497162
160.85105895996094,77.96286010742188,-0.23255227506160736
168.51063537597656,77.96286010742188,-0.1797601729631424
176.1702117919922,77.96286010742188,-0.11660747230052948
-176.60377502441406,76.34991455078125,0.21561431884765625
-169.8113250732422,76.34991455078125,0.417744517326355
-163.0188751220703,76.34991455078125,0.5823396444320679
-156.22640991210938,76.34991455078125,0.6267490386962891
-149.4339599609375,76.34991455078125,0.7043545842170715
-142.64151000976562,76.34991455078125,0.6817125678062439
-135.84906005859375,76.34991455078125,0.47347575426101685
-129.05661010742188,76.34991455078125,0.20106719434261322
-122.26415252685547,76.34991455078125,-0.023179451003670692
-115.47169494628906,76.34991455078125,0.09799861907958984
-108.67924499511719,76.34991455078125,0.40223073959350586
-101.88679504394531,76.34991455078125,0.6618902683258057
-95.0943374633789,76.34991455078125,0.5841852426528931
-88.30188751220703,76.34991455078125,0.34543776512145996
-81.50943756103516,76.34991455078125,0.03448815271258354
-74.71697998046875,76.34991455078125,-0.4305949807167053
-67.92453002929688,76.34991455078125,-1.2712616920471191
-61.132076263427734,76.34991455078125,-1.4900130033493042
-54.339622497558594,76.34991455078125,-1.8428690433502197
-47.54716873168945,76.34991455078125,-2.2761425971984863
-40.75471878051758,76.34991455078125,-2.464263916015625
-33.96226501464844,76.34991455078125,-2.5884311199188232
-27.169811248779297,76.34991455078125,-2.8101658821105957
-20.37735939025879,76.34991455078125,-2.740556001663208
-13.584905624389648,76.34991455078125,-2.9286487102508545
-6.792452812194824,76.34991455078125,-0.3638468384742737
0.0,76.34991455078125,0.7314639687538147
6.792452812194824,76.34991455078125,-0.6264538168907166
13.584905624389648,76.34991455078125,-4.0452141761779785
20.37735939025879,76.34991455078125,-3.15476393699646
27.169811248779297,76.34991455078125,-2.7971973419189453
33.96226501464844,76.34991455078125,-2.956669807434082
40.75471878051758,76.34991455078125,-2.24464750289917
47.54716873168945,76.34991455078125,-1.6252878904342651
54.339622497558594,76.34991455078125,-0.6290247440338135
61.132076263427734,76.34991455078125,-0.8138824105262756
67.92453002929688,76.34991455078125,-1.5446953773498535
74.71697998046875,76.34991455078125,-2.2558481693267822
81.50943756103516,76.34991455078125,-2.518805980682373
88.30188751220703,76.34991455078125,-2.6647908687591553
95.0943374633789,76.34991455078125,-2.5855190753936768
101.88679504394531,76.34991455078125,-2.4733879566192627
108.67924499511719,76.34991455078125,-2.412200927734375
115.47169494628906,76.34991455078125,-2.4185943603515625
122.26415252685547,76.34991455078125,-1.7422581911087036
129.05661010742188,76.34991455078125,-1.1647374629974365
135.84906005859375,76.34991455078125,-0.49036550521850586
142.64151000976562,76.34991455078125,-0.1804182082414627
149.4339599609375,76.34991455078125,0.08627775311470032
156.22640991210938,76.34991455078125,0.059329669922590256
163.0188751220703,76.34991455078125,0.02038370817899704
169.8113250732422,76.34991455078125,0.0710659846663475
176.60377502441406,76.34991455078125,0.10201816260814667
-176.94915771484375,74.74122619628906,0.31360286474227905
-170.8474578857422,74.74122619628906,0.6191402673721313
-164.74575805664062,74.74122619628906,0.6543242335319519
-158.64407348632812,74.74122619628906,0.7129279971122742
-152.54237365722656,74.74122619628906,0.7879108190536499
-146.440673828125,74.74122619628906,0.9176427125930786
-140.3389892578125,74.74122619628906,0.8884078860282898
-134.23728942871094,74.74122619628906,0.48165959119796753
-128.13558959960938,74.74122619628906,0.16458359360694885
-122.03389739990234,74.74122619628906,-0.09081201255321503
-115.93220520019531,74.74122619628906,0.033739425241947174
-109.83050537109375,74.74122619628906,0.5380375981330872
-103.72881317138672,74.74122619628906,0.8120322823524475
-97.62712097167969,74.74122619628906,0.8478308320045471
-91.52542114257812,74.74122619628906,0.8261804580688477
-85.4237289428711,74.74122619628906,0.6419628262519836
-79.32203674316406,74.74122619628906,0.15020526945590973
-73.2203369140625,74.74122619628906,-0.7576577663421631
-67.11864471435547,74.74122619628906,-1.2848800420761108
-61.01694869995117,74.74122619628906,-1.608368158340454
-54.915252685546875,74.74122619628906,-1.8853542804718018
-48.813560485839844,74.74122619628906,-2.295405387878418
-42.71186447143555,74.74122619628906,-2.5598442554473877
-36.61016845703125,74.74122619628906,-2.6300601959228516
-30.508474349975586,74.74122619628906,-2.5975677967071533
-24.406780242919922,74.74122619628906,-2.5952863693237305
-18.305084228515625,74.74122619628906,-2.4271960258483887
-12.203390121459961,74.74122619628906,-0.5008254051208496
-6.1016950607299805,74.74122619628906,1.3970755338668823
0.0,74.74122619628906,0.3115430772304535
6.1016950607299805,74.74122619628906,-0.32030409574508667
12.203390121459961,74.74122619628906,-0.7678763270378113
18.305084228515625,74.74122619628906,-0.871488630771637
24.406780242919922,74.74122619628906,-0.2065589278936386
30.508474349975586,74.74122619628906,-1.4170831441879272
36.61016845703125,74.74122619628906,-2.8951315879821777
42.71186447143555,74.74122619628906,-3.0026590824127197
48.813560485839844,74.74122619628906,-2.2299273014068604
54.915252685546875,74.74122619628906,-0.42931434512138367
61.01694869995117,74.74122619628906,-0.7811225652694702
67.11864471435547,74.74122619628906,-1.4670279026031494
73.2203369140625,74.74122619628906,-2.0694079399108887
79.32203674316406,74.74122619628906,-2.359395742416382
85.4237289428711,74.74122619628906,-2.444364070892334
91.52542114257812,74.74122619628906,-2.360170602798462
97.62712097167969,74.74122619628906,-2.300618886947632
103.72881317138672,74.74122619628906,-3.339101791381836
109.83050537109375,74.74122619628906,-3.01973032951355
115.93220520019531,74.74122619628906,-3.939657211303711
122.03389739990234,74.74122619628906,-1.5614944696426392
128.13558959960938,74.74122619628906,-0.9458029270172119
134.23728942871094,74.74122619628906,-0.41631922125816345
140.3389892578125,74.74122619628906,0.06656185537576675
146.440673828125,74.74122619628906,0.30719196796417236
152.54237365722656,74.74122619628906,0.3878151774406433
158.64407348632812,74.74122619628906,0.2607489228248596
164.74575805664062,74.74122619628906,0.1730668693780899
170.8474578857422,74.74122619628906,0.1989116072654724
176.94915771484375,74.74122619628906,0.11763348430395126
-177.23077392578125,73.13449096679688,0.318548321723938
-171.6923065185547,73.13449096679688,0.5906922817230225
-166.15383911132812,73.13449096679688,0.7681133151054382
-160.61538696289062,73.13449096679688,0.8025856018066406
-155.07691955566406,73.13449096679688,0.9048539400100708
-149.53846740722656,73.13449096679688,1.118805170059204
-144.0,73.13449096679688,1.2219351530075073
-138.46153259277344,73.13449096679688,1.0827363729476929
-132.92308044433594,73.13449096679688,0.5675064921379089
-127.38461303710938,73.13449096679688,0.230092391371727
-121.84615325927734,73.13449096679688,-0.3635670244693756
-116.30769348144531,73.13449096679688,-0.11318867653608322
-110.76923370361328,73.13449096679688,0.3188560903072357
-105.23076629638672,73.13449096679688,0.7244433164596558
-99.69230651855469,73.13449096679688,1.0253971815109253
-94.15384674072266,73.13449096679688,1.2439378499984741
-88.61538696289062,73.13449096679688,1.3442747592926025
-83.07691955566406,73.13449096679688,0.939361035823822
-77.53845977783203,73.13449096679688,-0.11591026932001114
-72.0,73.13449096679688,-0.7235439419746399
-66.46154022216797,73.13449096679688,-1.2195031642913818
-60.92307662963867,73.13449096679688,-1.6430351734161377
-55.38461685180664,73.13449096679688,-1.9922351837158203
-49.846153259277344,73.13449096679688,-2.1328859329223633
-44.30769348144531,73.13449096679688,-2.462172269821167
-38.769229888916016,73.13449096679688,-2.794346332550049
-33.230770111083984,73.13449096679688,-2.758052110671997
-27.69230842590332,73.13449096679688,-2.896683692932129
-22.153846740722656,73.13449096679688,-2.723376512527466
-16.615385055541992,73.13449096679688,-0.9524518847465515
-11.076923370361328,73.13449096679688,1.782340168952942
-5.538461685180664,73.13449096679688,0.7359433174133301
0.0,73.13449096679688,0.08843313157558441
5.538461685180664,73.13449096679688,-0.3446695804595947
11.076923370361328,73.13449096679688,-0.43058866262435913
16.615385055541992,73.13449096679688,-0.3639827072620392
22.153846740722656,73.13449096679688,-0.23963604867458344
27.69230842590332,73.13449096679688,-0.12404631823301315
33.230770111083984,73.13449096679688,-0.27351537346839905
38.769229888916016,73.13449096679688,-2.5784897804260254
44.30769348144531,73.13449096679688,-3.6519107818603516
49.846153259277344,73.13449096679688,-2.025827646255493
55.38461685180664,73.13449096679688,-0.1124860942363739
60.92307662963867,73.13449096679688,-0.4210175573825836
66.46154022216797,73.13449096679688,-1.0202546119689941
72.0,73.13449096679688,-1.7250735759735107
77.53845977783203,73.13449096679688,-1.9158596992492676
83.07691955566406,73.13449096679688,-1.9748222827911377
88.61538696289062,73.13449096679688,-2.212712526321411
94.15384674072266,73.13449096679688,-2.1467998027801514
99.69230651855469,73.13449096679688,-2.0239014625549316
105.23076629638672,73.13449096679688,-2.776428461074829
110.76923370361328,73.13449096679688,-2.5741384029388428
116.30769348144531,73.13449096679688,-2.0239083766937256
121.84615325927734,73.13449096679688,-1.521457552909851
127.38461303710938,73.13449096679688,-0.8233094215393066
132.92308044433594,73.13449096679688,-0.3518364131450653
138.46153259277344,73.13449096679688,0.12048311531543732
144.0,73.13449096679688,0.479157030582428
149.53846740722656,73.13449096679688,0.6954438090324402
155.07691955566406,73.13449096679688,0.6042658090591431
160.61538696289062,73.13449096679688,0.41132527589797974
166.15383911132812,73.13449096679688,0.30805322527885437
171.6923065185547,73.13449096679688,0.21077601611614227
177.23077392578125,73.13449096679688,0.12197282910346985
-177.46478271484375,71.52809143066406,0.1049061268568039
-172.3943634033203,71.52809143066406,0.45576682686805725
-167.32394409179688,71.52809143066406,0.80722576379776
-162.25352478027344,71.52809143066406,0.9615235328674316
-157.18310546875,71.52809143066406,0.7695518732070923
-152.1126708984375,71.52809143066406,1.126599907875061
-147.04225158691406,71.52809143066406,1.4805465936660767
-141.97183227539062,71.52809143066406,1.5213522911071777
-136.9014129638672,71.52809143066406,1.5063307285308838
-131.8309783935547,71.52809143066406,1.3672630786895752
-126.76056671142578,71.52809143066406,0.6631879806518555
-121.69013977050781,71.52809143066406,-0.45419496297836304
-116.61972045898438,71.52809143066406,-0.20670397579669952
-111.5492935180664,71.52809143066406,0.26238304376602173
-106.47887420654297,71.52809143066406,0.9365465641021729
-101.408447265625,71.52809143066406,1.261940360069275
-96.33802795410156,71.52809143066406,1.667486310005188
-91.26760864257812,71.52809143066406,1.7960703372955322
-86.19718170166016,71.52809143066406,1.7281397581100464
-81.12676239013672,71.52809143066406,1.041540503501892
-76.05633544921875,71.52809143066406,0.2769201993942261
-70.98591613769531,71.52809143066406,-0.43161582946777344
-65.91548919677734,71.52809143066406,-1.0193368196487427
-60.845069885253906,71.52809143066406,-1.423407793045044
-55.7746467590332,71.52809143066406,-1.4077867269515991
-50.7042236328125,71.52809143066406,-1.8313038349151611
-45.63380432128906,71.52809143066406,-2.159078598022461
-40.56338119506836,71.52809143066406,-2.7562804222106934
-35.492958068847656,71.52809143066406,-3.01267409324646
-30.422534942626953,71.52809143066406,-3.0281898975372314
-25.35211181640625,71.52809143066406,-3.4034178256988525
-20.28169059753418,71.52809143066406,-2.818354606628418
-15.211267471313477,71.52809143066406,1.4256951808929443
-10.14084529876709,71.52809143066406,0.6074662804603577
-5.070422649383545,71.52809143066406,0.09622985124588013
0.0,71.52809143066406,-0.17175644636154175
5.070422649383545,71.52809143066406,-0.3818165063858032
10.14084529876709,71.52809143066406,-0.4699825644493103
15.211267471313477,71.52809143066406,-0.4689798057079315
20.28169059753418,71.52809143066406,-0.4284464716911316
25.35211181640625,71.52809143066406,-0.34470072388648987
30.422534942626953,71.52809143066406,-0.27634575963020325
35.492958068847656,71.52809143066406,-0.17098352313041687
40.56338119506836,71.52809143066406,-1.2630716562271118
45.63380432128906,71.52809143066406,-2.354645252227783
50.7042236328125,71.52809143066406,-0.8109650015830994
55.7746467590332,71.52809143066406,0.502654492855072
60.845069885253906,71.52809143066406,0.2082434594631195
65.91548919677734,71.52809143066406,-0.19264701008796692
70.98591613769531,71.52809143066406,-0.6967789530754089
76.05633544921875,71.52809143066406,-0.9609776735305786
81.12676239013672,71.52809143066406,-1.221126675605774
86.19718170166016,71.52809143066406,-1.6426994800567627
91.26760864257812,71.52809143066406,-1.442826509475708
96.33802795410156,71.52809143066406,-1.6131539344787598
101.408447265625,71.52809143066406,-1.8350632190704346
106.47887420654297,71.52809143066406,-2.0804786682128906
111.5492935180664,71.52809143066406,-2.18485689163208
116.61972045898438,71.52809143066406,-1.955081582069397
121.69013977050781,71.52809143066406,-1.6076637506484985
126.76056671142578,71.52809143066406,-0.9934096336364746
131.8309783935547,71.52809143066406,-0.3111010193824768
136.9014129638672,71.52809143066406,0.22957779467105865
141.97183227539062,71.52809143066406,0.8241108059883118
147.04225158691406,71.52809143066406,1.2047615051269531
152.1126708984375,71.52809143066406,1.1368697881698608
157.18310546875,71.52809143066406,0.8351526260375977
162.25352478027344,71.52809143066406,0.36333397030830383
167.32394409179688,71.52809143066406,0.1765063852071762
172.3943634033203,71.52809143066406,-0.11214116215705872
177.46478271484375,71.52809143066406,-0.03196907043457031
-177.66233825683594,69.92082214355469,0.039624642580747604
-172.9870147705078,69.92082214355469,0.41310036182403564
-168.3116912841797,69.92082214355469,0.8942072987556458
-163.63636779785156,69.92082214355469,1.2181463241577148
-158.96104431152344,69.92082214355469,1.506184458732605
-154.2857208251953,69.92082214355469,1.9010406732559204
-149.61038208007812,69.92082214355469,2.0843968391418457
-144.93505859375,69.92082214355469,2.1312813758850098
-140.25973510742188,69.92082214355469,2.616692304611206
-135.58441162109375,69.92082214355469,2.386321783065796
-130.90908813476562,69.92082214355469,0.9197501540184021
-126.2337646484375,69.92082214355469,-0.24826166033744812
-121.55844116210938,69.92082214355469,-0.5648078918457031
-116.88311767578125,69.92082214355469,-0.4661605954170227
-112.20779418945312,69.92082214355469,0.04157126694917679
-107.532470703125,69.92082214355469,0.669182538986206
-102.85713958740234,69.92082214355469,1.079148530960083
-98.18181610107422,69.92082214355469,1.4614592790603638
-93.5064926147461,69.92082214355469,1.870749592781067
-88.83116912841797,69.92082214355469,2.2015480995178223
-84.15584564208984,69.92082214355469,1.9045162200927734
-79.48052215576172,69.92082214355469,1.2700430154800415
-74.80519104003906,69.92082214355469,0.6905221939086914
-70.12986755371094,69.92082214355469,-0.11106982082128525
-65.45454406738281,69.92082214355469,-0.7910589575767517
-60.77922058105469,69.92082214355469,-1.1382458209991455
-56.10389709472656,69.92082214355469,-0.5060195326805115
-51.42856979370117,69.92082214355469,-1.0301121473312378
-46.75324630737305,69.92082214355469,-1.6317425966262817
-42.07792282104492,69.92082214355469,-2.4332430362701416
-37.40259552001953,69.92082214355469,-3.0294411182403564
-32.727272033691406,69.92082214355469,-3.3474678993225098
-28.05194854736328,69.92082214355469,-3.4743144512176514
-23.376623153686523,69.92082214355469,-3.773554801940918
-18.701297760009766,69.92082214355469,-2.052426815032959
-14.02597427368164,69.92082214355469,-0.2517012655735016
-9.350648880004883,69.92082214355469,-0.46652477979660034
-4.675324440002441,69.92082214355469,-0.37054920196533203
0.0,69.92082214355469,-0.3699894845485687
4.675324440002441,69.92082214355469,-0.44896021485328674
9.350648880004883,69.92082214355469,-0.5186774730682373
14.02597427368164,69.92082214355469,-0.5661007761955261
18.701297760009766,69.92082214355469,-0.39081162214279175
23.376623153686523,69.92082214355469,0.34638187289237976
28.05194854736328,69.92082214355469,0.4417537450790405
32.727272033691406,69.92082214355469,-0.1409558355808258
37.40259552001953,69.92082214355469,-0.1263434886932373
42.07792282104492,69.92082214355469,-0.28689444065093994
46.75324630737305,69.92082214355469,-0.587962806224823
51.42856979370117,69.92082214355469,0.28402644395828247
56.10389709472656,69.92082214355469,1.4342972040176392
60.77922058105469,69.92082214355469,0.9505351185798645
65.45454406738281,69.92082214355469,0.4871259331703186
70.12986755371094,69.92082214355469,0.2825915217399597
74.80519104003906,69.92082214355469,0.020960194990038872
79.48052215576172,69.92082214355469,-0.302704393863678
84.15584564208984,69.92082214355469,-0.7931913733482361
88.83116912841797,69.92082214355469,-1.002636432647705
93.5064926147461,69.92082214355469,-1.1909734010696411
98.18181610107422,69.92082214355469,-1.4911836385726929
102.85713958740234,69.92082214355469,-1.7855786085128784
107.532470703125,69.92082214355469,-1.9650987386703491
112.20779418945312,69.92082214355469,-1.9697483777999878
116.88311767578125,69.92082214355469,-1.793703556060791
121.55844116210938,69.92082214355469,-1.549959659576416
126.2337646484375,69.92082214355469,-1.2366951704025269
130.90908813476562,69.92082214355469,-0.5305913090705872
135.58441162109375,69.92082214355469,0.08806731551885605
140.25973510742188,69.92082214355469,1.029344081878662
144.93505859375,69.92082214355469,1.5751581192016602
149.61038208007812,69.92082214355469,1.9102106094360352
154.2857208251953,69.92082214355469,1.6606431007385254
158.96104431152344,69.92082214355469,1.1928884983062744
163.63636779785156,69.92082214355469,0.607796311378479
168.3116912841797,69.92082214355469,0.05910499766469002
172.9870147705078,69.92082214355469,-0.24357080459594727
177.66233825683594,69.92082214355469,-0.213806614279747
-177.83132934570312,68.3117446899414,-0.012877306900918484
-173.4939727783203,68.3117446899414,0.1610923707485199
-169.15663146972656,68.3117446899414,0.6524070501327515
-164.81927490234375,68.3117446899414,1.323387861251831
-160.48193359375,68.3117446899414,1.9176933765411377
-156.1445770263672,68.3117446899414,2.4302737712860107
-151.80723571777344,68.3117446899414,2.726248025894165
-147.46987915039062,68.3117446899414,2.6682097911834717
-143.1325225830078,68.3117446899414,2.690967321395874
-138.79518127441406,68.3117446899414,2.4324090480804443
-134.45782470703125,68.3117446899414,1.7038854360580444
-130.1204833984375,68.3117446899414,0.6665648818016052
-125.78313446044922,68.3117446899414,-0.14312352240085602
-121.44578552246094,68.3117446899414,-0.6089848875999451
-117.10843658447266,68.3117446899414,-0.9063780307769775
-112.77108764648438,68.3117446899414,-0.41934332251548767
-108.4337387084961,68.3117446899414,0.274059534072876
-104.09638214111328,68.3117446899414,0.6118156313896179
-99.759033203125,68.3117446899414,0.9423860907554626
-95.42168426513672,68.3117446899414,1.4809353351593018
-91.08433532714844,68.3117446899414,2.263170003890991
-86.74698638916016,68.3117446899414,2.601045608520508
-82.40963745117188,68.3117446899414,1.9661355018615723
-78.0722885131836,68.3117446899414,1.562932014465332
-73.73493957519531,68.3117446899414,1.1098911762237549
-69.39759063720703,68.3117446899414,0.1971290409564972
-65.06024169921875,68.3117446899414,-0.7337374091148376
-60.72289276123047,68.3117446899414,-0.8259323239326477
-56.38554382324219,68.3117446899414,0.20425380766391754
-52.04819107055664,68.3117446899414,-0.29027947783470154
-47.71084213256836,68.3117446899414,-1.1665253639221191
-43.37349319458008,68.3117446899414,-1.8651368618011475
-39.0361442565918,68.3117446899414,-2.7478106021881104
-34.698795318603516,68.3117446899414,-3.5159289836883545
-30.361446380615234,68.3117446899414,-3.8689160346984863
-26.02409553527832,68.3117446899414,-4.145668983459473
-21.68674659729004,68.3117446899414,-3.341646194458008
-17.349397659301758,68.3117446899414,-1.8034579753875732
-13.01204776763916,68.3117446899414,-1.360797643661499
-8.674698829650879,68.3117446899414,-0.8295602202415466
-4.3373494148254395,68.3117446899414,-0.5635379552841187
0.0,68.3117446899414,-0.5251346826553345
4.3373494148254395,68.3117446899414,-0.568027913570404
8.674698829650879,68.3117446899414,-0.6354186534881592
13.01204776763916,68.3117446899414,-0.7118810415267944
17.349397659301758,68.3117446899414,-0.26175639033317566
21.68674659729004,68.3117446899414,0.64037024974823
26.02409553527832,68.3117446899414,1.0223113298416138
30.361446380615234,68.3117446899414,1.135645866394043
34.698795318603516,68.3117446899414,1.2843313217163086
39.0361442565918,68.3117446899414,0.7701622247695923
43.37349319458008,68.3117446899414,1.002332091331482
47.71084213256836,68.3117446899414,0.9471537470817566
52.04819107055664,68.3117446899414,1.7161390781402588
56.38554382324219,68.3117446899414,1.756944179534912
60.72289276123047,68.3117446899414,1.432193636894226
65.06024169921875,68.3117446899414,1.1010280847549438
69.39759063720703,68.3117446899414,1.0525418519973755
73.73493957519531,68.3117446899414,0.9897297620773315
78.0722885131836,68.3117446899414,0.4161982834339142
82.40963745117188,68.3117446899414,-0.11376620829105377
86.74698638916016,68.3117446899414,-0.48383209109306335
91.08433532714844,68.3117446899414,-0.7841101288795471
95.42168426513672,68.3117446899414,-1.0861159563064575
99.759033203125,68.3117446899414,-1.519038200378418
104.09638214111328,68.3117446899414,-1.7928367853164673
108.4337387084961,68.3117446899414,-1.873915195465088
112.77108764648438,68.3117446899414,-1.702610969543457
117.10843658447266,68.3117446899414,-1.4805212020874023
121.44578552246094,68.3117446899414,-1.2144429683685303
125.78313446044922,68.3117446899414,-0.8416864275932312
130.1204833984375,68.3117446899414,-0.3382374346256256
134.45782470703125,68.3117446899414,0.19815093278884888
138.79518127441406,68.3117446899414,1.176099419593811
143.1325225830078,68.3117446899414,1.8459595441818237
147.46987915039062,68.3117446899414,2.404329538345337
151.80723571777344,68.3117446899414,2.61820912361145
156.1445770263672,68.3117446899414,2.1964120864868164
160.48193359375,68.3117446899414,1.5445342063903809
164.81927490234375,68.3117446899414,1.0460809469223022
169.15663146972656,68.3117446899414,0.4886506497859955
173.4939727783203,68.3117446899414,-0.07707832008600235
177.83132934570312,68.3117446899414,-0.21010413765907288
-177.97752380371094,66.70006561279297,-0.06713013350963593
-173.93258666992188,66.70006561279297,0.17085996270179749
-169.88763427734375,66.70006561279297,0.6061107516288757
-165.8426971435547,66.70006561279297,1.0659598112106323
-161.79776000976562,66.70006561279297,1.6945470571517944
-157.7528076171875,66.70006561279297,2.603217840194702
-153.70787048339844,66.70006561279297,2.764263391494751
-149.6629180908203,66.70006561279297,2.500925064086914
-145.61798095703125,66.70006561279297,2.764070987701416
-141.57302856445312,66.70006561279297,2.4356164932250977
-137.52809143066406,66.70006561279297,1.7761691808700562
-133.48313903808594,66.70006561279297,1.081392526626587
-129.43820190429688,66.70006561279297,0.37995317578315735
-125.39325714111328,66.70006561279297,-0.25025078654289246
-121.34831237792969,66.70006561279297,-0.7838148474693298
-117.3033676147461,66.70006561279297,-1.083398461341858
-113.25843048095703,66.70006561279297,-1.0378880500793457
-109.21348571777344,66.70006561279297,-0.6479295492172241
-105.16854095458984,66.70006561279297,-0.12922506034374237
-101.12359619140625,66.70006561279297,0.3329979479312897
-97.07865142822266,66.70006561279297,0.9195600152015686
-93.03370666503906,66.70006561279297,1.5061712265014648
-88.98876190185547,66.70006561279297,2.0691487789154053
-84.94381713867188,66.70006561279297,2.0494167804718018
-80.89888000488281,66.70006561279297,1.8043558597564697
-76.85393524169922,66.70006561279297,1.6912527084350586
-72.80899047851562,66.70006561279297,1.356823444366455
-68.76404571533203,66.70006561279297,0.5899670720100403
-64.71910095214844,66.70006561279297,-0.2210751473903656
-60.674156188964844,66.70006561279297,-0.5463032126426697
-56.629215240478516,66.70006561279297,0.6694284677505493
-52.58427047729492,66.70006561279297,0.08130211383104324
-48.53932571411133,66.70006561279297,-0.675658643245697
-44.494380950927734,66.70006561279297,-1.2927706241607666
-40.449440002441406,66.70006561279297,-2.3476059436798096
-36.40449523925781,66.70006561279297,-3.2003467082977295
-32.35955047607422,66.70006561279297,-3.8371267318725586
-28.314607620239258,66.70006561279297,-3.565357208251953
-24.269662857055664,66.70006561279297,-2.3257548809051514
-20.224720001220703,66.70006561279297,-1.842106819152832
-16.17977523803711,66.70006561279297,-2.1485068798065186
-12.134831428527832,66.70006561279297,-1.5324783325195312
-8.089887619018555,66.70006561279297,-0.989467203617096
-4.044943809509277,66.70006561279297,-0.7609431743621826
0.0,66.70006561279297,-0.720940887928009
4.044943809509277,66.70006561279297,-0.7586526274681091
8.089887619018555,66.70006561279297,-0.8463152647018433
12.134831428527832,66.70006561279297,-0.9634997248649597
16.17977523803711,66.70006561279297,-0.24542318284511566
20.224720001220703,66.70006561279297,0.6061967611312866
24.269662857055664,66.70006561279297,1.019715428352356
28.314607620239258,66.70006561279297,1.7684943675994873
32.35955047607422,66.70006561279297,1.7660377025604248
36.40449523925781,66.70006561279297,1.8601826429367065
40.449440002441406,66.70006561279297,1.7807903289794922
44.494380950927734,66.70006561279297,2.227015495300293
48.53932571411133,66.70006561279297,2.3021812438964844
52.58427047729492,66.70006561279297,2.1658732891082764
56.629215240478516,66.70006561279297,1.914594054222107
60.674156188964844,66.70006561279297,1.6434022188186646
64.71910095214844,66.70006561279297,1.3341426849365234
68.76404571533203,66.70006561279297,1.396053671836853
72.80899047851562,66.70006561279297,1.1423286199569702
76.85393524169922,66.70006561279297,0.5933656692504883
80.89888000488281,66.70006561279297,0.23375552892684937
84.94381713867188,66.70006561279297,-0.1410425305366516
88.98876190185547,66.70006561279297,-0.5581837892532349
93.03370666503906,66.70006561279297,-0.8347522020339966
97.07865142822266,66.70006561279297,-1.1418498754501343
101.12359619140625,66.70006561279297,-1.451507568359375
105.16854095458984,66.70006561279297,-1.61949622631073
109.21348571777344,66.70006561279297,-1.660178303718567
113.25843048095703,66.70006561279297,-1.4000508785247803
117.3033676147461,66.70006561279297,-1.088958740234375
121.34831237792969,66.70006561279297,-0.8368946313858032
125.39325714111328,66.70006561279297,-0.44460639357566833
129.43820190429688,66.70006561279297,0.0951845571398735
133.48313903808594,66.70006561279297,0.8071107864379883
137.52809143066406,66.70006561279297,1.603560209274292
141.57302856445312,66.70006561279297,1.9747422933578491
145.61798095703125,66.70006561279297,2.516012191772461
149.6629180908203,66.70006561279297,3.1407012939453125
153.70787048339844,66.70006561279297,2.8033783435821533
157.7528076171875,66.70006561279297,1.9850214719772339
161.79776000976562,66.70006561279297,1.3479138612747192
165.8426971435547,66.70006561279297,0.8936612606048584
169.88763427734375,66.70006561279297,0.30795398354530334
173.93258666992188,66.70006561279297,-0.3571159243583679
177.97752380371094,66.70006561279297,-0.40795907378196716
-178.08511352539062,65.09337615966797,0.8964669108390808
-174.2553253173828,65.09337615966797,0.18115051090717316
-170.425537109375,65.09337615966797,0.6944097280502319
-166.5957489013672,65.09337615966797,0.8783822655677795
-162.76596069335938,65.09337615966797,1.8534152507781982
-158.93617248535156,65.09337615966797,2.4870777130126953
-155.10638427734375,65.09337615966797,2.7447235584259033
-151.27659606933594,65.09337615966797,2.485110282897949
-147.44680786132812,65.09337615966797,2.2795231342315674
-143.6170196533203,65.09337615966797,2.0712814331054688
-139.7872314453125,65.09337615966797,1.2706999778747559
-135.9574432373047,65.09337615966797,0.6727699637413025
-132.12765502929688,65.09337615966797,0.3517230153083801
-128.29786682128906,65.09337615966797,-0.05405969172716141
-124.46808624267578,65.09337615966797,-0.5520357489585876
-120.63829803466797,65.09337615966797,-0.9794664978981018
-116.80850982666016,65.09337615966797,-1.3593199253082275
-112.97872161865234,65.09337615966797,-1.4307425022125244
-109.14893341064453,65.09337615966797,-1.216381549835205
-105.31914520263672,65.09337615966797,-0.8343852162361145
-101.48936462402344,65.09337615966797,-0.33007577061653137
-97.65957641601562,65.09337615966797,0.3494409918785095
-93.82978820800781,65.09337615966797,0.9354860186576843
-90.0,65.09337615966797,1.412400245666504
-86.17021179199219,65.09337615966797,1.3007947206497192
-82.34042358398438,65.09337615966797,1.125609040260315
-78.51063537597656,65.09337615966797,1.7541321516036987
-74.68085479736328,65.09337615966797,1.9055671691894531
-70.85106658935547,65.09337615966797,1.5954701900482178
-67.02127838134766,65.09337615966797,1.0499686002731323
-63.191490173339844,65.09337615966797,0.49412184953689575
-59.36170196533203,65.09337615966797,0.827459454536438
-55.53191375732422,65.09337615966797,1.1989638805389404
-51.70212936401367,65.09337615966797,0.44354698061943054
-47.87234115600586,65.09337615966797,-0.25540003180503845
-44.04255294799805,65.09337615966797,-1.1218187808990479
-40.212764739990234,65.09337615966797,-2.081557035446167
-36.38298034667969,65.09337615966797,-2.1381595134735107
-32.553192138671875,65.09337615966797,-1.737313985824585
-28.723403930664062,65.09337615966797,-1.2660983800888062
-24.893617630004883,65.09337615966797,-1.5210130214691162
-21.06382942199707,65.09337615966797,-4.407243251800537
-17.23404312133789,65.09337615966797,-5.3153557777404785
-13.404254913330078,65.09337615966797,-2.42236065864563
-9.574467658996582,65.09337615966797,-1.2381030321121216
-5.744680881500244,65.09337615966797,-1.0474519729614258
-1.914893627166748,65.09337615966797,-0.9630840420722961
1.914893627166748,65.09337615966797,-0.9542717933654785
5.744680881500244,65.09337615966797,-1.019566535949707
9.574467658996582,65.09337615966797,-1.1751266717910767
13.404254913330078,65.09337615966797,-0.7192306518554688
17.23404312133789,65.09337615966797,0.30719614028930664
21.06382942199707,65.09337615966797,0.7873202562332153
24.893617630004883,65.09337615966797,1.3039907217025757
28.723403930664062,65.09337615966797,2.106008768081665
32.553192138671875,65.09337615966797,2.4993109703063965
36.38298034667969,65.09337615966797,2.1850926876068115
40.212764739990234,65.09337615966797,2.757943630218506
44.04255294799805,65.09337615966797,3.037853956222534
47.87234115600586,65.09337615966797,2.876145124435425
51.70212936401367,65.09337615966797,2.473222017288208
55.53191375732422,65.09337615966797,1.9300824403762817
59.36170196533203,65.09337615966797,1.700160264968872
63.191490173339844,65.09337615966797,1.3940613269805908
67.02127838134766,65.09337615966797,1.0818065404891968
70.85106658935547,65.09337615966797,0.8549323081970215
74.68085479736328,65.09337615966797,0.45668190717697144
78.51063537597656,65.09337615966797,0.03836968168616295
82.34042358398438,65.09337615966797,-0.217317134141922
86.17021179199219,65.09337615966797,-0.5043282508850098
90.0,65.09337615966797,-0.7821940779685974
93.82978820800781,65.09337615966797,-1.0240507125854492
97.65957641601562,65.09337615966797,-1.2124580144882202
101.48936462402344,65.09337615966797,-1.3004651069641113
105.31914520263672,65.09337615966797,-1.2977538108825684
109.14893341064453,65.09337615966797,-1.249508261680603
112.97872161865234,65.09337615966797,-1.0396265983581543
116.80850982666016,65.09337615966797,-0.7031216621398926
120.63829803466797,65.09337615966797,-0.4379463791847229
124.46808624267578,65.09337615966797,-0.2598152160644531
128.29786682128906,65.09337615966797,0.12617893517017365
132.12765502929688,65.09337615966797,0.9827641844749451
135.9574432373047,65.09337615966797,1.8220857381820679
139.7872314453125,65.09337615966797,1.954461693763733
143.6170196533203,65.09337615966797,2.2180607318878174
147.44680786132812,65.09337615966797,2.899937391281128
151.27659606933594,65.09337615966797,2.7839207649230957
155.10638427734375,65.09337615966797,2.1024868488311768
158.93617248535156,65.09337615966797,1.3895263671875
162.76596069335938,65.09337615966797,0.7995070815086365
166.5957489013672,65.09337615966797,0.1829339563846588
170.425537109375,65.09337615966797,-0.5871226787567139
174.2553253173828,65.09337615966797,-0.895887553691864
178.08511352539062,65.09337615966797,-0.9327554106712341
-178.1999969482422,63.49015426635742,-0.18875737488269806
-174.60000610351562,63.49015426635742,0.6807212233543396
-171.0,63.49015426635742,0.8647449016571045
-167.39999389648438,63.49015426635742,0.8111459016799927
-163.8000030517578,63.49015426635742,0.9017115831375122
-160.1999969482422,63.49015426635742,2.159174680709839
-156.60000610351562,63.49015426635742,2.3158187866210938
-153.0,63.49015426635742,2.301330089569092
-149.39999389648438,63.49015426635742,2.211907148361206
-145.8000030517578,63.49015426635742,1.8884224891662598
-142.1999969482422,63.49015426635742,1.3688393831253052
-138.60000610351562,63.49015426635742,0.528594434261322
-135.0,63.49015426635742,0.09940202534198761
-131.39999389648438,63.49015426635742,-0.1681542694568634
-127.80000305175781,63.49015426635742,-0.5191916823387146
-124.19999694824219,63.49015426635742,-0.779591977596283
-120.5999984741211,63.49015426635742,-1.2768522500991821
-117.0,63.49015426635742,-1.4153084754943848
-113.4000015258789,63.49015426635742,-1.6175339221954346
-109.80000305175781,63.49015426635742,-1.532692551612854
-106.19999694824219,63.49015426635742,-1.3626048564910889
-102.5999984741211,63.49015426635742,-1.0064802169799805
-99.0,63.49015426635742,-0.6311997771263123
-95.4000015258789,63.49015426635742,-0.007180230692028999
-91.80000305175781,63.49015426635742,0.48382657766342163
-88.19999694824219,63.49015426635742,-0.2169475108385086
-84.5999984741211,63.49015426635742,1.103903889656067
-81.0,63.49015426635742,1.3637837171554565
-77.4000015258789,63.49015426635742,1.9506782293319702
-73.80000305175781,63.49015426635742,2.0185885429382324
-70.19999694824219,63.49015426635742,1.9364252090454102
-66.5999984741211,63.49015426635742,1.6723710298538208
-63.0,63.49015426635742,1.5144411325454712
-59.400001525878906,63.49015426635742,2.4587020874023438
-55.79999923706055,63.49015426635742,1.5597660541534424
-52.20000076293945,63.49015426635742,1.0681034326553345
-48.599998474121094,63.49015426635742,0.1764616221189499
-45.0,63.49015426635742,-0.5801100134849548
-41.400001525878906,63.49015426635742,-1.192177176475525
-37.79999923706055,63.49015426635742,-0.3161948323249817
-34.20000076293945,63.49015426635742,-0.4041694402694702
-30.600000381469727,63.49015426635742,-0.7166235446929932
-27.0,63.49015426635742,-1.0352907180786133
-23.399999618530273,63.49015426635742,-1.2928714752197266
-19.799999237060547,63.49015426635742,-2.4573330879211426
-16.200000762939453,63.49015426635742,-1.4253453016281128
-12.600000381469727,63.49015426635742,-1.2281290292739868
-9.0,63.49015426635742,-1.1790587902069092
-5.400000095367432,63.49015426635742,-1.164857268333435
-1.7999999523162842,63.49015426635742,-1.139548659324646
1.7999999523162842,63.49015426635742,-1.115337610244751
5.400000095367432,63.49015426635742,-1.1677770614624023
9.0,63.49015426635742,-1.045793890953064
12.600000381469727,63.49015426635742,-0.490304172039032
16.200000762939453,63.49015426635742,0.303559273481369
19.799999237060547,63.49015426635742,1.0017633438110352
23.399999618530273,63.49015426635742,1.7939672470092773
27.0,63.49015426635742,2.2614989280700684
30.600000381469727,63.49015426635742,2.7072925567626953
34.20000076293945,63.49015426635742,3.2100882530212402
37.79999923706055,63.49015426635742,3.519202470779419
41.400001525878906,63.49015426635742,3.7713773250579834
45.0,63.49015426635742,3.6932084560394287
48.599998474121094,63.49015426635742,3.4714648723602295
52.20000076293945,63.49015426635742,2.957034111022949
55.79999923706055,63.49015426635742,2.353360414505005
59.400001525878906,63.49015426635742,1.9593799114227295
63.0,63.49015426635742,1.4822269678115845
66.5999984741211,63.49015426635742,1.002506136894226
70.19999694824219,63.49015426635742,0.667141318321228
73.80000305175781,63.49015426635742,0.20327147841453552
77.4000015258789,63.49015426635742,-0.28766027092933655
81.0,63.49015426635742,-0.6915406584739685
84.5999984741211,63.49015426635742,-0.7850942015647888
88.19999694824219,63.49015426635742,-0.8935578465461731
91.80000305175781,63.49015426635742,-1.0545328855514526
95.4000015258789,63.49015426635742,-1.1855026483535767
99.0,63.49015426635742,-1.2044624090194702
102.5999984741211,63.49015426635742,-1.1591954231262207
106.19999694824219,63.49015426635742,-1.1160694360733032
109.80000305175781,63.49015426635742,-0.9773738384246826
113.4000015258789,63.49015426635742,-0.6038013696670532
117.0,63.49015426635742,-0.3382788896560669
120.5999984741211,63.49015426635742,-0.005955743603408337
124.19999694824219,63.49015426635742,0.06149594485759735
127.80000305175781,63.49015426635742,0.24558670818805695
131.39999389648438,63.49015426635742,0.9203022718429565
135.0,63.49015426635742,1.5543091297149658
138.60000610351562,63.49015426635742,1.8899284601211548
142.1999969482422,63.49015426635742,2.109325408935547
145.8000030517578,63.49015426635742,2.5126609802246094
149.39999389648438,63.49015426635742,2.7491462230682373
153.0,63.49015426635742,2.113832712173462
156.60000610351562,63.49015426635742,1.4249628782272339
160.1999969482422,63.49015426635742,0.8713550567626953
163.8000030517578,63.49015426635742,0.4257420301437378
167.39999389648438,63.49015426635742,-0.09342856705188751
171.0,63.49015426635742,-0.827438473701477
174.60000610351562,63.49015426635742,-1.059439778327942
178.1999969482422,63.49015426635742,-0.7314717769622803
-178.3018798828125,61.88082504272461,-0.06893640011548996
-174.90565490722656,61.88082504272461,1.3660246133804321
-171.50942993164062,61.88082504272461,1.7214033603668213
-168.1132049560547,61.88082504272461,1.31298828125
-164.71697998046875,61.88082504272461,2.1305065155029297
-161.3207550048828,61.88082504272461,2.2442173957824707
-157.92453002929688,61.88082504272461,1.9981632232666016
-154.52830505371094,61.88082504272461,1.8735039234161377
-151.132080078125,61.88082504272461,1.447879433631897
-147.73585510253906,61.88082504272461,1.6744791269302368
-144.33963012695312,61.88082504272461,1.5899580717086792
-140.94338989257812,61.88082504272461,1.0925298929214478
-137.5471649169922,61.88082504272461,0.6718569993972778
-134.15093994140625,61.88082504272461,0.0855911523103714
-130.7547149658203,61.88082504272461,-0.40519973635673523
-127.35848999023438,61.88082504272461,-0.8445402383804321
-123.96226501464844,61.88082504272461,-1.147385835647583
-120.5660400390625,61.88082504272461,-1.5003939867019653
-117.16981506347656,61.88082504272461,-1.7118070125579834
-113.7735824584961,61.88082504272461,-0.7092214226722717
-110.37735748291016,61.88082504272461,-1.7835216522216797
-106.98113250732422,61.88082504272461,-1.7369755506515503
-103.58490753173828,61.88082504272461,-1.7922688722610474
-100.18868255615234,61.88082504272461,-1.4964803457260132
-96.79244995117188,61.88082504272461,-1.0845158100128174
-93.39622497558594,61.88082504272461,-0.5919922590255737
-90.0,61.88082504272461,-0.7782030701637268
-86.60377502441406,61.88082504272461,0.17882193624973297
-83.20755004882812,61.88082504272461,0.8043289184570312
-79.81131744384766,61.88082504272461,1.6911039352416992
-76.41509246826172,61.88082504272461,1.9102472066879272
-73.01886749267578,61.88082504272461,2.028675079345703
-69.62264251708984,61.88082504272461,1.9170141220092773
-66.2264175415039,61.88082504272461,2.0503344535827637
-62.8301887512207,61.88082504272461,2.911219358444214
-59.433963775634766,61.88082504272461,3.1314592361450195
-56.03773498535156,61.88082504272461,1.7002850770950317
-52.641510009765625,61.88082504272461,1.2713656425476074
-49.24528121948242,61.88082504272461,0.8593198657035828
-45.849056243896484,61.88082504272461,-0.018850835040211678
-42.45283126831055,61.88082504272461,-0.5276747941970825
-39.056602478027344,61.88082504272461,0.18812257051467896
-35.660377502441406,61.88082504272461,-0.05019919201731682
-32.26415252685547,61.88082504272461,-0.3028259575366974
-28.867923736572266,61.88082504272461,-0.6489247679710388
-25.471698760986328,61.88082504272461,-0.9282071590423584
-22.075471878051758,61.88082504272461,-1.1063958406448364
-18.679244995117188,61.88082504272461,-1.1462944746017456
-15.283019065856934,61.88082504272461,-1.119504690170288
-11.886792182922363,61.88082504272461,-1.0958094596862793
-8.49056625366211,61.88082504272461,-1.155946969985962
-5.094339847564697,61.88082504272461,-1.2272369861602783
-1.698113203048706,61.88082504272461,-1.242020845413208
1.698113203048706,61.88082504272461,-1.2257434129714966
5.094339847564697,61.88082504272461,-1.3588958978652954
8.49056625366211,61.88082504272461,-1.6384333372116089
11.886792182922363,61.88082504272461,-0.8622190356254578
15.283019065856934,61.88082504272461,0.3060855567455292
18.679244995117188,61.88082504272461,-1.1967735290527344
22.075471878051758,61.88082504272461,1.309017300605774
25.471698760986328,61.88082504272461,2.0693588256835938
28.867923736572266,61.88082504272461,2.5782978534698486
32.26415252685547,61.88082504272461,2.88344669342041
35.660377502441406,61.88082504272461,3.943037986755371
39.056602478027344,61.88082504272461,3.984348773956299
42.45283126831055,61.88082504272461,4.259686470031738
45.849056243896484,61.88082504272461,4.163843631744385
49.24528121948242,61.88082504272461,3.87322998046875
52.641510009765625,61.88082504272461,3.316664218902588
56.03773498535156,61.88082504272461,2.739372491836548
59.433963775634766,61.88082504272461,2.134647846221924
62.8301887512207,61.88082504272461,1.6002075672149658
66.2264175415039,61.88082504272461,0.9647924304008484
69.62264251708984,61.88082504272461,0.5156375169754028
73.01886749267578,61.88082504272461,-0.025354010984301567
76.41509246826172,61.88082504272461,-0.49411776661872864
79.81131744384766,61.88082504272461,-0.7165979146957397
83.20755004882812,61.88082504272461,-0.7946478128433228
86.60377502441406,61.88082504272461,-0.8928914070129395
90.0,61.88082504272461,-1.0264313220977783
93.39622497558594,61.88082504272461,-1.126784324645996
96.79244995117188,61.88082504272461,-1.1773200035095215
100.18868255615234,61.88082504272461,-1.0005489587783813
103.58490753173828,61.88082504272461,-0.9669909477233887
106.98113250732422,61.88082504272461,-0.9422096610069275
110.37735748291016,61.88082504272461,-0.6734079718589783
113.7735824584961,61.88082504272461,-0.33775171637535095
117.16981506347656,61.88082504272461,0.0404517836868763
120.5660400390625,61.88082504272461,0.40987253189086914
123.96226501464844,61.88082504272461,0.7956872582435608
127.35848999023438,61.88082504272461,1.120292067527771
130.7547149658203,61.88082504272461,1.3893673419952393
134.15093994140625,61.88082504272461,1.601309061050415
137.5471649169922,61.88082504272461,1.7666207551956177
140.94338989257812,61.88082504272461,1.9594497680664062
144.33963012695312,61.88082504272461,2.1640055179595947
147.73585510253906,61.88082504272461,2.269906759262085
151.132080078125,61.88082504272461,2.04483699798584
154.52830505371094,61.88082504272461,1.4234235286712646
157.92453002929688,61.88082504272461,0.7128318548202515
161.3207550048828,61.88082504272461,0.5412052869796753
164.71697998046875,61.88082504272461,0.3988227844238281
168.1132049560547,61.88082504272461,0.0753614529967308
171.50942993164062,61.88082504272461,-0.3870357573032379
174.90565490722656,61.88082504272461,0.28147009015083313
178.3018798828125,61.88082504272461,-0.3853297829627991
-178.3783721923828,60.272193908691406,0.9074894785881042
-175.1351318359375,60.272193908691406,1.3691946268081665
-171.8918914794922,60.272193908691406,1.588104009628296
-168.64865112304688,60.272193908691406,1.6340231895446777
-165.40541076660156,60.272193908691406,1.5993455648422241
-162.1621551513672,60.272193908691406,2.3051517009735107
-158.91891479492188,60.272193908691406,2.0524327754974365
-155.67567443847656,60.272193908691406,1.6678287982940674
-152.43243408203125,60.272193908691406,0.7416152954101562
-149.18919372558594,60.272193908691406,0.8481075167655945
-145.94595336914062,60.272193908691406,0.18663029372692108
-142.70269775390625,60.272193908691406,0.7991418242454529
-139.45945739746094,60.272193908691406,0.9679563045501709
-136.21621704101562,60.272193908691406,0.9438270926475525
-132.9729766845703,60.272193908691406,0.04699905589222908
-129.729736328125,60.272193908691406,-0.6188720464706421
-126.48648834228516,60.272193908691406,-1.0908359289169312
-123.24324035644531,60.272193908691406,-1.3229495286941528
-120.0,60.272193908691406,-1.2892955541610718
-116.75675964355469,60.272193908691406,-1.3731414079666138
-113.51351165771484,60.272193908691406,-1.6002603769302368
-110.27027130126953,60.272193908691406,-1.8395076990127563
-107.02702331542969,60.272193908691406,-1.9379688501358032
-103.78378295898438,60.272193908691406,-1.9026453495025635
-100.54054260253906,60.272193908691406,-1.8685250282287598
-97.29729461669922,60.272193908691406,-1.5361756086349487
-94.0540542602539,60.272193908691406,-0.7507178783416748
-90.8108139038086,60.272193908691406,-0.1901671588420868
-87.56756591796875,60.272193908691406,0.4461461901664734
-84.32432556152344,60.272193908691406,0.6913465261459351
-81.0810775756836,60.272193908691406,1.472012996673584
-77.83783721923828,60.272193908691406,1.6477023363113403
-74.59459686279297,60.272193908691406,1.8659765720367432
-71.35134887695312,60.272193908691406,2.1680219173431396
-68.10810852050781,60.272193908691406,2.2452285289764404
-64.8648681640625,60.272193908691406,2.5952749252319336
-61.621620178222656,60.272193908691406,3.3158321380615234
-58.378379821777344,60.272193908691406,2.302295207977295
-55.135135650634766,60.272193908691406,1.5111877918243408
-51.89189147949219,60.272193908691406,1.1396889686584473
-48.64864730834961,60.272193908691406,0.8425427675247192
-45.4054069519043,60.272193908691406,0.629774272441864
-42.16216278076172,60.272193908691406,0.7922269701957703
-38.91891860961914,60.272193908691406,0.24288000166416168
-35.67567443847656,60.272193908691406,0.08050554245710373
-32.43243408203125,60.272193908691406,-0.1361110657453537
-29.189189910888672,60.272193908691406,-0.4276890456676483
-25.945945739746094,60.272193908691406,-0.7215482592582703
-22.70270347595215,60.272193908691406,-0.9425931572914124
-19.45945930480957,60.272193908691406,-1.0413564443588257
-16.216217041015625,60.272193908691406,-1.0512142181396484
-12.972972869873047,60.272193908691406,-1.0550216436386108
-9.729729652404785,60.272193908691406,-1.1226128339767456
-6.486486434936523,60.272193908691406,-1.1989349126815796
-3.2432432174682617,60.272193908691406,-1.2480370998382568
0.0,60.272193908691406,-1.2887799739837646
3.2432432174682617,60.272193908691406,-1.3345569372177124
6.486486434936523,60.272193908691406,-2.074124813079834
9.729729652404785,60.272193908691406,-1.7803176641464233
12.972972869873047,60.272193908691406,-0.6655285358428955
16.216217041015625,60.272193908691406,0.6284287571907043
19.45945930480957,60.272193908691406,-1.5786312818527222
22.70270347595215,60.272193908691406,0.005300951190292835
25.945945739746094,60.272193908691406,0.8653774261474609
29.189189910888672,60.272193908691406,2.3511428833007812
32.43243408203125,60.272193908691406,2.8062565326690674
35.67567443847656,60.272193908691406,3.590620279312134
38.91891860961914,60.272193908691406,3.9812846183776855
42.16216278076172,60.272193908691406,4.257724761962891
45.4054069519043,60.272193908691406,4.329272747039795
48.64864730834961,60.272193908691406,3.9670796394348145
51.89189147949219,60.272193908691406,3.5297274589538574
55.135135650634766,60.272193908691406,3.1174890995025635
58.378379821777344,60.272193908691406,2.438521385192871
61.621620178222656,60.272193908691406,1.7590177059173584
64.8648681640625,60.272193908691406,1.1769717931747437
68.10810852050781,60.272193908691406,0.7265850901603699
71.35134887695312,60.272193908691406,0.09523078054189682
74.59459686279297,60.272193908691406,-0.4152657985687256
77.83783721923828,60.272193908691406,-0.6878314018249512
81.0810775756836,60.272193908691406,-0.7406676411628723
84.32432556152344,60.272193908691406,-0.8015193939208984
87.56756591796875,60.272193908691406,-0.9172640442848206
90.8108139038086,60.272193908691406,-0.9427440166473389
94.0540542602539,60.272193908691406,-0.8674135804176331
97.29729461669922,60.272193908691406,-0.8857030868530273
100.54054260253906,60.272193908691406,-0.589523434638977
103.78378295898438,60.272193908691406,-0.5214354395866394
107.02702331542969,60.272193908691406,-0.556121289730072
110.27027130126953,60.272193908691406,-0.2533460259437561
113.51351165771484,60.272193908691406,0.2079882025718689
116.75675964355469,60.272193908691406,0.46537086367607117
120.0,60.272193908691406,0.79020094871521
123.24324035644531,60.272193908691406,1.214026689529419
126.48648834228516,60.272193908691406,1.7025794982910156
129.729736328125,60.272193908691406,1.9472644329071045
132.9729766845703,60.272193908691406,1.7875754833221436
136.21621704101562,60.272193908691406,1.800005316734314
139.45945739746094,60.272193908691406,1.8539223670959473
142.70269775390625,60.272193908691406,1.963780164718628
145.94595336914062,60.272193908691406,1.998759388923645
149.18919372558594,60.272193908691406,1.8473039865493774
152.43243408203125,60.272193908691406,1.469559669494629
155.67567443847656,60.272193908691406,0.5565854907035828
158.91891479492188,60.272193908691406,0.3455663323402405
162.1621551513672,60.272193908691406,0.34009769558906555
165.40541076660156,60.272193908691406,0.36373695731163025
168.64865112304688,60.272193908691406,0.3771330416202545
171.8918914794922,60.272193908691406,0.7442194819450378
175.1351318359375,60.272193908691406,0.8143261075019836
178.3783721923828,60.272193908691406,0.60154128074646
-178.46153259277344,58.663330078125,0.8274273872375488
-175.38461303710938,58.663330078125,1.1954642534255981
-172.3076934814453,58.663330078125,1.453445553779602
-169.23077392578125,58.663330078125,1.5507370233535767
-166.15383911132812,58.663330078125,1.5654171705245972
-163.07691955566406,58.663330078125,1.4214974641799927
-160.0,58.663330078125,1.4578434228897095
-156.92308044433594,58.663330078125,1.702155351638794
-153.84616088867188,58.663330078125,0.893518328666687
-150.76922607421875,58.663330078125,0.34083107113838196
-147.6923065185547,58.663330078125,0.2822585105895996
-144.61538696289062,58.663330078125,0.12981270253658295
-141.53846740722656,58.663330078125,-0.08226744085550308
-138.46153259277344,58.663330078125,-0.11083713918924332
-135.38461303710938,58.663330078125,0.23736463487148285
-132.3076934814453,58.663330078125,0.08629387617111206
-129.23077392578125,58.663330078125,-0.6330680847167969
-126.15384674072266,58.663330078125,-1.1379480361938477
-123.07691955566406,58.663330078125,-1.5447437763214111
-120.0,58.663330078125,-1.653935194015503
-116.92308044433594,58.663330078125,-1.7322016954421997
-113.84615325927734,58.663330078125,-1.6567457914352417
-110.76923370361328,58.663330078125,-1.611358880996704
-107.69230651855469,58.663330078125,-2.0771727561950684
-104.61538696289062,58.663330078125,-2.114197015762329
-101.53845977783203,58.663330078125,-1.9603208303451538
-98.46154022216797,58.663330078125,-1.6684081554412842
-95.38461303710938,58.663330078125,-1.134657382965088
-92.30769348144531,58.663330078125,-0.5622071027755737
-89.23076629638672,58.663330078125,-0.04109524190425873
-86.15384674072266,58.663330078125,0.3827621638774872
-83.07691955566406,58.663330078125,0.6249496936798096
-80.0,58.663330078125,1.184669017791748
-76.92308044433594,58.663330078125,1.318291187286377
-73.84615325927734,58.663330078125,1.8643157482147217
-70.76923370361328,58.663330078125,2.342784881591797
-67.69230651855469,58.663330078125,2.6955676078796387
-64.61538696289062,58.663330078125,3.1504151821136475
-61.53845977783203,58.663330078125,3.081944465637207
-58.46154022216797,58.663330078125,2.310584545135498
-55.38461685180664,58.663330078125,1.4278723001480103
-52.30769348144531,58.663330078125,1.050613284111023
-49.230770111083984,58.663330078125,0.7093071937561035
-46.153846740722656,58.663330078125,0.5852823257446289
-43.07692337036133,58.663330078125,0.5428532958030701
-40.0,58.663330078125,0.34394168853759766
-36.92307662963867,58.663330078125,0.2622237205505371
-33.846153259277344,58.663330078125,0.10291789472103119
-30.769229888916016,58.663330078125,-0.10093872994184494
-27.69230842590332,58.663330078125,-0.3766612410545349
-24.615385055541992,58.663330078125,-0.7044922113418579
-21.538461685180664,58.663330078125,-0.9082557559013367
-18.461538314819336,58.663330078125,-0.9725891947746277
-15.384614944458008,58.663330078125,-0.9279770255088806
-12.307692527770996,58.663330078125,-0.9621146321296692
-9.230769157409668,58.663330078125,-1.1283419132232666
-6.153846263885498,58.663330078125,-1.24044930934906
-3.076923131942749,58.663330078125,-1.261290192604065
0.0,58.663330078125,-1.2981491088867188
3.076923131942749,58.663330078125,-1.3700274229049683
6.153846263885498,58.663330078125,-1.653375267982483
9.230769157409668,58.663330078125,-1.5953648090362549
12.307692527770996,58.663330078125,-0.8776474595069885
15.384614944458008,58.663330078125,0.3630233705043793
18.461538314819336,58.663330078125,-1.455434799194336
21.538461685180664,58.663330078125,-1.0333192348480225
24.615385055541992,58.663330078125,1.5720529556274414
27.69230842590332,58.663330078125,2.313599109649658
30.769229888916016,58.663330078125,2.9248595237731934
33.846153259277344,58.663330078125,3.4455814361572266
36.92307662963867,58.663330078125,3.549565315246582
40.0,58.663330078125,4.111258506774902
43.07692337036133,58.663330078125,4.218364238739014
46.153846740722656,58.663330078125,4.107809543609619
49.230770111083984,58.663330078125,3.734445810317993
52.30769348144531,58.663330078125,3.228256940841675
55.38461685180664,58.663330078125,2.619302988052368
58.46154022216797,58.663330078125,2.3373684883117676
61.53845977783203,58.663330078125,1.5956809520721436
64.61538696289062,58.663330078125,0.9250773191452026
67.69230651855469,58.663330078125,0.507586658000946
70.76923370361328,58.663330078125,-0.019308479502797127
73.84615325927734,58.663330078125,-0.5215762257575989
76.92308044433594,58.663330078125,-0.7883027195930481
80.0,58.663330078125,-0.7073500156402588
83.07691955566406,58.663330078125,-0.7038387060165405
86.15384674072266,58.663330078125,-0.8966122269630432
89.23076629638672,58.663330078125,-0.7960227727890015
92.30769348144531,58.663330078125,-0.31416067481040955
95.38461303710938,58.663330078125,-0.20516981184482574
98.46154022216797,58.663330078125,-0.12828035652637482
101.53845977783203,58.663330078125,-0.0344393253326416
104.61538696289062,58.663330078125,-0.1816951185464859
107.69230651855469,58.663330078125,-0.09823157638311386
110.76923370361328,58.663330078125,0.24995049834251404
113.84615325927734,58.663330078125,0.6740099191665649
116.92308044433594,58.663330078125,0.9348726868629456
120.0,58.663330078125,1.363058090209961
123.07691955566406,58.663330078125,1.9138625860214233
126.15384674072266,58.663330078125,2.3679933547973633
129.23077392578125,58.663330078125,1.9778597354888916
132.3076934814453,58.663330078125,1.9090582132339478
135.38461303710938,58.663330078125,2.140308380126953
138.46153259277344,58.663330078125,2.0794827938079834
141.53846740722656,58.663330078125,1.3757038116455078
144.61538696289062,58.663330078125,1.1549614667892456
147.6923065185547,58.663330078125,0.9666092991828918
150.76922607421875,58.663330078125,0.9909250736236572
153.84616088867188,58.663330078125,0.5613588690757751
156.92308044433594,58.663330078125,0.32472196221351624
160.0,58.663330078125,0.12146951258182526
163.07691955566406,58.663330078125,-0.03479118272662163
166.15383911132812,58.663330078125,0.4473299980163574
169.23077392578125,58.663330078125,0.4776156544685364
172.3076934814453,58.663330078125,0.5386773943901062
175.38461303710938,58.663330078125,0.5716091990470886
178.46153259277344,58.663330078125,0.6423722505569458
-178.52459716796875,57.05276107788086,0.7828474640846252
-175.5737762451172,57.05276107788086,1.0653929710388184
-172.62295532226562,57.05276107788086,1.3378804922103882
-169.67213439941406,57.05276107788086,1.4550089836120605
-166.7213134765625,57.05276107788086,1.6033707857131958
-163.77049255371094,57.05276107788086,1.772222876548767
-160.81967163085938,57.05276107788086,1.3559397459030151
-157.8688507080078,57.05276107788086,1.6167078018188477
-154.91802978515625,57.05276107788086,0.7685030698776245
-151.9672088623047,57.05276107788086,0.5587142705917358
-149.01638793945312,57.05276107788086,0.5632732510566711
-146.06556701660156,57.05276107788086,0.4535050094127655
-143.11476135253906,57.05276107788086,0.2525010108947754
-140.1639404296875,57.05276107788086,-0.01076817512512207
-137.21311950683594,57.05276107788086,-0.22048957645893097
-134.26229858398438,57.05276107788086,0.055148061364889145
-131.3114776611328,57.05276107788086,0.10552146285772324
-128.36065673828125,57.05276107788086,-0.4266527593135834
-125.40983581542969,57.05276107788086,-1.024941086769104
-122.45901489257812,57.05276107788086,-1.6966983079910278
-119.50819396972656,57.05276107788086,-2.239173173904419
-116.55738067626953,57.05276107788086,-2.1640188694000244
-113.60655975341797,57.05276107788086,-1.9410719871520996
-110.6557388305664,57.05276107788086,-2.0088086128234863
-107.70491790771484,57.05276107788086,-2.344719409942627
-104.75409698486328,57.05276107788086,-2.283426284790039
-101.80327606201172,57.05276107788086,-1.5333513021469116
-98.85246276855469,57.05276107788086,-1.4602739810943604
-95.90164184570312,57.05276107788086,-1.4395941495895386
-92.95082092285156,57.05276107788086,-0.9041423797607422
-90.0,57.05276107788086,-0.40495240688323975
-87.04917907714844,57.05276107788086,0.001302019809372723
-84.09835815429688,57.05276107788086,0.420914888381958
-81.14753723144531,57.05276107788086,0.6801126599311829
-78.19672393798828,57.05276107788086,1.0790884494781494
-75.24590301513672,57.05276107788086,1.6493645906448364
-72.29508209228516,57.05276107788086,2.2079966068267822
-69.3442611694336,57.05276107788086,2.8108816146850586
-66.39344024658203,57.05276107788086,3.3446924686431885
-63.442623138427734,57.05276107788086,3.68947434425354
-60.49180221557617,57.05276107788086,3.1716949939727783
-57.540985107421875,57.05276107788086,2.0413336753845215
-54.59016418457031,57.05276107788086,1.2131763696670532
-51.63934326171875,57.05276107788086,0.8984559774398804
-48.68852615356445,57.05276107788086,0.6014824509620667
-45.73770523071289,57.05276107788086,0.5109193921089172
-42.78688430786133,57.05276107788086,0.4644389748573303
-39.83606719970703,57.05276107788086,0.4954318702220917
-36.88524627685547,57.05276107788086,0.45042741298675537
-33.934425354003906,57.05276107788086,0.300125390291214
-30.983606338500977,57.05276107788086,0.13221432268619537
-28.032787322998047,57.05276107788086,-0.1151219829916954
-25.081966400146484,57.05276107788086,-0.48701906204223633
-22.131147384643555,57.05276107788086,-0.7545977830886841
-19.180328369140625,57.05276107788086,-0.864800214767456
-16.229507446289062,57.05276107788086,-0.8321463465690613
-13.278688430786133,57.05276107788086,-0.7808495163917542
-10.327868461608887,57.05276107788086,-1.0224500894546509
-7.377048969268799,57.05276107788086,-1.1933003664016724
-4.426229476928711,57.05276107788086,-1.8312389850616455
-1.4754098653793335,57.05276107788086,-1.1664828062057495
1.4754098653793335,57.05276107788086,-1.2946996688842773
4.426229476928711,57.05276107788086,-1.3476139307022095
7.377048969268799,57.05276107788086,-1.3571146726608276
10.327868461608887,57.05276107788086,-0.9710939526557922
13.278688430786133,57.05276107788086,0.4397662878036499
16.229507446289062,57.05276107788086,0.5951498746871948
19.180328369140625,57.05276107788086,-1.0260679721832275
22.131147384643555,57.05276107788086,1.368147373199463
25.081966400146484,57.05276107788086,1.9288890361785889
28.032787322998047,57.05276107788086,2.3565423488616943
30.983606338500977,57.05276107788086,2.8950278759002686
33.934425354003906,57.05276107788086,3.4791600704193115
36.88524627685547,57.05276107788086,4.0651350021362305
39.83606719970703,57.05276107788086,4.492090225219727
42.78688430786133,57.05276107788086,3.885380983352661
45.73770523071289,57.05276107788086,4.08649206161499
48.68852615356445,57.05276107788086,3.6775243282318115
51.63934326171875,57.05276107788086,3.249802827835083
54.59016418457031,57.05276107788086,2.4634592533111572
57.540985107421875,57.05276107788086,2.145911455154419
60.49180221557617,57.05276107788086,1.6753591299057007
63.442623138427734,57.05276107788086,0.8453466296195984
66.39344024658203,57.05276107788086,0.3700566291809082
69.3442611694336,57.05276107788086,-0.00643183384090662
72.29508209228516,57.05276107788086,-0.47343990206718445
75.24590301513672,57.05276107788086,-0.5378422737121582
78.19672393798828,57.05276107788086,-0.48109170794487
81.14753723144531,57.05276107788086,-0.5036343932151794
84.09835815429688,57.05276107788086,-0.6116902232170105
87.04917907714844,57.05276107788086,-0.3490433096885681
90.0,57.05276107788086,0.19219841063022614
92.95082092285156,57.05276107788086,0.37829145789146423
95.90164184570312,57.05276107788086,0.4812471568584442
98.85246276855469,57.05276107788086,0.5385836958885193
101.80327606201172,57.05276107788086,0.4163396954536438
104.75409698486328,57.05276107788086,0.28212520480155945
107.70491790771484,57.05276107788086,0.42475712299346924
110.6557388305664,57.05276107788086,0.6548784971237183
113.60655975341797,57.05276107788086,0.967009425163269
116.55738067626953,57.05276107788086,1.2511775493621826
119.50819396972656,57.05276107788086,1.7471404075622559
122.45901489257812,57.05276107788086,2.261152982711792
125.40983581542969,57.05276107788086,2.481119394302368
128.36065673828125,57.05276107788086,2.481243133544922
131.3114776611328,57.05276107788086,2.1508750915527344
134.26229858398438,57.05276107788086,2.3876357078552246
137.21311950683594,57.05276107788086,2.361011028289795
140.1639404296875,57.05276107788086,1.7729207277297974
143.11476135253906,57.05276107788086,1.313706636428833
146.06556701660156,57.05276107788086,1.0095354318618774
149.01638793945312,57.05276107788086,0.7460818290710449
151.9672088623047,57.05276107788086,0.5810160636901855
154.91802978515625,57.05276107788086,0.37143829464912415
157.8688507080078,57.05276107788086,0.23262697458267212
160.81967163085938,57.05276107788086,0.00031702022533863783
163.77049255371094,57.05276107788086,0.2827813923358917
166.7213134765625,57.05276107788086,0.41674211621284485
169.67213439941406,57.05276107788086,0.48594269156455994
172.62295532226562,57.05276107788086,0.5545397400856018
175.5737762451172,57.05276107788086,0.6064801216125488
178.52459716796875,57.05276107788086,0.6701552271842957
-178.58267211914062,55.44598388671875,0.7405299544334412
-175.74803161621094,55.44598388671875,0.9207455515861511
-172.91339111328125,55.44598388671875,1.1197009086608887
-170.0787353515625,55.44598388671875,1.2783504724502563
-167.2440948486328,55.44598388671875,1.4221739768981934
-164.40945434570312,55.44598388671875,1.4743871688842773
-161.57479858398438,55.44598388671875,1.5074177980422974
-158.7401580810547,55.44598388671875,1.0542598962783813
-155.905517578125,55.44598388671875,0.8503610491752625
-153.07086181640625,55.44598388671875,0.7723082900047302
-150.23622131347656,55.44598388671875,0.7698546051979065
-147.40158081054688,55.44598388671875,0.7471370100975037
-144.56692504882812,55.44598388671875,0.6403242945671082
-141.73228454589844,55.44598388671875,0.4392889738082886
-138.89764404296875,55.44598388671875,0.2027077078819275
-136.06298828125,55.44598388671875,0.039636339992284775
-133.2283477783203,55.44598388671875,0.05880940705537796
-130.39370727539062,55.44598388671875,0.01771264150738716
-127.55905151367188,55.44598388671875,-0.3524041771888733
-124.72441101074219,55.44598388671875,-1.111965537071228
-121.88976287841797,55.44598388671875,-1.626168131828308
-119.05511474609375,55.44598388671875,-1.8699357509613037
-116.22047424316406,55.44598388671875,-2.1945436000823975
-113.38582611083984,55.44598388671875,-2.053114175796509
-110.55117797851562,55.44598388671875,-2.173513889312744
-107.71653747558594,55.44598388671875,-2.4193007946014404
-104.88188934326172,55.44598388671875,-2.078799247741699
-102.0472412109375,55.44598388671875,-2.493149518966675
-99.21260070800781,55.44598388671875,-2.5886735916137695
-96.3779525756836,55.44598388671875,-2.228480815887451
-93.54330444335938,55.44598388671875,-1.5347721576690674
-90.70866394042969,55.44598388671875,-0.9223145246505737
-87.87401580810547,55.44598388671875,-0.28121596574783325
-85.03936767578125,55.44598388671875,0.14460799098014832
-82.20472717285156,55.44598388671875,0.542488157749176
-79.37007904052734,55.44598388671875,0.8677266240119934
-76.53543090820312,55.44598388671875,1.3790411949157715
-73.70079040527344,55.44598388671875,2.000271797180176
-70.86614227294922,55.44598388671875,2.6637375354766846
-68.031494140625,55.44598388671875,3.26198673248291
-65.19685363769531,55.44598388671875,3.7406842708587646
-62.362205505371094,55.44598388671875,4.071153163909912
-59.527557373046875,55.44598388671875,3.376909017562866
-56.69291305541992,55.44598388671875,2.295640230178833
-53.85826873779297,55.44598388671875,1.0950337648391724
-51.02362060546875,55.44598388671875,0.8852887153625488
-48.1889762878418,55.44598388671875,0.7999873161315918
-45.354331970214844,55.44598388671875,0.7561643719673157
-42.519683837890625,55.44598388671875,0.7362421154975891
-39.68503952026367,55.44598388671875,0.7243741154670715
-36.85039520263672,55.44598388671875,0.7004066109657288
-34.0157470703125,55.44598388671875,0.618018627166748
-31.181102752685547,55.44598388671875,0.42945727705955505
-28.34645652770996,55.44598388671875,0.14723511040210724
-25.511810302734375,55.44598388671875,-0.17942307889461517
-22.677165985107422,55.44598388671875,-0.4564415514469147
-19.842519760131836,55.44598388671875,-0.6399107575416565
-17.00787353515625,55.44598388671875,-0.7361806631088257
-14.17322826385498,55.44598388671875,-0.7943477630615234
-11.338582992553711,55.44598388671875,-0.9098504185676575
-8.503936767578125,55.44598388671875,-1.1057701110839844
-5.6692914962768555,55.44598388671875,-1.2865339517593384
-2.8346457481384277,55.44598388671875,-1.4197759628295898
0.0,55.44598388671875,-1.092931866645813
2.8346457481384277,55.44598388671875,-1.1562317609786987
5.6692914962768555,55.44598388671875,-1.2036515474319458
8.503936767578125,55.44598388671875,-0.8366791009902954
11.338582992553711,55.44598388671875,-0.5082520246505737
14.17322826385498,55.44598388671875,-0.47004106640815735
17.00787353515625,55.44598388671875,-0.9864639043807983
19.842519760131836,55.44598388671875,-0.9167055487632751
22.677165985107422,55.44598388671875,2.0476105213165283
25.511810302734375,55.44598388671875,1.8792773485183716
28.34645652770996,55.44598388671875,2.1737220287323
31.181102752685547,55.44598388671875,2.8557233810424805
34.0157470703125,55.44598388671875,3.4856605529785156
36.85039520263672,55.44598388671875,3.972763776779175
39.68503952026367,55.44598388671875,4.513393402099609
42.519683837890625,55.44598388671875,4.392680644989014
45.354331970214844,55.44598388671875,4.0174784660339355
48.1889762878418,55.44598388671875,3.5197410583496094
51.02362060546875,55.44598388671875,3.0718812942504883
53.85826873779297,55.44598388671875,2.778578758239746
56.69291305541992,55.44598388671875,2.2948825359344482
59.527557373046875,55.44598388671875,1.8473416566848755
62.362205505371094,55.44598388671875,1.1832940578460693
65.19685363769531,55.44598388671875,0.3718479573726654
68.031494140625,55.44598388671875,-0.03233795240521431
70.86614227294922,55.44598388671875,-0.4039737284183502
73.70079040527344,55.44598388671875,-0.5548775792121887
76.53543090820312,55.44598388671875,-0.5984732508659363
79.37007904052734,55.44598388671875,-0.6108576059341431
82.20472717285156,55.44598388671875,-0.6931195855140686
85.03936767578125,55.44598388671875,-0.5734100341796875
87.87401580810547,55.44598388671875,-0.02174234390258789
90.70866394042969,55.44598388671875,0.7350361347198486
93.54330444335938,55.44598388671875,0.7575588226318359
96.3779525756836,55.44598388671875,1.0558249950408936
99.21260070800781,55.44598388671875,1.0856359004974365
102.0472412109375,55.44598388671875,0.7622624635696411
104.88188934326172,55.44598388671875,0.8138099908828735
107.71653747558594,55.44598388671875,0.9101533889770508
110.55117797851562,55.44598388671875,1.051764965057373
113.38582611083984,55.44598388671875,1.3346437215805054
116.22047424316406,55.44598388671875,1.3710180521011353
119.05511474609375,55.44598388671875,1.7347755432128906
121.88976287841797,55.44598388671875,2.2695014476776123
124.72441101074219,55.44598388671875,2.599364995956421
127.55905151367188,55.44598388671875,2.7039151191711426
130.39370727539062,55.44598388671875,2.429258108139038
133.2283477783203,55.44598388671875,2.6097328662872314
136.06298828125,55.44598388671875,2.5051443576812744
138.89764404296875,55.44598388671875,2.0399162769317627
141.73228454589844,55.44598388671875,1.6896594762802124
144.56692504882812,55.44598388671875,1.1034735441207886
147.40158081054688,55.44598388671875,0.569810152053833
150.23622131347656,55.44598388671875,0.3991978168487549
153.07086181640625,55.44598388671875,0.3234316110610962
155.905517578125,55.44598388671875,0.2989842891693115
158.7401580810547,55.44598388671875,0.22736580669879913
161.57479858398438,55.44598388671875,0.019923750311136246
164.40945434570312,55.44598388671875,0.35955679416656494
167.2440948486328,55.44598388671875,0.44350680708885193
170.0787353515625,55.44598388671875,0.5010442137718201
172.91339111328125,55.44598388671875,0.5490571856498718
175.74803161621094,55.44598388671875,0.5973254442214966
178.58267211914062,55.44598388671875,0.6484551429748535
-178.63636779785156,53.84135437011719,0.5469895005226135
-175.90908813476562,53.84135437011719,0.662683367729187
-173.18182373046875,53.84135437011719,0.8224480748176575
-170.4545440673828,53.84135437011719,0.9618503451347351
-167.72727966308594,53.84135437011719,1.0713045597076416
-165.0,53.84135437011719,1.1393380165100098
-162.27272033691406,53.84135437011719,1.096569538116455
-159.5454559326172,53.84135437011719,0.9957943558692932
-156.81817626953125,53.84135437011719,0.9396159648895264
-154.09091186523438,53.84135437011719,0.9355876445770264
-151.36363220214844,53.84135437011719,0.9517266154289246
-148.63636779785156,53.84135437011719,0.9806613922119141
-145.90908813476562,53.84135437011719,0.9785617589950562
-143.18182373046875,53.84135437011719,0.8869803547859192
-140.4545440673828,53.84135437011719,0.6328580975532532
-137.72727966308594,53.84135437011719,0.4013131260871887
-135.0,53.84135437011719,0.2836420238018036
-132.27272033691406,53.84135437011719,0.31840765476226807
-129.5454559326172,53.84135437011719,0.10395681113004684
-126.81818389892578,53.84135437011719,-0.25958436727523804
-124.09091186523438,53.84135437011719,-0.7087852954864502
-121.36363983154297,53.84135437011719,-1.019120454788208
-118.63636016845703,53.84135437011719,-1.6854819059371948
-115.90908813476562,53.84135437011719,-2.1380209922790527
-113.18181610107422,53.84135437011719,-2.091949939727783
-110.45454406738281,53.84135437011719,-2.221403121948242
-107.7272720336914,53.84135437011719,-2.341324806213379
-105.0,53.84135437011719,-2.438671588897705
-102.2727279663086,53.84135437011719,-2.798383951187134
-99.54545593261719,53.84135437011719,-2.37172532081604
-96.81818389892578,53.84135437011719,-3.1564979553222656
-94.09091186523438,53.84135437011719,-2.1890485286712646
-91.36363983154297,53.84135437011719,-1.3873956203460693
-88.63636016845703,53.84135437011719,-0.5499390959739685
-85.90908813476562,53.84135437011719,-0.10519082844257355
-83.18181610107422,53.84135437011719,0.25254586338996887
-80.45454406738281,53.84135437011719,0.6960408687591553
-77.7272720336914,53.84135437011719,1.109989881515503
-75.0,53.84135437011719,1.645839810371399
-72.2727279663086,53.84135437011719,2.2864372730255127
-69.54545593261719,53.84135437011719,2.7862019538879395
-66.81818389892578,53.84135437011719,3.366215229034424
-64.09091186523438,53.84135437011719,3.3972229957580566
-61.3636360168457,53.84135437011719,3.9998764991760254
-58.6363639831543,53.84135437011719,3.5625150203704834
-55.90909194946289,53.84135437011719,1.482600450515747
-53.181819915771484,53.84135437011719,0.7409825325012207
-50.45454406738281,53.84135437011719,0.9725950360298157
-47.727272033691406,53.84135437011719,1.0510563850402832
-45.0,53.84135437011719,1.0325708389282227
-42.272727966308594,53.84135437011719,0.9853145480155945
-39.54545593261719,53.84135437011719,0.9180235266685486
-36.818180084228516,53.84135437011719,0.9149625897407532
-34.09090805053711,53.84135437011719,0.9171477556228638
-31.363636016845703,53.84135437011719,0.7142153978347778
-28.636363983154297,53.84135437011719,0.39346203207969666
-25.909090042114258,53.84135437011719,0.06171388551592827
-23.18181800842285,53.84135437011719,-0.2275191694498062
-20.454545974731445,53.84135437011719,-0.43879538774490356
-17.727272033691406,53.84135437011719,-0.5908174514770508
-15.0,53.84135437011719,-0.7073270678520203
-12.272727012634277,53.84135437011719,-0.8272385001182556
-9.545454978942871,53.84135437011719,-1.6975306272506714
-6.818181991577148,53.84135437011719,-1.820979118347168
-4.090909004211426,53.84135437011719,-0.9747104048728943
-1.3636363744735718,53.84135437011719,-1.1258169412612915
1.3636363744735718,53.84135437011719,-0.8840562105178833
4.090909004211426,53.84135437011719,-0.9762945175170898
6.818181991577148,53.84135437011719,-0.9401994347572327
9.545454978942871,53.84135437011719,0.3362332284450531
12.272727012634277,53.84135437011719,1.0790858268737793
15.0,53.84135437011719,0.9508591890335083
17.727272033691406,53.84135437011719,2.150750160217285
20.454545974731445,53.84135437011719,2.267446279525757
23.18181800842285,53.84135437011719,1.964491844177246
25.909090042114258,53.84135437011719,1.8049920797348022
28.636363983154297,53.84135437011719,2.201004981994629
31.363636016845703,53.84135437011719,2.937967538833618
34.09090805053711,53.84135437011719,3.581920623779297
36.818180084228516,53.84135437011719,3.78425931930542
39.54545593261719,53.84135437011719,4.183448791503906
42.272727966308594,53.84135437011719,4.0198187828063965
45.0,53.84135437011719,3.647592782974243
47.727272033691406,53.84135437011719,3.4398791790008545
50.45454406738281,53.84135437011719,3.2075986862182617
53.181819915771484,53.84135437011719,2.7666172981262207
55.90909194946289,53.84135437011719,2.308384895324707
58.6363639831543,53.84135437011719,1.806984543800354
61.3636360168457,53.84135437011719,1.3973208665847778
64.09091186523438,53.84135437011719,0.7487240433692932
66.81818389892578,53.84135437011719,0.14466826617717743
69.54545593261719,53.84135437011719,-0.4665747284889221
72.2727279663086,53.84135437011719,-0.8162723183631897
75.0,53.84135437011719,-0.8331249952316284
77.7272720336914,53.84135437011719,-0.9182444214820862
80.45454406738281,53.84135437011719,-0.8149702548980713
83.18181610107422,53.84135437011719,-0.5954728722572327
85.90908813476562,53.84135437011719,-0.4794444441795349
88.63636016845703,53.84135437011719,0.0223582424223423
91.36363983154297,53.84135437011719,0.6922647953033447
94.09091186523438,53.84135437011719,0.5383169054985046
96.81818389892578,53.84135437011719,1.2246869802474976
99.54545593261719,53.84135437011719,1.3839151859283447
102.2727279663086,53.84135437011719,1.0053883790969849
105.0,53.84135437011719,1.1376268863677979
107.7272720336914,53.84135437011719,0.7438327074050903
110.45454406738281,53.84135437011719,1.2361514568328857
113.18181610107422,53.84135437011719,1.3829455375671387
115.90908813476562,53.84135437011719,1.3539924621582031
118.63636016845703,53.84135437011719,1.6021919250488281
121.36363983154297,53.84135437011719,1.9379903078079224
124.09091186523438,53.84135437011719,2.3726725578308105
126.81818389892578,53.84135437011719,2.4893689155578613
129.5454559326172,53.84135437011719,2.3047573566436768
132.27272033691406,53.84135437011719,2.214306116104126
135.0,53.84135437011719,2.5142710208892822
137.72727966308594,53.84135437011719,2.473944902420044
140.4545440673828,53.84135437011719,2.112926959991455
143.18182373046875,53.84135437011719,1.7282471656799316
145.90908813476562,53.84135437011719,0.5964764356613159
148.63636779785156,53.84135437011719,0.27582842111587524
151.36363220214844,53.84135437011719,0.22858944535255432
154.09091186523438,53.84135437011719,0.08152256160974503
156.81817626953125,53.84135437011719,0.20171228051185608
159.5454559326172,53.84135437011719,0.1011827364563942
162.27272033691406,53.84135437011719,0.2339489609003067
165.0,53.84135437011719,0.3763798773288727
167.72727966308594,53.84135437011719,0.4630700647830963
170.4545440673828,53.84135437011719,0.497393399477005
173.18182373046875,53.84135437011719,0.503481924533844
175.90908813476562,53.84135437011719,0.504249095916748
178.63636779785156,53.84135437011719,0.5129402875900269
-178.68612670898438,52.23744583129883,0.24586082994937897
-176.0583953857422,52.23744583129883,0.3314005434513092
-173.4306640625,52.23744583129883,0.481454461812973
-170.80291748046875,52.23744583129883,0.5767685174942017
-168.17518615722656,52.23744583129883,0.707176685333252
-165.5474395751953,52.23744583129883,0.7803642153739929
-162.91970825195312,52.23744583129883,0.8065483570098877
-160.29197692871094,52.23744583129883,0.8160350322723389
-157.6642303466797,52.23744583129883,0.8498166799545288
-155.0364990234375,52.23744583129883,0.9433607459068298
-152.40875244140625,52.23744583129883,1.018593668937683
-149.78102111816406,52.23744583129883,1.0847622156143188
-147.15328979492188,52.23744583129883,1.1441625356674194
-144.52554321289062,52.23744583129883,1.1920647621154785
-141.89781188964844,52.23744583129883,1.0154430866241455
-139.27008056640625,52.23744583129883,0.7074862718582153
-136.642333984375,52.23744583129883,0.5436859726905823
-134.0146026611328,52.23744583129883,0.4732135236263275
-131.38685607910156,52.23744583129883,0.4303338825702667
-128.75912475585938,52.23744583129883,0.35085612535476685
-126.13138580322266,52.23744583129883,0.047372255474328995
-123.50364685058594,52.23744583129883,-0.0035542487166821957
-120.87591552734375,52.23744583129883,-0.5373319387435913
-118.24817657470703,52.23744583129883,-1.1100873947143555
-115.62043762207031,52.23744583129883,-1.5629055500030518
-112.9926986694336,52.23744583129883,-2.1069157123565674
-110.36495971679688,52.23744583129883,-2.1742026805877686
-107.73722839355469,52.23744583129883,-2.0542242527008057
-105.10948944091797,52.23744583129883,-2.470691680908203
-102.48175048828125,52.23744583129883,-2.9661364555358887
-99.85401153564453,52.23744583129883,-2.7251765727996826
-97.22628021240234,52.23744583129883,-1.9229696989059448
-94.59854125976562,52.23744583129883,-2.9688632488250732
-91.9708023071289,52.23744583129883,-1.9287530183792114
-89.34306335449219,52.23744583129883,-1.083055019378662
-86.71533203125,52.23744583129883,-0.5145248174667358
-84.08759307861328,52.23744583129883,-0.034946080297231674
-81.45985412597656,52.23744583129883,0.45246532559394836
-78.83211517333984,52.23744583129883,0.8977145552635193
-76.20437622070312,52.23744583129883,1.3375616073608398
-73.57664489746094,52.23744583129883,1.8135108947753906
-70.94890594482422,52.23744583129883,2.2714312076568604
-68.3211669921875,52.23744583129883,2.6456832885742188
-65.69342803955078,52.23744583129883,3.106069564819336
-63.06569290161133,52.23744583129883,3.6013336181640625
-60.437957763671875,52.23744583129883,3.653763771057129
-57.810218811035156,52.23744583129883,3.2656826972961426
-55.18247985839844,52.23744583129883,0.44702091813087463
-52.554744720458984,52.23744583129883,0.5004535913467407
-49.927005767822266,52.23744583129883,1.088289737701416
-47.29927062988281,52.23744583129883,1.2181694507598877
-44.671531677246094,52.23744583129883,1.1988309621810913
-42.04379653930664,52.23744583129883,1.1179344654083252
-39.41605758666992,52.23744583129883,0.9987325668334961
-36.78832244873047,52.23744583129883,1.0038763284683228
-34.16058349609375,52.23744583129883,1.0958622694015503
-31.532846450805664,52.23744583129883,0.8490433692932129
-28.905109405517578,52.23744583129883,0.5083044171333313
-26.277372360229492,52.23744583129883,0.1835179626941681
-23.649635314941406,52.23744583129883,-0.10733280330896378
-21.02189826965332,52.23744583129883,-0.321635365486145
-18.394161224365234,52.23744583129883,-0.48235687613487244
-15.766423225402832,52.23744583129883,-0.6090356111526489
-13.138686180114746,52.23744583129883,-0.7294163703918457
-10.51094913482666,52.23744583129883,-1.0153272151947021
-7.883211612701416,52.23744583129883,-1.5816179513931274
-5.25547456741333,52.23744583129883,-0.9788588285446167
-2.627737283706665,52.23744583129883,-1.4392794370651245
0.0,52.23744583129883,-0.5323842763900757
2.627737283706665,52.23744583129883,-0.692726194858551
5.25547456741333,52.23744583129883,-0.5197270512580872
7.883211612701416,52.23744583129883,0.1004377081990242
10.51094913482666,52.23744583129883,0.508286714553833
13.138686180114746,52.23744583129883,0.8856181502342224
15.766423225402832,52.23744583129883,1.5581321716308594
18.394161224365234,52.23744583129883,1.8130964040756226
21.02189826965332,52.23744583129883,1.7905911207199097
23.649635314941406,52.23744583129883,1.6792322397232056
26.277372360229492,52.23744583129883,1.8440197706222534
28.905109405517578,52.23744583129883,2.4523913860321045
31.532846450805664,52.23744583129883,3.0746116638183594
34.16058349609375,52.23744583129883,3.5774857997894287
36.78832244873047,52.23744583129883,3.7801625728607178
39.41605758666992,52.23744583129883,3.8444392681121826
42.04379653930664,52.23744583129883,3.660517692565918
44.671531677246094,52.23744583129883,3.5107839107513428
47.29927062988281,52.23744583129883,3.3888375759124756
49.927005767822266,52.23744583129883,3.058527708053589
52.554744720458984,52.23744583129883,2.6883907318115234
55.18247985839844,52.23744583129883,2.3667328357696533
57.810218811035156,52.23744583129883,2.058072090148926
60.437957763671875,52.23744583129883,1.6550931930541992
63.06569290161133,52.23744583129883,0.9216731786727905
65.69342803955078,52.23744583129883,0.17962121963500977
68.3211669921875,52.23744583129883,-0.33245041966438293
70.94890594482422,52.23744583129883,-0.7740553021430969
73.57664489746094,52.23744583129883,-0.9992271661758423
76.20437622070312,52.23744583129883,-0.9969179630279541
78.83211517333984,52.23744583129883,-0.8588196635246277
81.45985412597656,52.23744583129883,-0.7494831085205078
84.08759307861328,52.23744583129883,-0.5328671336174011
86.71533203125,52.23744583129883,-0.3020453155040741
89.34306335449219,52.23744583129883,0.04390072822570801
91.9708023071289,52.23744583129883,0.2146335244178772
94.59854125976562,52.23744583129883,0.4994124174118042
97.22628021240234,52.23744583129883,1.1019134521484375
99.85401153564453,52.23744583129883,1.3021438121795654
102.48175048828125,52.23744583129883,0.955010712146759
105.10948944091797,52.23744583129883,1.0127569437026978
107.73722839355469,52.23744583129883,1.1977251768112183
110.36495971679688,52.23744583129883,1.506844162940979
112.9926986694336,52.23744583129883,1.4530307054519653
115.62043762207031,52.23744583129883,1.5500982999801636
118.24817657470703,52.23744583129883,1.706475019454956
120.87591552734375,52.23744583129883,1.9909378290176392
123.50364685058594,52.23744583129883,2.1213059425354004
126.13138580322266,52.23744583129883,2.1404452323913574
128.75912475585938,52.23744583129883,1.9160444736480713
131.38685607910156,52.23744583129883,1.914265513420105
134.0146026611328,52.23744583129883,2.116459369659424
136.642333984375,52.23744583129883,2.4878737926483154
139.27008056640625,52.23744583129883,1.9459753036499023
141.89781188964844,52.23744583129883,1.5916295051574707
144.52554321289062,52.23744583129883,0.8120571970939636
147.15328979492188,52.23744583129883,-0.1483631581068039
149.78102111816406,52.23744583129883,0.046370524913072586
152.40875244140625,52.23744583129883,0.04818888008594513
155.0364990234375,52.23744583129883,-0.18202297389507294
157.6642303466797,52.23744583129883,0.25728604197502136
160.29197692871094,52.23744583129883,-0.002671702764928341
162.91970825195312,52.23744583129883,0.16962102055549622
165.5474395751953,52.23744583129883,0.31955575942993164
168.17518615722656,52.23744583129883,0.3761484920978546
170.80291748046875,52.23744583129883,0.3945860266685486
173.4306640625,52.23744583129883,0.3322376012802124
176.0583953857422,52.23744583129883,0.2968815863132477
178.68612670898438,52.23744583129883,0.2609977722167969
-178.73239135742188,50.63298416137695,-0.09925573319196701
-176.1971893310547,50.63298416137695,-0.06298931688070297
-173.66197204589844,50.63298416137695,0.018925722688436508
-171.1267547607422,50.63298416137695,0.1355099380016327
-168.591552734375,50.63298416137695,0.27864956855773926
-166.05633544921875,50.63298416137695,0.4007955491542816
-163.52113342285156,50.63298416137695,0.4939996898174286
-160.9859161376953,50.63298416137695,0.5773915648460388
-158.45069885253906,50.63298416137695,0.675166666507721
-155.91549682617188,50.63298416137695,0.8012743592262268
-153.38027954101562,50.63298416137695,0.9319039583206177
-150.84507751464844,50.63298416137695,1.0497591495513916
-148.3098602294922,50.63298416137695,1.1373169422149658
-145.77464294433594,50.63298416137695,1.1641358137130737
-143.23944091796875,50.63298416137695,1.1035345792770386
-140.7042236328125,50.63298416137695,0.9396775364875793
-138.1690216064453,50.63298416137695,0.7655607461929321
-135.63380432128906,50.63298416137695,0.6557685732841492
-133.0985870361328,50.63298416137695,0.5922430157661438
-130.56338500976562,50.63298416137695,0.5445361137390137
-128.02816772460938,50.63298416137695,0.42767801880836487
-125.49295806884766,50.63298416137695,0.3980874717235565
-122.95774841308594,50.63298416137695,0.24542130529880524
-120.42253875732422,50.63298416137695,-0.16956444084644318
-117.88732147216797,50.63298416137695,-0.5600149631500244
-115.35211181640625,50.63298416137695,-0.9340786337852478
-112.81690216064453,50.63298416137695,-1.7749505043029785
-110.28169250488281,50.63298416137695,-2.1138534545898438
-107.74647521972656,50.63298416137695,-2.1930179595947266
-105.21126556396484,50.63298416137695,-2.634377956390381
-102.67605590820312,50.63298416137695,-2.9445102214813232
-100.1408462524414,50.63298416137695,-3.306978702545166
-97.60563659667969,50.63298416137695,-3.2514946460723877
-95.07041931152344,50.63298416137695,-3.375770330429077
-92.53520965576172,50.63298416137695,-2.0067789554595947
-90.0,50.63298416137695,-1.633318543434143
-87.46479034423828,50.63298416137695,-1.187881588935852
-84.92958068847656,50.63298416137695,-0.6301503777503967
-82.39436340332031,50.63298416137695,0.09469602257013321
-79.8591537475586,50.63298416137695,0.7090319395065308
-77.32394409179688,50.63298416137695,0.9994431734085083
-74.78873443603516,50.63298416137695,1.1967010498046875
-72.25352478027344,50.63298416137695,1.6316132545471191
-69.71830749511719,50.63298416137695,1.9583427906036377
-67.18309783935547,50.63298416137695,2.2712247371673584
-64.64788818359375,50.63298416137695,2.589430570602417
-62.112674713134766,50.63298416137695,3.2612338066101074
-59.57746505737305,50.63298416137695,2.491206169128418
-57.04225540161133,50.63298416137695,2.471186637878418
-54.507041931152344,50.63298416137695,-0.18738599121570587
-51.971832275390625,50.63298416137695,0.636577844619751
-49.43661880493164,50.63298416137695,1.028953194618225
-46.90140914916992,50.63298416137695,1.11469566822052
-44.36619567871094,50.63298416137695,1.107851505279541
-41.83098602294922,50.63298416137695,1.0399128198623657
-39.2957763671875,50.63298416137695,0.9593426585197449
-36.760562896728516,50.63298416137695,0.9259976148605347
-34.2253532409668,50.63298416137695,0.8854350447654724
-31.690141677856445,50.63298416137695,0.7239538431167603
-29.154930114746094,50.63298416137695,0.4626099169254303
-26.619718551635742,50.63298416137695,0.1892271339893341
-24.08450698852539,50.63298416137695,-0.06813026964664459
-21.54929542541504,50.63298416137695,-0.2784484326839447
-19.014083862304688,50.63298416137695,-0.4325278699398041
-16.478872299194336,50.63298416137695,-0.5518317818641663
-13.9436616897583,50.63298416137695,-0.6446991562843323
-11.408451080322266,50.63298416137695,-0.7298396825790405
-8.873239517211914,50.63298416137695,-0.7743273973464966
-6.3380279541015625,50.63298416137695,-0.7385732531547546
-3.802816867828369,50.63298416137695,-1.4290004968643188
-1.2676056623458862,50.63298416137695,-0.9093220829963684
1.2676056623458862,50.63298416137695,-0.6341230869293213
3.802816867828369,50.63298416137695,-0.39919015765190125
6.3380279541015625,50.63298416137695,-0.2126222550868988
8.873239517211914,50.63298416137695,0.02773081511259079
11.408451080322266,50.63298416137695,0.672435998916626
13.9436616897583,50.63298416137695,1.150851845741272
16.478872299194336,50.63298416137695,1.50070321559906
19.014083862304688,50.63298416137695,1.5324146747589111
21.54929542541504,50.63298416137695,1.4365943670272827
24.08450698852539,50.63298416137695,1.396030068397522
26.619718551635742,50.63298416137695,1.8649739027023315
29.154930114746094,50.63298416137695,2.474787473678589
31.690141677856445,50.63298416137695,3.19623064994812
34.2253532409668,50.63298416137695,3.6853699684143066
36.760562896728516,50.63298416137695,3.889847993850708
39.2957763671875,50.63298416137695,3.7621490955352783
41.83098602294922,50.63298416137695,3.4580748081207275
44.36619567871094,50.63298416137695,3.3988537788391113
46.90140914916992,50.63298416137695,3.1234207153320312
49.43661880493164,50.63298416137695,2.814025640487671
51.971832275390625,50.63298416137695,2.5323777198791504
54.507041931152344,50.63298416137695,2.222327470779419
57.04225540161133,50.63298416137695,1.9338510036468506
59.57746505737305,50.63298416137695,1.4985110759735107
62.112674713134766,50.63298416137695,0.7794747948646545
64.64788818359375,50.63298416137695,0.30392345786094666
67.18309783935547,50.63298416137695,-0.23427096009254456
69.71830749511719,50.63298416137695,-0.5754932165145874
72.25352478027344,50.63298416137695,-0.839816689491272
74.78873443603516,50.63298416137695,-0.7956583499908447
77.32394409179688,50.63298416137695,-0.7218841314315796
79.8591537475586,50.63298416137695,-0.7139170169830322
82.39436340332031,50.63298416137695,-0.5931070446968079
84.92958068847656,50.63298416137695,-0.2767532467842102
87.46479034423828,50.63298416137695,-0.17540808022022247
90.0,50.63298416137695,0.17270006239414215
92.53520965576172,50.63298416137695,0.33227503299713135
95.07041931152344,50.63298416137695,0.5957902073860168
97.60563659667969,50.63298416137695,0.8939977884292603
100.1408462524414,50.63298416137695,1.1432342529296875
102.67605590820312,50.63298416137695,0.966770350933075
105.21126556396484,50.63298416137695,1.2603431940078735
107.74647521972656,50.63298416137695,1.3411797285079956
110.28169250488281,50.63298416137695,1.5168768167495728
112.81690216064453,50.63298416137695,1.7966148853302002
115.35211181640625,50.63298416137695,2.1550376415252686
117.88732147216797,50.63298416137695,2.139326333999634
120.42253875732422,50.63298416137695,2.176675319671631
122.95774841308594,50.63298416137695,2.1356945037841797
125.49295806884766,50.63298416137695,2.021620273590088
128.02816772460938,50.63298416137695,1.721032738685608
130.56338500976562,50.63298416137695,1.5619877576828003
133.0985870361328,50.63298416137695,1.6501843929290771
135.63380432128906,50.63298416137695,1.885362148284912
138.1690216064453,50.63298416137695,1.5512467622756958
140.7042236328125,50.63298416137695,0.6083022952079773
143.23944091796875,50.63298416137695,0.712716281414032
145.77464294433594,50.63298416137695,-0.04705308750271797
148.3098602294922,50.63298416137695,-0.09641176462173462
150.84507751464844,50.63298416137695,0.07823549211025238
153.38027954101562,50.63298416137695,-0.1154022365808487
155.91549682617188,50.63298416137695,-0.2078806459903717
158.45069885253906,50.63298416137695,-0.25420504808425903
160.9859161376953,50.63298416137695,-0.14449310302734375
163.52113342285156,50.63298416137695,-0.03295949473977089
166.05633544921875,50.63298416137695,0.06330881267786026
168.591552734375,50.63298416137695,0.09591458737850189
171.1267547607422,50.63298416137695,0.06189087778329849
173.66197204589844,50.63298416137695,-0.008891701698303223
176.1971893310547,50.63298416137695,-0.0688953697681427
178.73239135742188,50.63298416137695,-0.09359078109264374
-178.7755126953125,49.02682876586914,-0.49387553334236145
-176.3265380859375,49.02682876586914,-0.4716823101043701
-173.87754821777344,49.02682876586914,-0.4101751446723938
-171.42857360839844,49.02682876586914,-0.2850807309150696
-168.97959899902344,49.02682876586914,-0.11686740070581436
-166.53060913085938,49.02682876586914,0.03744875639677048
-164.08163452148438,49.02682876586914,0.1767439842224121
-161.63265991210938,49.02682876586914,0.30086109042167664
-159.1836700439453,49.02682876586914,0.41777411103248596
-156.7346954345703,49.02682876586914,0.5659739375114441
-154.2857208251953,49.02682876586914,0.7427842020988464
-151.83673095703125,49.02682876586914,0.9132871031761169
-149.38775634765625,49.02682876586914,1.0607966184616089
-146.93878173828125,49.02682876586914,1.100710391998291
-144.4897918701172,49.02682876586914,1.042245864868164
-142.0408172607422,49.02682876586914,0.9604441523551941
-139.5918426513672,49.02682876586914,0.8616482615470886
-137.14285278320312,49.02682876586914,0.7677247524261475
-134.69387817382812,49.02682876586914,0.7020998597145081
-132.24490356445312,49.02682876586914,0.6595999002456665
-129.79591369628906,49.02682876586914,0.6320589184761047
-127.34693908691406,49.02682876586914,0.5277095437049866
-124.89795684814453,49.02682876586914,0.5612281560897827
-122.44898223876953,49.02682876586914,0.5025731325149536
-120.0,49.02682876586914,0.5378886461257935
-117.55101776123047,49.02682876586914,0.1434687077999115
-115.10204315185547,49.02682876586914,-0.11725117266178131
-112.65306091308594,49.02682876586914,-0.9038558602333069
-110.2040786743164,49.02682876586914,-1.4806252717971802
-107.7551040649414,49.02682876586914,-2.0130062103271484
-105.30612182617188,49.02682876586914,-2.724984884262085
-102.85713958740234,49.02682876586914,-3.0358006954193115
-100.40816497802734,49.02682876586914,-3.2287564277648926
-97.95918273925781,49.02682876586914,-3.557840585708618
-95.51020050048828,49.02682876586914,-3.0642800331115723
-93.06122589111328,49.02682876586914,-2.6002750396728516
-90.61224365234375,49.02682876586914,-2.1653382778167725
-88.16326904296875,49.02682876586914,-1.2299569845199585
-85.71428680419922,49.02682876586914,-1.2882460355758667
-83.26530456542969,49.02682876586914,-0.4751191735267639
-80.81632995605469,49.02682876586914,0.3906010687351227
-78.36734771728516,49.02682876586914,0.7580634951591492
-75.91836547851562,49.02682876586914,0.7708441019058228
-73.46939086914062,49.02682876586914,1.1851513385772705
-71.0204086303711,49.02682876586914,1.5128414630889893
-68.57142639160156,49.02682876586914,1.4709930419921875
-66.12245178222656,49.02682876586914,1.8715908527374268
-63.67346954345703,49.02682876586914,1.6660610437393188
-61.224491119384766,49.02682876586914,1.4297645092010498
-58.775508880615234,49.02682876586914,1.9029022455215454
-56.32653045654297,49.02682876586914,2.9152145385742188
-53.8775520324707,49.02682876586914,0.985822319984436
-51.42856979370117,49.02682876586914,0.5892403721809387
-48.979591369628906,49.02682876586914,0.9119983315467834
-46.53061294555664,49.02682876586914,0.9885634779930115
-44.081634521484375,49.02682876586914,0.9841038584709167
-41.632652282714844,49.02682876586914,0.9208396673202515
-39.18367385864258,49.02682876586914,0.8369772434234619
-36.73469543457031,49.02682876586914,0.7601523995399475
-34.28571319580078,49.02682876586914,0.6560478806495667
-31.836734771728516,49.02682876586914,0.5181910991668701
-29.387754440307617,49.02682876586914,0.347322553396225
-26.93877601623535,49.02682876586914,0.13370946049690247
-24.489795684814453,49.02682876586914,-0.08509460836648941
-22.040817260742188,49.02682876586914,-0.26709574460983276
-19.59183692932129,49.02682876586914,-0.4127665162086487
-17.14285659790039,49.02682876586914,-0.5215926170349121
-14.693877220153809,49.02682876586914,-0.6015920042991638
-12.244897842407227,49.02682876586914,-0.6595221161842346
-9.795918464660645,49.02682876586914,-0.6657394170761108
-7.346938610076904,49.02682876586914,-0.6431720852851868
-4.897959232330322,49.02682876586914,-0.6204347014427185
-2.448979616165161,49.02682876586914,-0.6387263536453247
0.0,49.02682876586914,-0.7334311604499817
2.448979616165161,49.02682876586914,-0.46361663937568665
4.897959232330322,49.02682876586914,-0.48719942569732666
7.346938610076904,49.02682876586914,-0.2494620382785797
9.795918464660645,49.02682876586914,0.31828615069389343
12.244897842407227,49.02682876586914,0.6772642135620117
14.693877220153809,49.02682876586914,1.1032979488372803
17.14285659790039,49.02682876586914,1.1542718410491943
19.59183692932129,49.02682876586914,1.0542457103729248
22.040817260742188,49.02682876586914,1.3564276695251465
24.489795684814453,49.02682876586914,1.4740887880325317
26.93877601623535,49.02682876586914,2.0604372024536133
29.387754440307617,49.02682876586914,2.623950242996216
31.836734771728516,49.02682876586914,3.070723295211792
34.28571319580078,49.02682876586914,3.4903886318206787
36.73469543457031,49.02682876586914,4.070309638977051
39.18367385864258,49.02682876586914,3.908168077468872
41.632652282714844,49.02682876586914,3.5330634117126465
44.081634521484375,49.02682876586914,3.0460941791534424
46.53061294555664,49.02682876586914,2.855769157409668
48.979591369628906,49.02682876586914,2.4636757373809814
51.42856979370117,49.02682876586914,2.1291563510894775
53.8775520324707,49.02682876586914,1.8526694774627686
56.32653045654297,49.02682876586914,1.6752177476882935
58.775508880615234,49.02682876586914,1.2089285850524902
61.224491119384766,49.02682876586914,0.5722397565841675
63.67346954345703,49.02682876586914,0.09252942353487015
66.12245178222656,49.02682876586914,-0.2510594427585602
68.57142639160156,49.02682876586914,-0.5823140144348145
71.0204086303711,49.02682876586914,-0.8172255158424377
73.46939086914062,49.02682876586914,-0.7913546562194824
75.91836547851562,49.02682876586914,-0.6614736914634705
78.36734771728516,49.02682876586914,-1.0080937147140503
80.81632995605469,49.02682876586914,-0.9536378979682922
83.26530456542969,49.02682876586914,-0.54404217004776
85.71428680419922,49.02682876586914,-0.3698444068431854
88.16326904296875,49.02682876586914,-0.050876434892416
90.61224365234375,49.02682876586914,0.41421905159950256
93.06122589111328,49.02682876586914,0.5111259818077087
95.51020050048828,49.02682876586914,0.6506455540657043
97.95918273925781,49.02682876586914,1.0201306343078613
100.40816497802734,49.02682876586914,1.257807970046997
102.85713958740234,49.02682876586914,1.5161479711532593
105.30612182617188,49.02682876586914,1.469594955444336
107.7551040649414,49.02682876586914,1.4150596857070923
110.2040786743164,49.02682876586914,1.6932587623596191
112.65306091308594,49.02682876586914,2.0935544967651367
115.10204315185547,49.02682876586914,2.3592846393585205
117.55101776123047,49.02682876586914,2.234797954559326
120.0,49.02682876586914,2.4782958030700684
122.44898223876953,49.02682876586914,2.25408673286438
124.89795684814453,49.02682876586914,2.117640256881714
127.34693908691406,49.02682876586914,1.5608195066452026
129.79591369628906,49.02682876586914,1.3170294761657715
132.24490356445312,49.02682876586914,1.3141287565231323
134.69387817382812,49.02682876586914,1.3639140129089355
137.14285278320312,49.02682876586914,1.0396907329559326
139.5918426513672,49.02682876586914,0.4859655201435089
142.0408172607422,49.02682876586914,0.056843265891075134
144.4897918701172,49.02682876586914,0.025236906483769417
146.93878173828125,49.02682876586914,-0.006434714421629906
149.38775634765625,49.02682876586914,0.19162863492965698
151.83673095703125,49.02682876586914,-0.07657404989004135
154.2857208251953,49.02682876586914,-0.25282022356987
156.7346954345703,49.02682876586914,-0.36209988594055176
159.1836700439453,49.02682876586914,-0.3818327784538269
161.63265991210938,49.02682876586914,-0.34037837386131287
164.08163452148438,49.02682876586914,-0.29077062010765076
166.53060913085938,49.02682876586914,-0.2471056431531906
168.97959899902344,49.02682876586914,-0.25098317861557007
171.42857360839844,49.02682876586914,-0.31510576605796814
173.87754821777344,49.02682876586914,-0.41663581132888794
176.3265380859375,49.02682876586914,-0.4900342524051666
178.7755126953125,49.02682876586914,-0.49452152848243713
-178.8157958984375,47.417938232421875,-0.8622010946273804
-176.44737243652344,47.417938232421875,-0.8253152966499329
-174.07894897460938,47.417938232421875,-0.7701456546783447
-171.7105255126953,47.417938232421875,-0.6320119500160217
-169.34210205078125,47.417938232421875,-0.44279900193214417
-166.9736785888672,47.417938232421875,-0.26736757159233093
-164.6052703857422,47.417938232421875,-0.09643786400556564
-162.23684692382812,47.417938232421875,0.05298369750380516
-159.86842346191406,47.417938232421875,0.16203559935092926
-157.5,47.417938232421875,0.29731428623199463
-155.13157653808594,47.417938232421875,0.507536768913269
-152.76315307617188,47.417938232421875,0.6943948864936829
-150.3947296142578,47.417938232421875,0.8910733461380005
-148.0263214111328,47.417938232421875,1.0295207500457764
-145.65789794921875,47.417938232421875,0.941361129283905
-143.2894744873047,47.417938232421875,0.8444768786430359
-140.92105102539062,47.417938232421875,0.8373367786407471
-138.55262756347656,47.417938232421875,0.7729718089103699
-136.1842041015625,47.417938232421875,0.7490516901016235
-133.8157958984375,47.417938232421875,0.7020686268806458
-131.44737243652344,47.417938232421875,0.6883103251457214
-129.07894897460938,47.417938232421875,0.7215008735656738
-126.71052551269531,47.417938232421875,0.55186527967453
-124.34210205078125,47.417938232421875,0.5295378565788269
-121.97368621826172,47.417938232421875,0.81061851978302
-119.60526275634766,47.417938232421875,1.2088396549224854
-117.2368392944336,47.417938232421875,0.5159422159194946
-114.86842346191406,47.417938232421875,0.3231048583984375
-112.5,47.417938232421875,-0.043609920889139175
-110.13157653808594,47.417938232421875,-0.9923616647720337
-107.7631607055664,47.417938232421875,-1.667738914489746
-105.39473724365234,47.417938232421875,-2.0487775802612305
-103.02631378173828,47.417938232421875,-2.5030629634857178
-100.65789794921875,47.417938232421875,-2.918290138244629
-98.28947448730469,47.417938232421875,-3.3434994220733643
-95.92105102539062,47.417938232421875,-3.479745626449585
-93.5526351928711,47.417938232421875,-2.887178421020508
-91.18421173095703,47.417938232421875,-1.620489239692688
-88.81578826904297,47.417938232421875,-0.7366085052490234
-86.4473648071289,47.417938232421875,-0.49852946400642395
-84.07894897460938,47.417938232421875,-0.9969466924667358
-81.71052551269531,47.417938232421875,-0.2834870219230652
-79.34210205078125,47.417938232421875,0.593035876750946
-76.97368621826172,47.417938232421875,0.7174158692359924
-74.60526275634766,47.417938232421875,1.0353543758392334
-72.2368392944336,47.417938232421875,1.4645394086837769
-69.86842346191406,47.417938232421875,1.3934656381607056
-67.5,47.417938232421875,1.8593487739562988
-65.13157653808594,47.417938232421875,2.5493571758270264
-62.76315689086914,47.417938232421875,1.3598800897598267
-60.394737243652344,47.417938232421875,1.3478810787200928
-58.02631759643555,47.417938232421875,1.3694040775299072
-55.657894134521484,47.417938232421875,1.3862907886505127
-53.28947448730469,47.417938232421875,1.3754994869232178
-50.921051025390625,47.417938232421875,0.6827403903007507
-48.55263137817383,47.417938232421875,0.837977409362793
-46.18421173095703,47.417938232421875,0.8918899893760681
-43.81578826904297,47.417938232421875,0.8772472143173218
-41.44736862182617,47.417938232421875,0.793269157409668
-39.078948974609375,47.417938232421875,0.6958658695220947
-36.71052551269531,47.417938232421875,0.5900655388832092
-34.342105865478516,47.417938232421875,0.4557039439678192
-31.973684310913086,47.417938232421875,0.32496559619903564
-29.605262756347656,47.417938232421875,0.20822468400001526
-27.236841201782227,47.417938232421875,0.04913736879825592
-24.86842155456543,47.417938232421875,-0.12803636491298676
-22.5,47.417938232421875,-0.27282488346099854
-20.13157844543457,47.417938232421875,-0.3923342525959015
-17.763158798217773,47.417938232421875,-0.4932052791118622
-15.394737243652344,47.417938232421875,-0.5548373460769653
-13.026315689086914,47.417938232421875,-0.6190617084503174
-10.6578950881958,47.417938232421875,-0.5973609089851379
-8.289473533630371,47.417938232421875,-0.5425640940666199
-5.9210524559021,47.417938232421875,-0.5263269543647766
-3.5526316165924072,47.417938232421875,-0.5957496166229248
-1.1842105388641357,47.417938232421875,-0.9282782077789307
1.1842105388641357,47.417938232421875,-0.6546058058738708
3.5526316165924072,47.417938232421875,-0.4815864562988281
5.9210524559021,47.417938232421875,-0.3656270205974579
8.289473533630371,47.417938232421875,-0.14187200367450714
10.6578950881958,47.417938232421875,0.34884244203567505
13.026315689086914,47.417938232421875,0.4008970856666565
15.394737243652344,47.417938232421875,0.603135883808136
17.763158798217773,47.417938232421875,1.0221816301345825
20.13157844543457,47.417938232421875,1.2155267000198364
22.5,47.417938232421875,1.3688219785690308
24.86842155456543,47.417938232421875,1.6502389907836914
27.236841201782227,47.417938232421875,2.0208022594451904
29.605262756347656,47.417938232421875,2.781525135040283
31.973684310913086,47.417938232421875,3.346973419189453
34.342105865478516,47.417938232421875,3.177502155303955
36.71052551269531,47.417938232421875,3.8667500019073486
39.078948974609375,47.417938232421875,3.4778239727020264
41.44736862182617,47.417938232421875,3.2947592735290527
43.81578826904297,47.417938232421875,2.8149261474609375
46.18421173095703,47.417938232421875,2.369187355041504
48.55263137817383,47.417938232421875,1.9686779975891113
50.921051025390625,47.417938232421875,1.7614601850509644
53.28947448730469,47.417938232421875,1.6277483701705933
55.657894134521484,47.417938232421875,1.4500513076782227
58.02631759643555,47.417938232421875,0.9772414565086365
60.394737243652344,47.417938232421875,0.5241515040397644
62.76315689086914,47.417938232421875,0.11650187522172928
65.13157653808594,47.417938232421875,-0.19258524477481842
67.5,47.417938232421875,-0.6049814224243164
69.86842346191406,47.417938232421875,-1.0092726945877075
72.2368392944336,47.417938232421875,-1.1378111839294434
74.60526275634766,47.417938232421875,-1.0822787284851074
76.97368621826172,47.417938232421875,-1.2130860090255737
79.34210205078125,47.417938232421875,-1.4227114915847778
81.71052551269531,47.417938232421875,-1.1621462106704712
84.07894897460938,47.417938232421875,-0.6697824597358704
86.4473648071289,47.417938232421875,-0.4152897000312805
88.81578826904297,47.417938232421875,-0.004904619883745909
91.18421173095703,47.417938232421875,0.2981030344963074
93.5526351928711,47.417938232421875,0.3198932111263275
95.92105102539062,47.417938232421875,0.38706254959106445
98.28947448730469,47.417938232421875,0.6386744976043701
100.65789794921875,47.417938232421875,1.0076872110366821
103.02631378173828,47.417938232421875,1.4159098863601685
105.39473724365234,47.417938232421875,1.4280530214309692
107.7631607055664,47.417938232421875,1.5072458982467651
110.13157653808594,47.417938232421875,1.7718310356140137
112.5,47.417938232421875,1.9936960935592651
114.86842346191406,47.417938232421875,2.240817070007324
117.2368392944336,47.417938232421875,2.352053165435791
119.60526275634766,47.417938232421875,2.4288816452026367
121.97368621826172,47.417938232421875,2.218818426132202
124.34210205078125,47.417938232421875,2.0650389194488525
126.71052551269531,47.417938232421875,1.6141701936721802
129.07894897460938,47.417938232421875,1.0637543201446533
131.44737243652344,47.417938232421875,0.9471457600593567
133.8157958984375,47.417938232421875,0.8120772242546082
136.1842041015625,47.417938232421875,0.39016228914260864
138.55262756347656,47.417938232421875,-0.07740230113267899
140.92105102539062,47.417938232421875,-0.16544990241527557
143.2894744873047,47.417938232421875,0.005798586178570986
145.65789794921875,47.417938232421875,0.22482116520404816
148.0263214111328,47.417938232421875,0.1320398449897766
150.3947296142578,47.417938232421875,-0.06100594624876976
152.76315307617188,47.417938232421875,-0.27340421080589294
155.13157653808594,47.417938232421875,-0.4508463442325592
157.5,47.417938232421875,-0.5417726039886475
159.86842346191406,47.417938232421875,-0.5868445038795471
162.23684692382812,47.417938232421875,-0.582994282245636
164.6052703857422,47.417938232421875,-0.5795344114303589
166.9736785888672,47.417938232421875,-0.5628558993339539
169.34210205078125,47.417938232421875,-0.605664074420929
171.7105255126953,47.417938232421875,-0.6558569073677063
174.07894897460938,47.417938232421875,-0.7818434834480286
176.44737243652344,47.417938232421875,-0.8915696144104004
178.8157958984375,47.417938232421875,-0.8578137755393982
-178.84616088867188,45.81040954589844,-1.0818378925323486
-176.53846740722656,45.81040954589844,-1.0559791326522827
-174.23077392578125,45.81040954589844,-0.9893771409988403
-171.92308044433594,45.81040954589844,-0.8660730719566345
-169.61538696289062,45.81040954589844,-0.7034289240837097
-167.3076934814453,45.81040954589844,-0.5146723985671997
-165.0,45.81040954589844,-0.3051910102367401
-162.6923065185547,45.81040954589844,-0.1266608089208603
-160.38461303710938,45.81040954589844,0.021641921252012253
-158.07691955566406,45.81040954589844,0.16172994673252106
-155.76922607421875,45.81040954589844,0.32515889406204224
-153.46153259277344,45.81040954589844,0.47926825284957886
-151.15383911132812,45.81040954589844,0.6314147710800171
-148.84616088867188,45.81040954589844,0.7466216087341309
-146.53846740722656,45.81040954589844,0.7693021893501282
-144.23077392578125,45.81040954589844,0.7487300038337708
-141.92308044433594,45.81040954589844,0.7586415410041809
-139.61538696289062,45.81040954589844,0.7775251269340515
-137.3076934814453,45.81040954589844,0.7666651606559753
-135.0,45.81040954589844,0.7263609766960144
-132.6923065185547,45.81040954589844,0.6724961996078491
-130.38461303710938,45.81040954589844,0.6358042359352112
-128.07691955566406,45.81040954589844,0.584760308265686
-125.76923370361328,45.81040954589844,0.48314082622528076
-123.46154022216797,45.81040954589844,0.8012513518333435
-121.15384674072266,45.81040954589844,1.1943784952163696
-118.84615325927734,45.81040954589844,1.0519890785217285
-116.53845977783203,45.81040954589844,0.6559432744979858
-114.23076629638672,45.81040954589844,0.6016908288002014
-111.92308044433594,45.81040954589844,0.18009519577026367
-109.61538696289062,45.81040954589844,-0.5715677738189697
-107.30769348144531,45.81040954589844,-1.095136046409607
-105.0,45.81040954589844,-1.4189701080322266
-102.69230651855469,45.81040954589844,-1.8761589527130127
-100.38461303710938,45.81040954589844,-2.203634738922119
-98.07691955566406,45.81040954589844,-2.69492506980896
-95.76923370361328,45.81040954589844,-2.8437600135803223
-93.46154022216797,45.81040954589844,-2.435291290283203
-91.15384674072266,45.81040954589844,-2.246426820755005
-88.84615325927734,45.81040954589844,-2.111920118331909
-86.53845977783203,45.81040954589844,-1.06356942653656
-84.23076629638672,45.81040954589844,-0.6890402436256409
-81.92308044433594,45.81040954589844,-0.32927149534225464
-79.61538696289062,45.81040954589844,0.35275694727897644
-77.30769348144531,45.81040954589844,0.544314444065094
-75.0,45.81040954589844,0.7751275300979614
-72.69230651855469,45.81040954589844,1.1774739027023315
-70.38461303710938,45.81040954589844,1.47002112865448
-68.07691955566406,45.81040954589844,1.4111865758895874
-65.76923370361328,45.81040954589844,2.0622379779815674
-63.46154022216797,45.81040954589844,2.2997398376464844
-61.153846740722656,45.81040954589844,1.9194444417953491
-58.846153259277344,45.81040954589844,0.8308365345001221
-56.53845977783203,45.81040954589844,0.5864799618721008
-54.230770111083984,45.81040954589844,0.44685500860214233
-51.92307662963867,45.81040954589844,0.5094074010848999
-49.61538314819336,45.81040954589844,0.7070418000221252
-47.30769348144531,45.81040954589844,0.8108507394790649
-45.0,45.81040954589844,0.7882910966873169
-42.69230651855469,45.81040954589844,0.7118061780929565
-40.38461685180664,45.81040954589844,0.6181132793426514
-38.07692337036133,45.81040954589844,0.5123409032821655
-35.769229888916016,45.81040954589844,0.39227113127708435
-33.46154022216797,45.81040954589844,0.25259482860565186
-31.153846740722656,45.81040954589844,0.1306883543729782
-28.846153259277344,45.81040954589844,0.01926342584192753
-26.538461685180664,45.81040954589844,-0.10118525475263596
-24.230770111083984,45.81040954589844,-0.2140110284090042
-21.923076629638672,45.81040954589844,-0.2951764762401581
-19.615385055541992,45.81040954589844,-0.3731110990047455
-17.30769157409668,45.81040954589844,-0.4428280293941498
-15.0,45.81040954589844,-0.496206670999527
-12.692307472229004,45.81040954589844,-0.5367685556411743
-10.384614944458008,45.81040954589844,-0.5354458093643188
-8.076923370361328,45.81040954589844,-0.5029948353767395
-5.769230842590332,45.81040954589844,-0.47849240899086
-3.461538553237915,45.81040954589844,-0.477354496717453
-1.1538461446762085,45.81040954589844,-0.7318187952041626
1.1538461446762085,45.81040954589844,-0.7458884119987488
3.461538553237915,45.81040954589844,-0.3147863447666168
5.769230842590332,45.81040954589844,-0.21076354384422302
8.076923370361328,45.81040954589844,-0.007252884097397327
10.384614944458008,45.81040954589844,0.36536988615989685
12.692307472229004,45.81040954589844,0.4091264009475708
15.0,45.81040954589844,0.5970199108123779
17.30769157409668,45.81040954589844,0.7602160573005676
19.615385055541992,45.81040954589844,1.0005143880844116
21.923076629638672,45.81040954589844,0.9058339595794678
24.230770111083984,45.81040954589844,1.1962772607803345
26.538461685180664,45.81040954589844,1.6307307481765747
28.846153259277344,45.81040954589844,1.9941524267196655
31.153846740722656,45.81040954589844,0.6147090196609497
33.46154022216797,45.81040954589844,2.136948823928833
35.769229888916016,45.81040954589844,1.159864902496338
38.07692337036133,45.81040954589844,2.5176568031311035
40.38461685180664,45.81040954589844,3.2999377250671387
42.69230651855469,45.81040954589844,2.6738107204437256
45.0,45.81040954589844,2.0759875774383545
47.30769348144531,45.81040954589844,1.5348671674728394
49.61538314819336,45.81040954589844,1.121865153312683
51.92307662963867,45.81040954589844,0.9263584613800049
54.230770111083984,45.81040954589844,1.1161240339279175
56.53845977783203,45.81040954589844,0.698245644569397
58.846153259277344,45.81040954589844,0.33041512966156006
61.153846740722656,45.81040954589844,0.114125095307827
63.46154022216797,45.81040954589844,-0.2180590033531189
65.76923370361328,45.81040954589844,-0.7034741044044495
68.07691955566406,45.81040954589844,-1.2345502376556396
70.38461303710938,45.81040954589844,-1.6561999320983887
72.69230651855469,45.81040954589844,-1.7411679029464722
75.0,45.81040954589844,-1.493645429611206
77.30769348144531,45.81040954589844,-1.4518121480941772
79.61538696289062,45.81040954589844,-1.6310505867004395
81.92308044433594,45.81040954589844,-1.176601529121399
84.23076629638672,45.81040954589844,-1.0285100936889648
86.53845977783203,45.81040954589844,-0.6629347205162048
88.84615325927734,45.81040954589844,-0.38231360912323
91.15384674072266,45.81040954589844,-0.22687199711799622
93.46154022216797,45.81040954589844,-0.25863754749298096
95.76923370361328,45.81040954589844,-0.2105094939470291
98.07691955566406,45.81040954589844,0.0390746183693409
100.38461303710938,45.81040954589844,0.4838353395462036
102.69230651855469,45.81040954589844,0.8016825318336487
105.0,45.81040954589844,0.8988034725189209
107.30769348144531,45.81040954589844,1.0513614416122437
109.61538696289062,45.81040954589844,1.225369930267334
111.92308044433594,45.81040954589844,1.3697129487991333
114.23076629638672,45.81040954589844,1.5807307958602905
116.53845977783203,45.81040954589844,1.672210693359375
118.84615325927734,45.81040954589844,1.7924659252166748
121.15384674072266,45.81040954589844,1.9375791549682617
123.46154022216797,45.81040954589844,1.8627393245697021
125.76923370361328,45.81040954589844,1.6398042440414429
128.07691955566406,45.81040954589844,1.0373185873031616
130.38461303710938,45.81040954589844,0.4850607216358185
132.6923065185547,45.81040954589844,0.3537828326225281
135.0,45.81040954589844,0.06228310242295265
137.3076934814453,45.81040954589844,-0.2756121754646301
139.61538696289062,45.81040954589844,-0.28935787081718445
141.92308044433594,45.81040954589844,-0.37257125973701477
144.23077392578125,45.81040954589844,-0.24544085562229156
146.53846740722656,45.81040954589844,-0.18207187950611115
148.84616088867188,45.81040954589844,-0.47824332118034363
151.15383911132812,45.81040954589844,-0.5187194347381592
153.46153259277344,45.81040954589844,-0.6361953020095825
155.76922607421875,45.81040954589844,-0.7505139708518982
158.07691955566406,45.81040954589844,-0.8108648061752319
160.38461303710938,45.81040954589844,-0.8294164538383484
162.6923065185547,45.81040954589844,-0.8561862111091614
165.0,45.81040954589844,-0.899760365486145
167.3076934814453,45.81040954589844,-0.9278507232666016
169.61538696289062,45.81040954589844,-0.9431663751602173
171.92308044433594,45.81040954589844,-0.9621027112007141
174.23077392578125,45.81040954589844,-1.0214604139328003
176.53846740722656,45.81040954589844,-1.0797152519226074
178.84616088867188,45.81040954589844,-1.084073543548584
-178.88198852539062,44.20306396484375,-1.2152903079986572
-176.64596557617188,44.20306396484375,-1.1872700452804565
-174.40994262695312,44.20306396484375,-1.117944598197937
-172.17391967773438,44.20306396484375,-1.0180397033691406
-169.93788146972656,44.20306396484375,-0.8968220353126526
-167.7018585205078,44.20306396484375,-0.725734531879425
-165.46583557128906,44.20306396484375,-0.48064136505126953
-163.2298126220703,44.20306396484375,-0.26697656512260437
-160.99378967285156,44.20306396484375,-0.0900140255689621
-158.7577667236328,44.20306396484375,0.0740872398018837
-156.52174377441406,44.20306396484375,0.20296797156333923
-154.2857208251953,44.20306396484375,0.3018295466899872
-152.0496826171875,44.20306396484375,0.3991834223270416
-149.81365966796875,44.20306396484375,0.4838619530200958
-147.57763671875,44.20306396484375,0.5353620052337646
-145.34161376953125,44.20306396484375,0.5684326887130737
-143.1055908203125,44.20306396484375,0.6084808707237244
-140.86956787109375,44.20306396484375,0.7095868587493896
-138.633544921875,44.20306396484375,0.784595251083374
-136.39752197265625,44.20306396484375,0.760197103023529
-134.16148376464844,44.20306396484375,0.6878645420074463
-131.9254608154297,44.20306396484375,0.6080856919288635
-129.68943786621094,44.20306396484375,0.5201693773269653
-127.45341491699219,44.20306396484375,0.466617226600647
-125.21739196777344,44.20306396484375,0.4722253978252411
-122.98136901855469,44.20306396484375,0.8560636043548584
-120.7453384399414,44.20306396484375,1.0119435787200928
-118.50931549072266,44.20306396484375,0.8130545020103455
-116.2732925415039,44.20306396484375,0.3513096570968628
-114.03726959228516,44.20306396484375,0.44506606459617615
-111.80123901367188,44.20306396484375,0.4059067666530609
-109.56521606445312,44.20306396484375,-0.3901015818119049
-107.32919311523438,44.20306396484375,-0.7719882130622864
-105.09317016601562,44.20306396484375,-0.8924524188041687
-102.85713958740234,44.20306396484375,-1.1941174268722534
-100.6211166381836,44.20306396484375,-1.6645612716674805
-98.38509368896484,44.20306396484375,-2.052210807800293
-96.1490707397461,44.20306396484375,-2.1033546924591064
-93.91304016113281,44.20306396484375,-1.7430418729782104
-91.67701721191406,44.20306396484375,-1.3855482339859009
-89.44099426269531,44.20306396484375,-1.4161428213119507
-87.20497131347656,44.20306396484375,-0.8975186944007874
-84.96894073486328,44.20306396484375,-0.9247074723243713
-82.73291778564453,44.20306396484375,-0.44127950072288513
-80.49689483642578,44.20306396484375,-0.2179332822561264
-78.26087188720703,44.20306396484375,0.03659380227327347
-76.02484130859375,44.20306396484375,0.5771114826202393
-73.788818359375,44.20306396484375,1.1800071001052856
-71.55279541015625,44.20306396484375,1.2494288682937622
-69.3167724609375,44.20306396484375,0.9120236039161682
-67.08074188232422,44.20306396484375,1.180765151977539
-64.84471893310547,44.20306396484375,1.6762357950210571
-62.60869598388672,44.20306396484375,1.0649666786193848
-60.3726692199707,44.20306396484375,0.6830372214317322
-58.13664627075195,44.20306396484375,0.33502480387687683
-55.90061950683594,44.20306396484375,0.14554473757743835
-53.66459655761719,44.20306396484375,0.12983746826648712
-51.42856979370117,44.20306396484375,0.36627164483070374
-49.19254684448242,44.20306396484375,0.6688597798347473
-46.956520080566406,44.20306396484375,0.735560417175293
-44.720497131347656,44.20306396484375,0.6120631098747253
-42.48447036743164,44.20306396484375,0.5116965770721436
-40.24844741821289,44.20306396484375,0.46482470631599426
-38.012420654296875,44.20306396484375,0.3909124433994293
-35.776397705078125,44.20306396484375,0.26620903611183167
-33.54037094116211,44.20306396484375,0.12266219407320023
-31.30434799194336,44.20306396484375,0.011853599920868874
-29.068323135375977,44.20306396484375,-0.0854036957025528
-26.832298278808594,44.20306396484375,-0.16032642126083374
-24.59627342224121,44.20306396484375,-0.20844516158103943
-22.360248565673828,44.20306396484375,-0.24653536081314087
-20.124223709106445,44.20306396484375,-0.28814980387687683
-17.888198852539062,44.20306396484375,-0.3413529098033905
-15.65217399597168,44.20306396484375,-0.3933281898498535
-13.416149139404297,44.20306396484375,-0.4424300193786621
-11.180124282836914,44.20306396484375,-0.46351996064186096
-8.944099426269531,44.20306396484375,-0.4482584595680237
-6.708074569702148,44.20306396484375,-0.4378008246421814
-4.472049713134766,44.20306396484375,-0.4471689462661743
-2.236024856567383,44.20306396484375,-0.47303277254104614
0.0,44.20306396484375,-0.8167980313301086
2.236024856567383,44.20306396484375,-0.46483808755874634
4.472049713134766,44.20306396484375,-0.06836166232824326
6.708074569702148,44.20306396484375,0.25419601798057556
8.944099426269531,44.20306396484375,0.11564747244119644
11.180124282836914,44.20306396484375,0.3811085522174835
13.416149139404297,44.20306396484375,0.008480453863739967
15.65217399597168,44.20306396484375,0.5706458687782288
17.888198852539062,44.20306396484375,0.5358965992927551
20.124223709106445,44.20306396484375,0.31197765469551086
22.360248565673828,44.20306396484375,0.4437185525894165
24.59627342224121,44.20306396484375,0.7239320874214172
26.832298278808594,44.20306396484375,1.321760892868042
29.068323135375977,44.20306396484375,0.8293017148971558
31.30434799194336,44.20306396484375,0.8560886979103088
33.54037094116211,44.20306396484375,1.1694003343582153
35.776397705078125,44.20306396484375,1.2235612869262695
38.012420654296875,44.20306396484375,1.5594767332077026
40.24844741821289,44.20306396484375,2.514793872833252
42.48447036743164,44.20306396484375,2.027207851409912
44.720497131347656,44.20306396484375,1.5758559703826904
46.956520080566406,44.20306396484375,1.305129051208496
49.19254684448242,44.20306396484375,1.1866248846054077
51.42856979370117,44.20306396484375,1.237518072128296
53.66459655761719,44.20306396484375,0.5518864989280701
55.90061950683594,44.20306396484375,-0.06607341766357422
58.13664627075195,44.20306396484375,-0.20836076140403748
60.3726692199707,44.20306396484375,0.14093825221061707
62.60869598388672,44.20306396484375,-0.8850204348564148
64.84471893310547,44.20306396484375,-1.2575654983520508
67.08074188232422,44.20306396484375,-1.70376455783844
69.3167724609375,44.20306396484375,-2.1975347995758057
71.55279541015625,44.20306396484375,-2.2780613899230957
73.788818359375,44.20306396484375,-2.076157331466675
76.02484130859375,44.20306396484375,-1.811028242111206
78.26087188720703,44.20306396484375,-1.674206018447876
80.49689483642578,44.20306396484375,-1.7876713275909424
82.73291778564453,44.20306396484375,-1.3810818195343018
84.96894073486328,44.20306396484375,-0.9868687391281128
87.20497131347656,44.20306396484375,-0.7965412735939026
89.44099426269531,44.20306396484375,-0.7548500299453735
91.67701721191406,44.20306396484375,-0.7597910165786743
93.91304016113281,44.20306396484375,-0.7910687923431396
96.1490707397461,44.20306396484375,-0.8166047930717468
98.38509368896484,44.20306396484375,-0.5428930521011353
100.6211166381836,44.20306396484375,-0.24525737762451172
102.85713958740234,44.20306396484375,0.006127230357378721
105.09317016601562,44.20306396484375,0.06365600973367691
107.32919311523438,44.20306396484375,0.35523098707199097
109.56521606445312,44.20306396484375,0.4395565688610077
111.80123901367188,44.20306396484375,0.4065648019313812
114.03726959228516,44.20306396484375,0.609768271446228
116.2732925415039,44.20306396484375,0.7502163648605347
118.50931549072266,44.20306396484375,0.991288959980011
120.7453384399414,44.20306396484375,1.2518306970596313
122.98136901855469,44.20306396484375,1.4133281707763672
125.21739196777344,44.20306396484375,1.395951747894287
127.45341491699219,44.20306396484375,0.9831963777542114
129.68943786621094,44.20306396484375,0.44082480669021606
131.9254608154297,44.20306396484375,0.054832618683576584
134.16148376464844,44.20306396484375,-0.08328520506620407
136.39752197265625,44.20306396484375,-0.16203300654888153
138.633544921875,44.20306396484375,-0.3528464734554291
140.86956787109375,44.20306396484375,-0.5410805940628052
143.1055908203125,44.20306396484375,-1.3274506330490112
145.34161376953125,44.20306396484375,-0.8720976114273071
147.57763671875,44.20306396484375,-0.7923541069030762
149.81365966796875,44.20306396484375,-0.8424914479255676
152.0496826171875,44.20306396484375,-0.9153919219970703
154.2857208251953,44.20306396484375,-0.9707547426223755
156.52174377441406,44.20306396484375,-1.0299004316329956
158.7577667236328,44.20306396484375,-1.0272754430770874
160.99378967285156,44.20306396484375,-1.0221498012542725
163.2298126220703,44.20306396484375,-1.084910273551941
165.46583557128906,44.20306396484375,-1.1979808807373047
167.7018585205078,44.20306396484375,-1.2314603328704834
169.93788146972656,44.20306396484375,-1.186733365058899
172.17391967773438,44.20306396484375,-1.1455239057540894
174.40994262695312,44.20306396484375,-1.130246639251709
176.64596557617188,44.20306396484375,-1.1603893041610718
178.88198852539062,44.20306396484375,-1.188093900680542
-178.90908813476562,42.59453582763672,-1.2741734981536865
-176.72727966308594,42.59453582763672,-1.2168750762939453
-174.5454559326172,42.59453582763672,-1.156694769859314
-172.36363220214844,42.59453582763672,-1.0700969696044922
-170.18182373046875,42.59453582763672,-0.9875651001930237
-168.0,42.59453582763672,-0.8998526334762573
-165.81817626953125,42.59453582763672,-0.5942088961601257
-163.63636779785156,42.59453582763672,-0.3567758798599243
-161.4545440673828,42.59453582763672,-0.1735660284757614
-159.27272033691406,42.59453582763672,0.027370357885956764
-157.09091186523438,42.59453582763672,0.15411831438541412
-154.90908813476562,42.59453582763672,0.20777766406536102
-152.72727966308594,42.59453582763672,0.2566017210483551
-150.5454559326172,42.59453582763672,0.3243080973625183
-148.36363220214844,42.59453582763672,0.3386535048484802
-146.18182373046875,42.59453582763672,0.4206307828426361
-144.0,42.59453582763672,0.4298066794872284
-141.81817626953125,42.59453582763672,0.587652862071991
-139.63636779785156,42.59453582763672,0.7822100520133972
-137.4545440673828,42.59453582763672,0.81986403465271
-135.27272033691406,42.59453582763672,0.7136319875717163
-133.09091186523438,42.59453582763672,0.6197744607925415
-130.90908813476562,42.59453582763672,0.5139970183372498
-128.72727966308594,42.59453582763672,0.35078734159469604
-126.54545593261719,42.59453582763672,0.42647606134414673
-124.36363983154297,42.59453582763672,0.6843754053115845
-122.18181610107422,42.59453582763672,1.009026288986206
-120.0,42.59453582763672,0.8815426230430603
-117.81818389892578,42.59453582763672,0.7835453152656555
-115.63636016845703,42.59453582763672,0.6033966541290283
-113.45454406738281,42.59453582763672,0.6127474308013916
-111.2727279663086,42.59453582763672,0.259149432182312
-109.09091186523438,42.59453582763672,-0.3172507882118225
-106.90908813476562,42.59453582763672,-0.9411659240722656
-104.7272720336914,42.59453582763672,-1.1384015083312988
-102.54545593261719,42.59453582763672,-1.1571420431137085
-100.36363983154297,42.59453582763672,-1.4483760595321655
-98.18181610107422,42.59453582763672,-1.674461841583252
-96.0,42.59453582763672,-1.4595744609832764
-93.81818389892578,42.59453582763672,-0.9027842879295349
-91.63636016845703,42.59453582763672,-0.41344350576400757
-89.45454406738281,42.59453582763672,-0.2417534440755844
-87.2727279663086,42.59453582763672,-0.853216290473938
-85.09091186523438,42.59453582763672,-0.49431291222572327
-82.90908813476562,42.59453582763672,-0.5506579875946045
-80.7272720336914,42.59453582763672,-0.3620053827762604
-78.54545593261719,42.59453582763672,0.06591787189245224
-76.36363983154297,42.59453582763672,0.6971874833106995
-74.18181610107422,42.59453582763672,1.2270433902740479
-72.0,42.59453582763672,1.457969069480896
-69.81818389892578,42.59453582763672,1.1182441711425781
-67.63636016845703,42.59453582763672,1.2649004459381104
-65.45454406738281,42.59453582763672,1.2667951583862305
-63.272727966308594,42.59453582763672,1.1659866571426392
-61.09090805053711,42.59453582763672,0.5974268913269043
-58.90909194946289,42.59453582763672,0.015237903222441673
-56.727272033691406,42.59453582763672,-0.1850183755159378
-54.54545593261719,42.59453582763672,-0.2863878011703491
-52.3636360168457,42.59453582763672,-0.09129738807678223
-50.181819915771484,42.59453582763672,0.3908524811267853
-48.0,42.59453582763672,0.7283505797386169
-45.818180084228516,42.59453582763672,0.47393277287483215
-43.6363639831543,42.59453582763672,0.23353658616542816
-41.45454406738281,42.59453582763672,0.24737447500228882
-39.272727966308594,42.59453582763672,0.28280624747276306
-37.09090805053711,42.59453582763672,0.21597331762313843
-34.90909194946289,42.59453582763672,0.0791526809334755
-32.727272033691406,42.59453582763672,-0.036705683916807175
-30.545454025268555,42.59453582763672,-0.09010966867208481
-28.363636016845703,42.59453582763672,-0.20861345529556274
-26.18181800842285,42.59453582763672,-0.17830969393253326
-24.0,42.59453582763672,-0.17663352191448212
-21.81818199157715,42.59453582763672,-0.20038588345050812
-19.636363983154297,42.59453582763672,-0.23544584214687347
-17.454545974731445,42.59453582763672,-0.27598971128463745
-15.272727012634277,42.59453582763672,-0.3295869827270508
-13.090909004211426,42.59453582763672,-0.3772035539150238
-10.909090995788574,42.59453582763672,-0.3805924952030182
-8.727272987365723,42.59453582763672,-0.5104396939277649
-6.545454502105713,42.59453582763672,-0.42759791016578674
-4.363636493682861,42.59453582763672,-0.31583091616630554
-2.1818182468414307,42.59453582763672,-0.2636941969394684
0.0,42.59453582763672,-0.5341384410858154
2.1818182468414307,42.59453582763672,-0.31306520104408264
4.363636493682861,42.59453582763672,-0.20389394462108612
6.545454502105713,42.59453582763672,-0.0033845901489257812
8.727272987365723,42.59453582763672,0.19956080615520477
10.909090995788574,42.59453582763672,0.1477227509021759
13.090909004211426,42.59453582763672,0.44289490580558777
15.272727012634277,42.59453582763672,0.05220435559749603
17.454545974731445,42.59453582763672,0.1522672325372696
19.636363983154297,42.59453582763672,0.5482825636863708
21.81818199157715,42.59453582763672,0.2555561363697052
24.0,42.59453582763672,0.36799097061157227
26.18181800842285,42.59453582763672,0.7439877390861511
28.363636016845703,42.59453582763672,0.6274799704551697
30.545454025268555,42.59453582763672,0.8889930844306946
32.727272033691406,42.59453582763672,1.0591357946395874
34.90909194946289,42.59453582763672,1.1945675611495972
37.09090805053711,42.59453582763672,1.3729547262191772
39.272727966308594,42.59453582763672,1.4341251850128174
41.45454406738281,42.59453582763672,1.6312339305877686
43.6363639831543,42.59453582763672,1.3477226495742798
45.818180084228516,42.59453582763672,0.7372501492500305
48.0,42.59453582763672,1.0639907121658325
50.181819915771484,42.59453582763672,0.8912069201469421
52.3636360168457,42.59453582763672,0.48208656907081604
54.54545593261719,42.59453582763672,-0.40557944774627686
56.727272033691406,42.59453582763672,-1.0568119287490845
58.90909194946289,42.59453582763672,-1.3168877363204956
61.09090805053711,42.59453582763672,-1.4639114141464233
63.272727966308594,42.59453582763672,-1.7161331176757812
65.45454406738281,42.59453582763672,-2.0927212238311768
67.63636016845703,42.59453582763672,-2.333430290222168
69.81818389892578,42.59453582763672,-2.3986263275146484
72.0,42.59453582763672,-2.2515745162963867
74.18181610107422,42.59453582763672,-2.1587185859680176
76.36363983154297,42.59453582763672,-1.4076753854751587
78.54545593261719,42.59453582763672,-1.447709083557129
80.7272720336914,42.59453582763672,-1.5223244428634644
82.90908813476562,42.59453582763672,-1.1973212957382202
85.09091186523438,42.59453582763672,-0.7522596716880798
87.2727279663086,42.59453582763672,-0.6603899598121643
89.45454406738281,42.59453582763672,-0.7890069484710693
91.63636016845703,42.59453582763672,-0.918826162815094
93.81818389892578,42.59453582763672,-1.0162345170974731
96.0,42.59453582763672,-1.133400797843933
98.18181610107422,42.59453582763672,-0.9850282669067383
100.36363983154297,42.59453582763672,-0.7718548774719238
102.54545593261719,42.59453582763672,-0.6074712872505188
104.7272720336914,42.59453582763672,-0.5281449556350708
106.90908813476562,42.59453582763672,-0.4029284417629242
109.09091186523438,42.59453582763672,-0.3340960741043091
111.2727279663086,42.59453582763672,-0.4865579903125763
113.45454406738281,42.59453582763672,-0.3894856572151184
115.63636016845703,42.59453582763672,-0.1266593635082245
117.81818389892578,42.59453582763672,0.1304735243320465
120.0,42.59453582763672,0.4932699501514435
122.18181610107422,42.59453582763672,0.7078468799591064
124.36363983154297,42.59453582763672,0.7293066382408142
126.54545593261719,42.59453582763672,0.6148717999458313
128.72727966308594,42.59453582763672,0.3342474102973938
130.90908813476562,42.59453582763672,0.30312421917915344
133.09091186523438,42.59453582763672,0.17707429826259613
135.27272033691406,42.59453582763672,-0.038951095193624496
137.4545440673828,42.59453582763672,-0.2613258957862854
139.63636779785156,42.59453582763672,-0.5900969505310059
141.81817626953125,42.59453582763672,-0.965848445892334
144.0,42.59453582763672,-0.8936911821365356
146.18182373046875,42.59453582763672,-0.9995349049568176
148.36363220214844,42.59453582763672,-1.001923680305481
150.5454559326172,42.59453582763672,-1.0918432474136353
152.72727966308594,42.59453582763672,-1.1321110725402832
154.90908813476562,42.59453582763672,-1.1512751579284668
157.09091186523438,42.59453582763672,-1.1955996751785278
159.27272033691406,42.59453582763672,-1.1119097471237183
161.4545440673828,42.59453582763672,-1.0925137996673584
163.63636779785156,42.59453582763672,-1.194771409034729
165.81817626953125,42.59453582763672,-1.4072352647781372
168.0,42.59453582763672,-1.3799772262573242
170.18182373046875,42.59453582763672,-1.2858840227127075
172.36363220214844,42.59453582763672,-1.2079054117202759
174.5454559326172,42.59453582763672,-1.1234583854675293
176.72727966308594,42.59453582763672,-1.130050539970398
178.90908813476562,42.59453582763672,-1.1736787557601929
-178.93490600585938,40.98851013183594,-1.0752124786376953
-176.8047332763672,40.98851013183594,-1.073379635810852
-174.674560546875,40.98851013183594,-1.0382530689239502
-172.54437255859375,40.98851013183594,-0.9675148129463196
-170.41419982910156,40.98851013183594,-0.8852376341819763
-168.28402709960938,40.98851013183594,-0.786845326423645
-166.15383911132812,40.98851013183594,-0.607650637626648
-164.02366638183594,40.98851013183594,-0.4210776388645172
-161.89349365234375,40.98851013183594,-0.2374582588672638
-159.76332092285156,40.98851013183594,-0.05580689013004303
-157.6331329345703,40.98851013183594,0.09068231284618378
-155.50296020507812,40.98851013183594,0.17304089665412903
-153.37278747558594,40.98851013183594,0.22591829299926758
-151.2425994873047,40.98851013183594,0.287792831659317
-149.1124267578125,40.98851013183594,0.3325405418872833
-146.9822540283203,40.98851013183594,0.3912782073020935
-144.85206604003906,40.98851013183594,0.4510665237903595
-142.72189331054688,40.98851013183594,0.5408894419670105
-140.5917205810547,40.98851013183594,0.6887689828872681
-138.46153259277344,40.98851013183594,0.7747585773468018
-136.33135986328125,40.98851013183594,0.7375702857971191
-134.20118713378906,40.98851013183594,0.652104377746582
-132.0709991455078,40.98851013183594,0.564753532409668
-129.94082641601562,40.98851013183594,0.47418859601020813
-127.81065368652344,40.98851013183594,0.4375092387199402
-125.68047332763672,40.98851013183594,0.48946037888526917
-123.55029296875,40.98851013183594,0.9905314445495605
-121.42012023925781,40.98851013183594,1.020283579826355
-119.2899398803711,40.98851013183594,1.1131047010421753
-117.15975952148438,40.98851013183594,1.1389665603637695
-115.02958679199219,40.98851013183594,0.7106485366821289
-112.89940643310547,40.98851013183594,0.3894801139831543
-110.76923370361328,40.98851013183594,0.04792280122637749
-108.63905334472656,40.98851013183594,-0.4168117642402649
-106.50887298583984,40.98851013183594,-0.8592968583106995
-104.37870025634766,40.98851013183594,-1.4872081279754639
-102.24851989746094,40.98851013183594,-1.2945162057876587
-100.11833953857422,40.98851013183594,-1.36129629611969
-97.98816680908203,40.98851013183594,-1.4122437238693237
-95.85798645019531,40.98851013183594,-0.7771303653717041
-93.72781372070312,40.98851013183594,-0.38352683186531067
-91.5976333618164,40.98851013183594,-0.057597603648900986
-89.46745300292969,40.98851013183594,-0.15724650025367737
-87.3372802734375,40.98851013183594,-0.5517715215682983
-85.20709991455078,40.98851013183594,-0.5889332890510559
-83.07691955566406,40.98851013183594,-0.384229838848114
-80.94674682617188,40.98851013183594,-0.6601261496543884
-78.81656646728516,40.98851013183594,-0.19575323164463043
-76.68639373779297,40.98851013183594,0.5017539262771606
-74.55621337890625,40.98851013183594,0.8795143365859985
-72.42603302001953,40.98851013183594,1.0583832263946533
-70.29586029052734,40.98851013183594,1.1967015266418457
-68.16567993164062,40.98851013183594,1.296562910079956
-66.0354995727539,40.98851013183594,1.2380136251449585
-63.90532684326172,40.98851013183594,1.0148752927780151
-61.775146484375,40.98851013183594,0.5741151571273804
-59.64496994018555,40.98851013183594,0.05429786071181297
-57.514793395996094,40.98851013183594,-0.30095943808555603
-55.38461685180664,40.98851013183594,-0.4363630414009094
-53.25443649291992,40.98851013183594,-0.3857039213180542
-51.12425994873047,40.98851013183594,-0.10926739126443863
-48.994083404541016,40.98851013183594,0.16817179322242737
-46.86390686035156,40.98851013183594,0.1938418447971344
-44.733726501464844,40.98851013183594,0.06909923255443573
-42.60354995727539,40.98851013183594,-0.0025400796439498663
-40.47337341308594,40.98851013183594,0.01646229438483715
-38.343196868896484,40.98851013183594,0.03989728167653084
-36.213016510009766,40.98851013183594,0.024951934814453125
-34.08283996582031,40.98851013183594,-0.012545776553452015
-31.95266342163086,40.98851013183594,-0.03464781492948532
-29.822484970092773,40.98851013183594,-0.06418180465698242
-27.69230842590332,40.98851013183594,-0.09645363688468933
-25.562129974365234,40.98851013183594,-0.10142479091882706
-23.43195343017578,40.98851013183594,-0.12286777794361115
-21.301774978637695,40.98851013183594,-0.17294816672801971
-19.171598434448242,40.98851013183594,-0.22211195528507233
-17.041419982910156,40.98851013183594,-0.25990137457847595
-14.911242485046387,40.98851013183594,-0.3041200339794159
-12.781064987182617,40.98851013183594,-0.335281640291214
-10.650887489318848,40.98851013183594,-0.3287458121776581
-8.520709991455078,40.98851013183594,-0.5912438631057739
-6.390532493591309,40.98851013183594,-0.36584949493408203
-4.260354995727539,40.98851013183594,0.1690210998058319
-2.1301774978637695,40.98851013183594,0.31757238507270813
0.0,40.98851013183594,-0.08798497170209885
2.1301774978637695,40.98851013183594,-0.29875126481056213
4.260354995727539,40.98851013183594,-0.18630234897136688
6.390532493591309,40.98851013183594,-0.05407021939754486
8.520709991455078,40.98851013183594,0.1042703315615654
10.650887489318848,40.98851013183594,0.06064745411276817
12.781064987182617,40.98851013183594,0.07540489733219147
14.911242485046387,40.98851013183594,0.017792224884033203
17.041419982910156,40.98851013183594,0.20538192987442017
19.171598434448242,40.98851013183594,0.1531248688697815
21.301774978637695,40.98851013183594,0.2337767630815506
23.43195343017578,40.98851013183594,0.29356586933135986
25.562129974365234,40.98851013183594,0.44512757658958435
27.69230842590332,40.98851013183594,0.4364025890827179
29.822484970092773,40.98851013183594,0.4478900730609894
31.95266342163086,40.98851013183594,0.42695802450180054
34.08283996582031,40.98851013183594,0.9525763392448425
36.213016510009766,40.98851013183594,1.5807969570159912
38.343196868896484,40.98851013183594,1.402479887008667
40.47337341308594,40.98851013183594,1.2645635604858398
42.60354995727539,40.98851013183594,0.7246776223182678
44.733726501464844,40.98851013183594,0.4142875075340271
46.86390686035156,40.98851013183594,-0.022213872522115707
48.994083404541016,40.98851013183594,0.29929083585739136
51.12425994873047,40.98851013183594,0.4524766206741333
53.25443649291992,40.98851013183594,0.0749737098813057
55.38461685180664,40.98851013183594,-1.1474448442459106
57.514793395996094,40.98851013183594,-1.7658188343048096
59.64496994018555,40.98851013183594,-1.8858734369277954
61.775146484375,40.98851013183594,-2.0061111450195312
63.90532684326172,40.98851013183594,-2.2089362144470215
66.0354995727539,40.98851013183594,-2.584897994995117
68.16567993164062,40.98851013183594,-2.7855560779571533
70.29586029052734,40.98851013183594,-2.679764986038208
72.42603302001953,40.98851013183594,-2.45267915725708
74.55621337890625,40.98851013183594,-1.9468218088150024
76.68639373779297,40.98851013183594,-1.554693579673767
78.81656646728516,40.98851013183594,-1.5592113733291626
80.94674682617188,40.98851013183594,-1.3842787742614746
83.07691955566406,40.98851013183594,-1.1110831499099731
85.20709991455078,40.98851013183594,-0.7942312359809875
87.3372802734375,40.98851013183594,-0.7175970673561096
89.46745300292969,40.98851013183594,-0.6794030070304871
91.5976333618164,40.98851013183594,-0.7342901229858398
93.72781372070312,40.98851013183594,-0.8231833577156067
95.85798645019531,40.98851013183594,-1.09567129611969
97.98816680908203,40.98851013183594,-1.1603106260299683
100.11833953857422,40.98851013183594,-0.9727836847305298
102.24851989746094,40.98851013183594,-0.9079378843307495
104.37870025634766,40.98851013183594,-0.9670440554618835
106.50887298583984,40.98851013183594,-1.1145038604736328
108.63905334472656,40.98851013183594,-1.0336623191833496
110.76923370361328,40.98851013183594,-1.0025187730789185
112.89940643310547,40.98851013183594,-1.0298668146133423
115.02958679199219,40.98851013183594,-0.7137165665626526
117.15975952148438,40.98851013183594,-0.5215226411819458
119.2899398803711,40.98851013183594,-0.0712800994515419
121.42012023925781,40.98851013183594,0.3384532928466797
123.55029296875,40.98851013183594,-0.012707773596048355
125.68047332763672,40.98851013183594,-0.1359395682811737
127.81065368652344,40.98851013183594,-0.06702006608247757
129.94082641601562,40.98851013183594,0.36326268315315247
132.0709991455078,40.98851013183594,0.268007755279541
134.20118713378906,40.98851013183594,0.09623397141695023
136.33135986328125,40.98851013183594,-0.05024900287389755
138.46153259277344,40.98851013183594,-0.1610167771577835
140.5917205810547,40.98851013183594,-0.6926442980766296
142.72189331054688,40.98851013183594,-0.4938644766807556
144.85206604003906,40.98851013183594,-0.6999553442001343
146.9822540283203,40.98851013183594,-0.8667044639587402
149.1124267578125,40.98851013183594,-0.9230322241783142
151.2425994873047,40.98851013183594,-0.9824446439743042
153.37278747558594,40.98851013183594,-1.019246220588684
155.50296020507812,40.98851013183594,-1.0631049871444702
157.6331329345703,40.98851013183594,-1.0645291805267334
159.76332092285156,40.98851013183594,-1.0302600860595703
161.89349365234375,40.98851013183594,-1.034539818763733
164.02366638183594,40.98851013183594,-1.1017265319824219
166.15383911132812,40.98851013183594,-1.201259970664978
168.28402709960938,40.98851013183594,-1.203573226928711
170.41419982910156,40.98851013183594,-1.1465567350387573
172.54437255859375,40.98851013183594,-1.0673595666885376
174.674560546875,40.98851013183594,-1.00465989112854
176.8047332763672,40.98851013183594,-1.0012874603271484
178.93490600585938,40.98851013183594,-1.0251126289367676
-178.95953369140625,39.38359069824219,-0.8537308573722839
-176.8786163330078,39.38359069824219,-0.8766810297966003
-174.7976837158203,39.38359069824219,-0.8606463670730591
-172.71676635742188,39.38359069824219,-0.8048790097236633
-170.63583374023438,39.38359069824219,-0.7339003682136536
-168.55491638183594,39.38359069824219,-0.648081362247467
-166.47398376464844,39.38359069824219,-0.5475890040397644
-164.39306640625,39.38359069824219,-0.42573609948158264
-162.3121337890625,39.38359069824219,-0.2754255533218384
-160.23121643066406,39.38359069824219,-0.1133064553141594
-158.15028381347656,39.38359069824219,0.03228505328297615
-156.06936645507812,39.38359069824219,0.13993501663208008
-153.98843383789062,39.38359069824219,0.20946410298347473
-151.9075164794922,39.38359069824219,0.28042569756507874
-149.8265838623047,39.38359069824219,0.35116901993751526
-147.74566650390625,39.38359069824219,0.4151337444782257
-145.66473388671875,39.38359069824219,0.4871750771999359
-143.5838165283203,39.38359069824219,0.5660079717636108
-141.5028839111328,39.38359069824219,0.6602691411972046
-139.42196655273438,39.38359069824219,0.7432920336723328
-137.34103393554688,39.38359069824219,0.7457500696182251
-135.26011657714844,39.38359069824219,0.6754589676856995
-133.17918395996094,39.38359069824219,0.5943668484687805
-131.0982666015625,39.38359069824219,0.5327053666114807
-129.017333984375,39.38359069824219,0.5014039278030396
-126.93641662597656,39.38359069824219,0.49584588408470154
-124.8554916381836,39.38359069824219,0.5008863210678101
-122.77456665039062,39.38359069824219,1.2767236232757568
-120.69364166259766,39.38359069824219,1.3168715238571167
-118.61271667480469,39.38359069824219,1.1737204790115356
-116.53179168701172,39.38359069824219,0.9300159215927124
-114.45086669921875,39.38359069824219,0.6882716417312622
-112.36994171142578,39.38359069824219,0.09656095504760742
-110.28901672363281,39.38359069824219,-0.4252298176288605
-108.20809173583984,39.38359069824219,-0.7207786440849304
-106.12716674804688,39.38359069824219,-0.8176282048225403
-104.0462417602539,39.38359069824219,-1.3850404024124146
-101.96531677246094,39.38359069824219,-1.38088059425354
-99.88439178466797,39.38359069824219,-1.4347143173217773
-97.803466796875,39.38359069824219,-1.1817519664764404
-95.72254180908203,39.38359069824219,-0.4974907338619232
-93.64161682128906,39.38359069824219,-0.2724047899246216
-91.5606918334961,39.38359069824219,-0.279307097196579
-89.47976684570312,39.38359069824219,-0.47234004735946655
-87.39884185791016,39.38359069824219,-0.7865261435508728
-85.31791687011719,39.38359069824219,-0.7837139964103699
-83.23699188232422,39.38359069824219,-0.5517539381980896
-81.15606689453125,39.38359069824219,-0.5391751527786255
-79.07514190673828,39.38359069824219,-0.29473260045051575
-76.99421691894531,39.38359069824219,0.3285527527332306
-74.91329193115234,39.38359069824219,0.8082162737846375
-72.83236694335938,39.38359069824219,1.0580934286117554
-70.7514419555664,39.38359069824219,1.2720633745193481
-68.67051696777344,39.38359069824219,1.3472166061401367
-66.58959197998047,39.38359069824219,1.2232879400253296
-64.5086669921875,39.38359069824219,0.9367112517356873
-62.4277458190918,39.38359069824219,0.5277578830718994
-60.34682083129883,39.38359069824219,0.05699964985251427
-58.26589584350586,39.38359069824219,-0.3309377133846283
-56.18497085571289,39.38359069824219,-0.5278059244155884
-54.10404586791992,39.38359069824219,-0.5663501620292664
-52.02312088012695,39.38359069824219,-0.4794032871723175
-49.942195892333984,39.38359069824219,-0.3443715274333954
-47.861270904541016,39.38359069824219,-0.25979581475257874
-45.78034591674805,39.38359069824219,-0.24575653672218323
-43.69942092895508,39.38359069824219,-0.25866734981536865
-41.61849594116211,39.38359069824219,-0.2337190955877304
-39.53757095336914,39.38359069824219,-0.1818416863679886
-37.45664596557617,39.38359069824219,-0.11933425068855286
-35.3757209777832,39.38359069824219,-0.05243247374892235
-33.294795989990234,39.38359069824219,-0.006456979084759951
-31.2138729095459,39.38359069824219,0.008394368924200535
-29.13294792175293,39.38359069824219,0.010596180334687233
-27.05202293395996,39.38359069824219,-0.015056387521326542
-24.971097946166992,39.38359069824219,-0.0570748969912529
-22.890172958374023,39.38359069824219,-0.11357558518648148
-20.809247970581055,39.38359069824219,-0.18147112429141998
-18.728322982788086,39.38359069824219,-0.2397221177816391
-16.647397994995117,39.38359069824219,-0.2891012728214264
-14.566473960876465,39.38359069824219,-0.32687461376190186
-12.485548973083496,39.38359069824219,-0.3302917182445526
-10.404623985290527,39.38359069824219,-0.29362744092941284
-8.323698997497559,39.38359069824219,-0.6009963154792786
-6.242774486541748,39.38359069824219,0.017682678997516632
-4.161849498748779,39.38359069824219,0.3371448814868927
-2.0809247493743896,39.38359069824219,0.33297404646873474
0.0,39.38359069824219,-0.1708725541830063
2.0809247493743896,39.38359069824219,-0.23421935737133026
4.161849498748779,39.38359069824219,-0.16664905846118927
6.242774486541748,39.38359069824219,-0.09191179275512695
8.323698997497559,39.38359069824219,-0.052931882441043854
10.404623985290527,39.38359069824219,0.03617067262530327
12.485548973083496,39.38359069824219,0.06271470338106155
14.566473960876465,39.38359069824219,0.08293565362691879
16.647397994995117,39.38359069824219,-0.03897644579410553
18.728322982788086,39.38359069824219,0.09930595010519028
20.809247970581055,39.38359069824219,0.09194882959127426
22.890172958374023,39.38359069824219,0.04075775295495987
24.971097946166992,39.38359069824219,0.2501475214958191
27.05202293395996,39.38359069824219,0.13985048234462738
29.13294792175293,39.38359069824219,0.18300800025463104
31.2138729095459,39.38359069824219,0.2823621928691864
33.294795989990234,39.38359069824219,0.5443188548088074
35.3757209777832,39.38359069824219,0.9661574959754944
37.45664596557617,39.38359069824219,0.8227302432060242
39.53757095336914,39.38359069824219,0.7192438840866089
41.61849594116211,39.38359069824219,0.4922204613685608
43.69942092895508,39.38359069824219,0.3733370006084442
45.78034591674805,39.38359069824219,0.06278155744075775
47.861270904541016,39.38359069824219,-0.14834553003311157
49.942195892333984,39.38359069824219,0.3154200613498688
52.02312088012695,39.38359069824219,-0.05060148239135742
54.10404586791992,39.38359069824219,-0.9012534618377686
56.18497085571289,39.38359069824219,-1.932106614112854
58.26589584350586,39.38359069824219,-2.287867307662964
60.34682083129883,39.38359069824219,-2.4964241981506348
62.4277458190918,39.38359069824219,-2.5926239490509033
64.5086669921875,39.38359069824219,-2.6579883098602295
66.58959197998047,39.38359069824219,-2.787770986557007
68.67051696777344,39.38359069824219,-2.6083743572235107
70.7514419555664,39.38359069824219,-2.0986807346343994
72.83236694335938,39.38359069824219,-1.7455884218215942
74.91329193115234,39.38359069824219,-1.6831077337265015
76.99421691894531,39.38359069824219,-1.6826859712600708
79.07514190673828,39.38359069824219,-1.5356895923614502
81.15606689453125,39.38359069824219,-1.2861568927764893
83.23699188232422,39.38359069824219,-1.0428659915924072
85.31791687011719,39.38359069824219,-0.7413548827171326
87.39884185791016,39.38359069824219,-0.5296030044555664
89.47976684570312,39.38359069824219,-0.3700377643108368
91.5606918334961,39.38359069824219,-0.31006449460983276
93.64161682128906,39.38359069824219,-0.2251257300376892
95.72254180908203,39.38359069824219,-0.36425235867500305
97.803466796875,39.38359069824219,-0.3317357003688812
99.88439178466797,39.38359069824219,-0.386893093585968
101.96531677246094,39.38359069824219,-0.7609389424324036
104.0462417602539,39.38359069824219,-1.0834050178527832
106.12716674804688,39.38359069824219,-1.225243091583252
108.20809173583984,39.38359069824219,-1.2268773317337036
110.28901672363281,39.38359069824219,-1.1807489395141602
112.36994171142578,39.38359069824219,-1.1429030895233154
114.45086669921875,39.38359069824219,-1.0534389019012451
116.53179168701172,39.38359069824219,-0.6719915866851807
118.61271667480469,39.38359069824219,-0.0823763832449913
120.69364166259766,39.38359069824219,0.3718527555465698
122.77456665039062,39.38359069824219,0.29244282841682434
124.8554916381836,39.38359069824219,0.2602207362651825
126.93641662597656,39.38359069824219,-0.6095470786094666
129.017333984375,39.38359069824219,0.34528595209121704
131.0982666015625,39.38359069824219,0.2099922150373459
133.17918395996094,39.38359069824219,0.11840429157018661
135.26011657714844,39.38359069824219,0.07505620270967484
137.34103393554688,39.38359069824219,0.09312833100557327
139.42196655273438,39.38359069824219,0.09841582179069519
141.5028839111328,39.38359069824219,-0.6083300709724426
143.5838165283203,39.38359069824219,-0.20357313752174377
145.66473388671875,39.38359069824219,-0.5357171297073364
147.74566650390625,39.38359069824219,-0.6970390677452087
149.8265838623047,39.38359069824219,-0.7099798917770386
151.9075164794922,39.38359069824219,-0.7275708317756653
153.98843383789062,39.38359069824219,-0.8104350566864014
156.06936645507812,39.38359069824219,-0.8735232353210449
158.15028381347656,39.38359069824219,-0.8901544213294983
160.23121643066406,39.38359069824219,-0.8661690354347229
162.3121337890625,39.38359069824219,-0.8467758297920227
164.39306640625,39.38359069824219,-0.8553625345230103
166.47398376464844,39.38359069824219,-0.8809421062469482
168.55491638183594,39.38359069824219,-0.9228435158729553
170.63583374023438,39.38359069824219,-0.916344165802002
172.71676635742188,39.38359069824219,-0.8754111528396606
174.7976837158203,39.38359069824219,-0.8369001746177673
176.8786163330078,39.38359069824219,-0.8202590346336365
178.95953369140625,39.38359069824219,-0.8307726979255676
-178.98304748535156,37.77847671508789,-0.6795188188552856
-176.94915771484375,37.77847671508789,-0.7267283201217651
-174.91525268554688,37.77847671508789,-0.7299066185951233
-172.88136291503906,37.77847671508789,-0.6807571053504944
-170.8474578857422,37.77847671508789,-0.6505305767059326
-168.8135528564453,37.77847671508789,-0.5399051904678345
-166.7796630859375,37.77847671508789,-0.4978817105293274
-164.74575805664062,37.77847671508789,-0.42524996399879456
-162.7118682861328,37.77847671508789,-0.3030754625797272
-160.67796325683594,37.77847671508789,-0.15362055599689484
-158.64407348632812,37.77847671508789,-0.007686456199735403
-156.61016845703125,37.77847671508789,0.10344314575195312
-154.57627868652344,37.77847671508789,0.17326590418815613
-152.54237365722656,37.77847671508789,0.24370679259300232
-150.5084686279297,37.77847671508789,0.33547213673591614
-148.47457885742188,37.77847671508789,0.42662397027015686
-146.440673828125,37.77847671508789,0.48500001430511475
-144.4067840576172,37.77847671508789,0.5633589625358582
-142.3728790283203,37.77847671508789,0.6304343938827515
-140.3389892578125,37.77847671508789,0.7005732655525208
-138.30508422851562,37.77847671508789,0.7912344932556152
-136.27117919921875,37.77847671508789,0.6696547269821167
-134.23728942871094,37.77847671508789,0.582841157913208
-132.20338439941406,37.77847671508789,0.5254022479057312
-130.16949462890625,37.77847671508789,0.5025872588157654
-128.13558959960938,37.77847671508789,0.49957770109176636
-126.10169219970703,37.77847671508789,0.46333467960357666
-124.06779479980469,37.77847671508789,0.4515007436275482
-122.03389739990234,37.77847671508789,1.1570897102355957
-120.0,37.77847671508789,1.4403438568115234
-117.96610260009766,37.77847671508789,1.081182837486267
-115.93220520019531,37.77847671508789,0.6407554149627686
-113.89830780029297,37.77847671508789,0.4900997281074524
-111.86441040039062,37.77847671508789,0.04860369488596916
-109.83050537109375,37.77847671508789,-0.5958009362220764
-107.7966079711914,37.77847671508789,-0.6016938090324402
-105.76271057128906,37.77847671508789,-0.3736926317214966
-103.72881317138672,37.77847671508789,-1.411262035369873
-101.69491577148438,37.77847671508789,-1.7487246990203857
-99.66101837158203,37.77847671508789,-1.589476227760315
-97.62712097167969,37.77847671508789,-1.0542423725128174
-95.59322357177734,37.77847671508789,-0.6627722382545471
-93.55931854248047,37.77847671508789,-0.5502880215644836
-91.52542114257812,37.77847671508789,-0.6199102997779846
-89.49152374267578,37.77847671508789,-0.9682613015174866
-87.45762634277344,37.77847671508789,-0.9733360409736633
-85.4237289428711,37.77847671508789,-0.8929648399353027
-83.38983154296875,37.77847671508789,-0.7901157140731812
-81.3559341430664,37.77847671508789,-0.31070661544799805
-79.32203674316406,37.77847671508789,-0.2869035601615906
-77.28813934326172,37.77847671508789,0.154973566532135
-75.25423431396484,37.77847671508789,0.6588479280471802
-73.2203369140625,37.77847671508789,1.1994155645370483
-71.18643951416016,37.77847671508789,1.2986685037612915
-69.15254211425781,37.77847671508789,1.4201427698135376
-67.11864471435547,37.77847671508789,1.237173080444336
-65.08474731445312,37.77847671508789,0.8914414048194885
-63.050846099853516,37.77847671508789,0.500784695148468
-61.01694869995117,37.77847671508789,0.04264844208955765
-58.98305130004883,37.77847671508789,-0.3884719908237457
-56.949153900146484,37.77847671508789,-0.6071656942367554
-54.915252685546875,37.77847671508789,-0.6955400705337524
-52.88135528564453,37.77847671508789,-0.7126663327217102
-50.84745788574219,37.77847671508789,-0.6771214008331299
-48.813560485839844,37.77847671508789,-0.6528941988945007
-46.779659271240234,37.77847671508789,-0.5730734467506409
-44.74576187133789,37.77847671508789,-0.5226439833641052
-42.71186447143555,37.77847671508789,-0.4697975814342499
-40.6779670715332,37.77847671508789,-0.37457072734832764
-38.64406967163086,37.77847671508789,-0.2805923521518707
-36.61016845703125,37.77847671508789,-0.15354125201702118
-34.576271057128906,37.77847671508789,-0.019961483776569366
-32.54237365722656,37.77847671508789,0.04801018908619881
-30.508474349975586,37.77847671508789,0.06300182640552521
-28.474576950073242,37.77847671508789,0.10891647636890411
-26.440677642822266,37.77847671508789,0.010501067154109478
-24.406780242919922,37.77847671508789,-0.07590971142053604
-22.372880935668945,37.77847671508789,-0.15245746076107025
-20.3389835357666,37.77847671508789,-0.2274792641401291
-18.305084228515625,37.77847671508789,-0.2969021201133728
-16.27118682861328,37.77847671508789,-0.3527034819126129
-14.237288475036621,37.77847671508789,-0.347708523273468
-12.203390121459961,37.77847671508789,-0.3223654329776764
-10.1694917678833,37.77847671508789,-0.27486664056777954
-8.13559341430664,37.77847671508789,-0.43855714797973633
-6.1016950607299805,37.77847671508789,0.024715233594179153
-4.06779670715332,37.77847671508789,0.2568570673465729
-2.03389835357666,37.77847671508789,0.019159061834216118
0.0,37.77847671508789,-0.16688789427280426
2.03389835357666,37.77847671508789,-0.17389170825481415
4.06779670715332,37.77847671508789,-0.13694143295288086
6.1016950607299805,37.77847671508789,-0.125558540225029
8.13559341430664,37.77847671508789,-0.03406025469303131
10.1694917678833,37.77847671508789,0.029169464483857155
12.203390121459961,37.77847671508789,0.00552686071023345
14.237288475036621,37.77847671508789,-0.2199384719133377
16.27118682861328,37.77847671508789,0.05991414561867714
18.305084228515625,37.77847671508789,0.11805804818868637
20.3389835357666,37.77847671508789,0.10395501554012299
22.372880935668945,37.77847671508789,-0.12360337376594543
24.406780242919922,37.77847671508789,0.14864756166934967
26.440677642822266,37.77847671508789,0.21963158249855042
28.474576950073242,37.77847671508789,-0.07276452332735062
30.508474349975586,37.77847671508789,-0.09574515372514725
32.54237365722656,37.77847671508789,0.09761396795511246
34.576271057128906,37.77847671508789,0.28159207105636597
36.61016845703125,37.77847671508789,0.5761558413505554
38.64406967163086,37.77847671508789,0.8340386748313904
40.6779670715332,37.77847671508789,1.0771702527999878
42.71186447143555,37.77847671508789,0.7811456918716431
44.74576187133789,37.77847671508789,0.34252578020095825
46.779659271240234,37.77847671508789,0.14936968684196472
48.813560485839844,37.77847671508789,0.029775777831673622
50.84745788574219,37.77847671508789,-0.29536545276641846
52.88135528564453,37.77847671508789,-0.4539571702480316
54.915252685546875,37.77847671508789,-1.75433349609375
56.949153900146484,37.77847671508789,-2.278010129928589
58.98305130004883,37.77847671508789,-2.5878167152404785
61.01694869995117,37.77847671508789,-2.885399103164673
63.050846099853516,37.77847671508789,-2.945894956588745
65.08474731445312,37.77847671508789,-2.7420549392700195
67.11864471435547,37.77847671508789,-2.932321071624756
69.15254211425781,37.77847671508789,-3.1929867267608643
71.18643951416016,37.77847671508789,-2.1907334327697754
73.2203369140625,37.77847671508789,-1.4964784383773804
75.25423431396484,37.77847671508789,-1.5214811563491821
77.28813934326172,37.77847671508789,-1.6703234910964966
79.32203674316406,37.77847671508789,-1.5891448259353638
81.3559341430664,37.77847671508789,-1.2716244459152222
83.38983154296875,37.77847671508789,-0.7969030737876892
85.4237289428711,37.77847671508789,-0.4389338195323944
87.45762634277344,37.77847671508789,-0.14180658757686615
89.49152374267578,37.77847671508789,0.06210001930594444
91.52542114257812,37.77847671508789,0.18555505573749542
93.55931854248047,37.77847671508789,0.2670983672142029
95.59322357177734,37.77847671508789,0.39241787791252136
97.62712097167969,37.77847671508789,0.6621198058128357
99.66101837158203,37.77847671508789,0.7203853726387024
101.69491577148438,37.77847671508789,-0.10316403955221176
103.72881317138672,37.77847671508789,-0.8447631001472473
105.76271057128906,37.77847671508789,-1.1328961849212646
107.7966079711914,37.77847671508789,-1.252110481262207
109.83050537109375,37.77847671508789,-1.1472065448760986
111.86441040039062,37.77847671508789,-0.9889423251152039
113.89830780029297,37.77847671508789,-0.9522010684013367
115.93220520019531,37.77847671508789,-0.9015570878982544
117.96610260009766,37.77847671508789,-0.6453463435173035
120.0,37.77847671508789,0.08030570298433304
122.03389739990234,37.77847671508789,0.19594961404800415
124.06779479980469,37.77847671508789,0.30760470032691956
126.10169219970703,37.77847671508789,-0.12891778349876404
128.13558959960938,37.77847671508789,-0.8083346486091614
130.16949462890625,37.77847671508789,0.09749650955200195
132.20338439941406,37.77847671508789,0.018268490210175514
134.23728942871094,37.77847671508789,0.06434764713048935
136.27117919921875,37.77847671508789,0.14591258764266968
138.30508422851562,37.77847671508789,0.14531011879444122
140.3389892578125,37.77847671508789,-0.5586885213851929
142.3728790283203,37.77847671508789,0.4372095763683319
144.4067840576172,37.77847671508789,-0.14194904267787933
146.440673828125,37.77847671508789,-0.5706318616867065
148.47457885742188,37.77847671508789,-0.6002799272537231
150.5084686279297,37.77847671508789,-0.4846610426902771
152.54237365722656,37.77847671508789,-0.5131624341011047
154.57627868652344,37.77847671508789,-0.6764132976531982
156.61016845703125,37.77847671508789,-0.7569307684898376
158.64407348632812,37.77847671508789,-0.7767941355705261
160.67796325683594,37.77847671508789,-0.7112211585044861
162.7118682861328,37.77847671508789,-0.6539321541786194
164.74575805664062,37.77847671508789,-0.5965960621833801
166.7796630859375,37.77847671508789,-0.5421129465103149
168.8135528564453,37.77847671508789,-0.6897874474525452
170.8474578857422,37.77847671508789,-0.7219584584236145
172.88136291503906,37.77847671508789,-0.7358035445213318
174.91525268554688,37.77847671508789,-0.713100016117096
176.94915771484375,37.77847671508789,-0.6653146147727966
178.98304748535156,37.77847671508789,-0.7046987414360046
-179.00552368164062,36.17196273803711,-0.7125623226165771
-177.01657104492188,36.17196273803711,-0.7230939865112305
-175.02761840820312,36.17196273803711,-0.7311650514602661
-173.03868103027344,36.17196273803711,-0.7176182270050049
-171.0497283935547,36.17196273803711,-0.6919316053390503
-169.06077575683594,36.17196273803711,-0.6201751232147217
-167.0718231201172,36.17196273803711,-0.5527361035346985
-165.08287048339844,36.17196273803711,-0.47590556740760803
-163.0939178466797,36.17196273803711,-0.3583630919456482
-161.10496520996094,36.17196273803711,-0.20944741368293762
-159.11602783203125,36.17196273803711,-0.06038001552224159
-157.1270751953125,36.17196273803711,0.06370709836483002
-155.13812255859375,36.17196273803711,0.1521649956703186
-153.149169921875,36.17196273803711,0.217062309384346
-151.16021728515625,36.17196273803711,0.2914838492870331
-149.1712646484375,36.17196273803711,0.36436524987220764
-147.1823272705078,36.17196273803711,0.4214211404323578
-145.19337463378906,36.17196273803711,0.47432368993759155
-143.2044219970703,36.17196273803711,0.5148879289627075
-141.21546936035156,36.17196273803711,0.5301074385643005
-139.2265167236328,36.17196273803711,0.5648252964019775
-137.23756408691406,36.17196273803711,0.5459204912185669
-135.2486114501953,36.17196273803711,0.48391684889793396
-133.25967407226562,36.17196273803711,0.43500640988349915
-131.27072143554688,36.17196273803711,0.4020591378211975
-129.28176879882812,36.17196273803711,0.39535537362098694
-127.29281616210938,36.17196273803711,0.39205434918403625
-125.30387115478516,36.17196273803711,0.38924074172973633
-123.3149185180664,36.17196273803711,0.4133604168891907
-121.32596588134766,36.17196273803711,0.9575484991073608
-119.3370132446289,36.17196273803711,1.4249330759048462
-117.34806823730469,36.17196273803711,1.079210877418518
-115.35911560058594,36.17196273803711,0.5656684637069702
-113.37016296386719,36.17196273803711,0.13312079012393951
-111.38121795654297,36.17196273803711,-0.5121464729309082
-109.39226531982422,36.17196273803711,-0.7325252890586853
-107.40331268310547,36.17196273803711,-0.7106863260269165
-105.41436767578125,36.17196273803711,-0.5446141362190247
-103.4254150390625,36.17196273803711,-1.1850122213363647
-101.43646240234375,36.17196273803711,-1.522606611251831
-99.44751739501953,36.17196273803711,-1.3942164182662964
-97.45856475830078,36.17196273803711,-1.2455863952636719
-95.46961212158203,36.17196273803711,-0.9666617512702942
-93.48065948486328,36.17196273803711,-0.8527360558509827
-91.49171447753906,36.17196273803711,-1.0296305418014526
-89.50276184082031,36.17196273803711,-1.1329368352890015
-87.51380920410156,36.17196273803711,-0.7817733883857727
-85.52486419677734,36.17196273803711,-0.6013087034225464
-83.5359115600586,36.17196273803711,-0.4662841558456421
-81.54695892333984,36.17196273803711,-0.22368164360523224
-79.55801391601562,36.17196273803711,-0.4106462597846985
-77.56906127929688,36.17196273803711,-0.19961096346378326
-75.58010864257812,36.17196273803711,0.41890227794647217
-73.5911636352539,36.17196273803711,0.8744675517082214
-71.60221099853516,36.17196273803711,1.069738745689392
-69.6132583618164,36.17196273803711,1.1661665439605713
-67.62430572509766,36.17196273803711,1.0816439390182495
-65.63536071777344,36.17196273803711,0.781523585319519
-63.64640808105469,36.17196273803711,0.4200669527053833
-61.6574592590332,36.17196273803711,0.031004969030618668
-59.66850662231445,36.17196273803711,-0.33873334527015686
-57.67955780029297,36.17196273803711,-0.6029720902442932
-55.690608978271484,36.17196273803711,-0.7387338876724243
-53.701656341552734,36.17196273803711,-0.8099384903907776
-51.71270751953125,36.17196273803711,-0.8287426829338074
-49.723758697509766,36.17196273803711,-0.8186028599739075
-47.734806060791016,36.17196273803711,-0.7773132920265198
-45.74585723876953,36.17196273803711,-0.6995030045509338
-43.75690460205078,36.17196273803711,-0.6237614750862122
-41.7679557800293,36.17196273803711,-0.5226216912269592
-39.77900695800781,36.17196273803711,-0.40254905819892883
-37.79005432128906,36.17196273803711,-0.27065709233283997
-35.80110549926758,36.17196273803711,-0.12822552025318146
-33.81215286254883,36.17196273803711,-0.0011399587383493781
-31.823204040527344,36.17196273803711,0.05610160902142525
-29.834253311157227,36.17196273803711,0.06892643123865128
-27.845304489135742,36.17196273803711,0.04280916973948479
-25.856353759765625,36.17196273803711,-0.042488258332014084
-23.867403030395508,36.17196273803711,-0.135930597782135
-21.87845230102539,36.17196273803711,-0.21550554037094116
-19.889503479003906,36.17196273803711,-0.28498369455337524
-17.90055274963379,36.17196273803711,-0.34820470213890076
-15.911602020263672,36.17196273803711,-0.38616806268692017
-13.922652244567871,36.17196273803711,-0.364815354347229
-11.933701515197754,36.17196273803711,-0.32077550888061523
-9.944751739501953,36.17196273803711,-0.2711579501628876
-7.955801010131836,36.17196273803711,-0.22617079317569733
-5.966850757598877,36.17196273803711,-0.0590699203312397
-3.977900505065918,36.17196273803711,-0.11754719167947769
-1.988950252532959,36.17196273803711,-0.10822661966085434
0.0,36.17196273803711,-0.09715080261230469
1.988950252532959,36.17196273803711,0.13738130033016205
3.977900505065918,36.17196273803711,-0.22320976853370667
5.966850757598877,36.17196273803711,-0.3913261592388153
7.955801010131836,36.17196273803711,-0.47285133600234985
9.944751739501953,36.17196273803711,-0.466696560382843
11.933701515197754,36.17196273803711,0.061411283910274506
13.922652244567871,36.17196273803711,0.06173865124583244
15.911602020263672,36.17196273803711,0.08883330225944519
17.90055274963379,36.17196273803711,0.10524730384349823
19.889503479003906,36.17196273803711,0.1079334244132042
21.87845230102539,36.17196273803711,0.11885610967874527
23.867403030395508,36.17196273803711,0.16084466874599457
25.856353759765625,36.17196273803711,0.19366881251335144
27.845304489135742,36.17196273803711,0.16779989004135132
29.834253311157227,36.17196273803711,0.037434134632349014
31.823204040527344,36.17196273803711,0.07529366761445999
33.81215286254883,36.17196273803711,0.028423435986042023
35.80110549926758,36.17196273803711,0.0472181960940361
37.79005432128906,36.17196273803711,0.7196509838104248
39.77900695800781,36.17196273803711,1.1777671575546265
41.7679557800293,36.17196273803711,1.0552093982696533
43.75690460205078,36.17196273803711,0.7223618626594543
45.74585723876953,36.17196273803711,0.431146502494812
47.734806060791016,36.17196273803711,0.08891289681196213
49.723758697509766,36.17196273803711,-0.40972697734832764
51.71270751953125,36.17196273803711,-1.1022309064865112
53.701656341552734,36.17196273803711,-1.616127848625183
55.690608978271484,36.17196273803711,-2.2540416717529297
57.67955780029297,36.17196273803711,-2.6266751289367676
59.66850662231445,36.17196273803711,-2.7244343757629395
61.6574592590332,36.17196273803711,-2.856400966644287
63.64640808105469,36.17196273803711,-2.79764461517334
65.63536071777344,36.17196273803711,-2.893028974533081
67.62430572509766,36.17196273803711,-2.9236083030700684
69.6132583618164,36.17196273803711,-3.03993558883667
71.60221099853516,36.17196273803711,-2.5648014545440674
73.5911636352539,36.17196273803711,-2.0660645961761475
75.58010864257812,36.17196273803711,-1.8850674629211426
77.56906127929688,36.17196273803711,-1.675817608833313
79.55801391601562,36.17196273803711,-1.4927557706832886
81.54695892333984,36.17196273803711,-1.0940172672271729
83.5359115600586,36.17196273803711,-0.48279139399528503
85.52486419677734,36.17196273803711,-0.004294315818697214
87.51380920410156,36.17196273803711,0.2631498873233795
89.50276184082031,36.17196273803711,0.5985701084136963
91.49171447753906,36.17196273803711,0.7636145949363708
93.48065948486328,36.17196273803711,0.805177628993988
95.46961212158203,36.17196273803711,0.8842512965202332
97.45856475830078,36.17196273803711,1.1304614543914795
99.44751739501953,36.17196273803711,1.218723177909851
101.43646240234375,36.17196273803711,0.5708674192428589
103.4254150390625,36.17196273803711,-0.26697012782096863
105.41436767578125,36.17196273803711,-0.9146850109100342
107.40331268310547,36.17196273803711,-1.2730212211608887
109.39226531982422,36.17196273803711,-1.277636170387268
111.38121795654297,36.17196273803711,-1.212049961090088
113.37016296386719,36.17196273803711,-1.1183600425720215
115.35911560058594,36.17196273803711,-1.0087196826934814
117.34806823730469,36.17196273803711,-1.1462897062301636
119.3370132446289,36.17196273803711,-0.7177968621253967
121.32596588134766,36.17196273803711,0.18548904359340668
123.3149185180664,36.17196273803711,0.21192219853401184
125.30387115478516,36.17196273803711,0.20310430228710175
127.29281616210938,36.17196273803711,-0.9232814908027649
129.28176879882812,36.17196273803711,-0.4634534418582916
131.27072143554688,36.17196273803711,-0.07313105463981628
133.25967407226562,36.17196273803711,-0.024474365636706352
135.2486114501953,36.17196273803711,0.11839459836483002
137.23756408691406,36.17196273803711,-0.8075363636016846
139.2265167236328,36.17196273803711,-0.540956437587738
141.21546936035156,36.17196273803711,0.40203386545181274
143.2044219970703,36.17196273803711,0.0804714486002922
145.19337463378906,36.17196273803711,-0.35299137234687805
147.1823272705078,36.17196273803711,-0.5971828103065491
149.1712646484375,36.17196273803711,-0.5982073545455933
151.16021728515625,36.17196273803711,-0.5313202142715454
153.149169921875,36.17196273803711,-0.5952409505844116
155.13812255859375,36.17196273803711,-0.7068220376968384
157.1270751953125,36.17196273803711,-0.7676074504852295
159.11602783203125,36.17196273803711,-0.7679110765457153
161.10496520996094,36.17196273803711,-0.6931488513946533
163.0939178466797,36.17196273803711,-0.6005574464797974
165.08287048339844,36.17196273803711,-0.5147194266319275
167.0718231201172,36.17196273803711,-0.5126044154167175
169.06077575683594,36.17196273803711,-0.6217643618583679
171.0497283935547,36.17196273803711,-0.6939998269081116
173.03868103027344,36.17196273803711,-0.7429542541503906
175.02761840820312,36.17196273803711,-0.7550010085105896
177.01657104492188,36.17196273803711,-0.7418943643569946
179.00552368164062,36.17196273803711,-0.7378040552139282
-179.0270233154297,34.56291198730469,-0.8376671671867371
-177.08108520507812,34.56291198730469,-0.8221672177314758
-175.1351318359375,34.56291198730469,-0.8152859210968018
-173.18919372558594,34.56291198730469,-0.8194575905799866
-171.2432403564453,34.56291198730469,-0.8020191192626953
-169.29730224609375,34.56291198730469,-0.7450053095817566
-167.35134887695312,34.56291198730469,-0.6695207357406616
-165.40541076660156,34.56291198730469,-0.5895183086395264
-163.45945739746094,34.56291198730469,-0.4674849510192871
-161.51351928710938,34.56291198730469,-0.2975125312805176
-159.56756591796875,34.56291198730469,-0.12049929052591324
-157.6216278076172,34.56291198730469,0.01979157142341137
-155.67567443847656,34.56291198730469,0.12274274975061417
-153.729736328125,34.56291198730469,0.194637268781662
-151.78378295898438,34.56291198730469,0.24635174870491028
-149.8378448486328,34.56291198730469,0.29609939455986023
-147.8918914794922,34.56291198730469,0.33394911885261536
-145.94595336914062,34.56291198730469,0.3582945466041565
-144.0,34.56291198730469,0.3650597035884857
-142.05404663085938,34.56291198730469,0.33865466713905334
-140.1081085205078,34.56291198730469,0.30612999200820923
-138.1621551513672,34.56291198730469,0.295686811208725
-136.21621704101562,34.56291198730469,0.28867191076278687
-134.270263671875,34.56291198730469,0.25601571798324585
-132.32432556152344,34.56291198730469,0.23236529529094696
-130.3783721923828,34.56291198730469,0.2351703643798828
-128.43243408203125,34.56291198730469,0.25289660692214966
-126.48648834228516,34.56291198730469,0.2866857349872589
-124.54054260253906,34.56291198730469,0.3373725116252899
-122.59459686279297,34.56291198730469,0.403067946434021
-120.64865112304688,34.56291198730469,0.570507824420929
-118.70270538330078,34.56291198730469,0.8526866436004639
-116.75675964355469,34.56291198730469,0.5929047465324402
-114.8108139038086,34.56291198730469,0.3052866756916046
-112.8648681640625,34.56291198730469,-0.22440652549266815
-110.9189224243164,34.56291198730469,-0.4899873435497284
-108.97297668457031,34.56291198730469,-0.4259028434753418
-107.02702331542969,34.56291198730469,-0.688789963722229
-105.0810775756836,34.56291198730469,-0.6560008525848389
-103.1351318359375,34.56291198730469,-0.921133279800415
-101.1891860961914,34.56291198730469,-0.7797003984451294
-99.24324035644531,34.56291198730469,-1.1041061878204346
-97.29729461669922,34.56291198730469,-1.2483083009719849
-95.35134887695312,34.56291198730469,-0.9850643873214722
-93.40540313720703,34.56291198730469,-1.079171895980835
-91.45945739746094,34.56291198730469,-1.0441051721572876
-89.51351165771484,34.56291198730469,-0.914613664150238
-87.56756591796875,34.56291198730469,-0.5580363869667053
-85.62162017822266,34.56291198730469,-0.14625288546085358
-83.67567443847656,34.56291198730469,-0.1466854363679886
-81.72972869873047,34.56291198730469,-0.25209158658981323
-79.78378295898438,34.56291198730469,-0.5493443608283997
-77.83783721923828,34.56291198730469,-0.312817245721817
-75.89189147949219,34.56291198730469,0.2072959840297699
-73.9459457397461,34.56291198730469,0.4796498119831085
-72.0,34.56291198730469,0.6871216893196106
-70.0540542602539,34.56291198730469,0.8128555417060852
-68.10810852050781,34.56291198730469,0.8016985654830933
-66.16216278076172,34.56291198730469,0.6078653931617737
-64.21621704101562,34.56291198730469,0.3100147843360901
-62.27027130126953,34.56291198730469,-0.004066848661750555
-60.32432556152344,34.56291198730469,-0.29862505197525024
-58.378379821777344,34.56291198730469,-0.5395212769508362
-56.43243408203125,34.56291198730469,-0.7121886014938354
-54.486488342285156,34.56291198730469,-0.8216449618339539
-52.5405387878418,34.56291198730469,-0.8773072361946106
-50.5945930480957,34.56291198730469,-0.8825864195823669
-48.64864730834961,34.56291198730469,-0.8577736020088196
-46.702701568603516,34.56291198730469,-0.8016662001609802
-44.75675582885742,34.56291198730469,-0.7295278310775757
-42.81081008911133,34.56291198730469,-0.6318219304084778
-40.864864349365234,34.56291198730469,-0.4944680631160736
-38.91891860961914,34.56291198730469,-0.34703248739242554
-36.97297286987305,34.56291198730469,-0.2065621018409729
-35.02702713012695,34.56291198730469,-0.07811177521944046
-33.08108139038086,34.56291198730469,0.02510038949549198
-31.135135650634766,34.56291198730469,0.05632871016860008
-29.189189910888672,34.56291198730469,0.018996937200427055
-27.243244171142578,34.56291198730469,-0.04283790662884712
-25.29729652404785,34.56291198730469,-0.12657533586025238
-23.351350784301758,34.56291198730469,-0.21580225229263306
-21.405405044555664,34.56291198730469,-0.2832672894001007
-19.45945930480957,34.56291198730469,-0.3263808488845825
-17.513513565063477,34.56291198730469,-0.3689582049846649
-15.567567825317383,34.56291198730469,-0.3916112780570984
-13.621622085571289,34.56291198730469,-0.3703821301460266
-11.675675392150879,34.56291198730469,-0.3208845257759094
-9.729729652404785,34.56291198730469,-0.2835921347141266
-7.783783912658691,34.56291198730469,-0.2544574439525604
-5.8378376960754395,34.56291198730469,0.13081814348697662
-3.8918919563293457,34.56291198730469,0.16829754412174225
-1.9459459781646729,34.56291198730469,0.14716538786888123
0.0,34.56291198730469,-0.02017008513212204
1.9459459781646729,34.56291198730469,-0.0023929595481604338
3.8918919563293457,34.56291198730469,-0.2095649689435959
5.8378376960754395,34.56291198730469,-0.4656740725040436
7.783783912658691,34.56291198730469,-0.6512944102287292
9.729729652404785,34.56291198730469,-0.5586646795272827
11.675675392150879,34.56291198730469,0.07022915035486221
13.621622085571289,34.56291198730469,0.06002108380198479
15.567567825317383,34.56291198730469,0.0516168586909771
17.513513565063477,34.56291198730469,0.060867056250572205
19.45945930480957,34.56291198730469,0.0625075027346611
21.405405044555664,34.56291198730469,0.07447007298469543
23.351350784301758,34.56291198730469,0.11748199164867401
25.29729652404785,34.56291198730469,0.12203540652990341
27.243244171142578,34.56291198730469,0.18983981013298035
29.189189910888672,34.56291198730469,0.1693112701177597
31.135135650634766,34.56291198730469,0.13299955427646637
33.08108139038086,34.56291198730469,0.04625917971134186
35.02702713012695,34.56291198730469,0.12686647474765778
36.97297286987305,34.56291198730469,-0.04653981700539589
38.91891860961914,34.56291198730469,0.7187781929969788
40.864864349365234,34.56291198730469,0.9493825435638428
42.81081008911133,34.56291198730469,0.913833737373352
44.75675582885742,34.56291198730469,0.818922758102417
46.702701568603516,34.56291198730469,0.48785632848739624
48.64864730834961,34.56291198730469,-0.22010895609855652
50.5945930480957,34.56291198730469,-1.1222386360168457
52.5405387878418,34.56291198730469,-1.731523871421814
54.486488342285156,34.56291198730469,-2.0987086296081543
56.43243408203125,34.56291198730469,-2.4192538261413574
58.378379821777344,34.56291198730469,-2.5843873023986816
60.32432556152344,34.56291198730469,-2.6772258281707764
62.27027130126953,34.56291198730469,-2.6681387424468994
64.21621704101562,34.56291198730469,-2.734175443649292
66.16216278076172,34.56291198730469,-2.772440195083618
68.10810852050781,34.56291198730469,-2.524118661880493
70.0540542602539,34.56291198730469,-2.5328445434570312
72.0,34.56291198730469,-2.398465871810913
73.9459457397461,34.56291198730469,-1.9826319217681885
75.89189147949219,34.56291198730469,-1.9028167724609375
77.83783721923828,34.56291198730469,-1.5876277685165405
79.78378295898438,34.56291198730469,-1.1853585243225098
81.72972869873047,34.56291198730469,-0.7476516366004944
83.67567443847656,34.56291198730469,-0.11832557618618011
85.62162017822266,34.56291198730469,0.36759838461875916
87.56756591796875,34.56291198730469,0.7008975148200989
89.51351165771484,34.56291198730469,1.069222331047058
91.45945739746094,34.56291198730469,1.3681726455688477
93.40540313720703,34.56291198730469,1.702347755432129
95.35134887695312,34.56291198730469,1.7350616455078125
97.29729461669922,34.56291198730469,1.6718119382858276
99.24324035644531,34.56291198730469,1.6078898906707764
101.1891860961914,34.56291198730469,1.209351897239685
103.1351318359375,34.56291198730469,0.4530397951602936
105.0810775756836,34.56291198730469,-0.5815467238426208
107.02702331542969,34.56291198730469,-1.4630526304244995
108.97297668457031,34.56291198730469,-1.6852953433990479
110.9189224243164,34.56291198730469,-1.4701752662658691
112.8648681640625,34.56291198730469,-1.4730470180511475
114.8108139038086,34.56291198730469,-1.2417184114456177
116.75675964355469,34.56291198730469,-1.0590670108795166
118.70270538330078,34.56291198730469,-0.7545791268348694
120.64865112304688,34.56291198730469,0.21184441447257996
122.59459686279297,34.56291198730469,0.20645983517169952
124.54054260253906,34.56291198730469,0.1563062071800232
126.48648834228516,34.56291198730469,-0.09390541911125183
128.43243408203125,34.56291198730469,-0.12088308483362198
130.3783721923828,34.56291198730469,-0.2224229872226715
132.32432556152344,34.56291198730469,-0.5652996897697449
134.270263671875,34.56291198730469,-0.22721487283706665
136.21621704101562,34.56291198730469,-0.3164638578891754
138.1621551513672,34.56291198730469,0.10455932468175888
140.1081085205078,34.56291198730469,0.11979395896196365
142.05404663085938,34.56291198730469,-0.1224215179681778
144.0,34.56291198730469,-0.39796531200408936
145.94595336914062,34.56291198730469,-0.6393337249755859
147.8918914794922,34.56291198730469,-0.7471114993095398
149.8378448486328,34.56291198730469,-0.7350494861602783
151.78378295898438,34.56291198730469,-0.7206761837005615
153.729736328125,34.56291198730469,-0.7708243131637573
155.67567443847656,34.56291198730469,-0.8399316072463989
157.6216278076172,34.56291198730469,-0.87262362241745
159.56756591796875,34.56291198730469,-0.8418744802474976
161.51351928710938,34.56291198730469,-0.7471701502799988
163.45945739746094,34.56291198730469,-0.6280461549758911
165.40541076660156,34.56291198730469,-0.544546902179718
167.35134887695312,34.56291198730469,-0.5568985939025879
169.29730224609375,34.56291198730469,-0.6580029726028442
171.2432403564453,34.56291198730469,-0.7708718180656433
173.18919372558594,34.56291198730469,-0.8499596118927002
175.1351318359375,34.56291198730469,-0.894148588180542
177.08108520507812,34.56291198730469,-0.8932093977928162
179.0270233154297,34.56291198730469,-0.8636659979820251
-179.0425567626953,32.9544677734375,-0.9471960663795471
-177.12765502929688,32.9544677734375,-0.9275252819061279
-175.2127685546875,32.9544677734375,-0.9093663692474365
-173.29786682128906,32.9544677734375,-0.9104539752006531
-171.3829803466797,32.9544677734375,-0.8790730834007263
-169.46807861328125,32.9544677734375,-0.8250198364257812
-167.55319213867188,32.9544677734375,-0.7519034147262573
-165.63829040527344,32.9544677734375,-0.677574872970581
-163.72340393066406,32.9544677734375,-0.5853448510169983
-161.8085174560547,32.9544677734375,-0.402569442987442
-159.89361572265625,32.9544677734375,-0.19450899958610535
-157.97872924804688,32.9544677734375,-0.017457835376262665
-156.06382751464844,32.9544677734375,0.07123591005802155
-154.14894104003906,32.9544677734375,0.15924058854579926
-152.23403930664062,32.9544677734375,0.20912736654281616
-150.31915283203125,32.9544677734375,0.23460407555103302
-148.4042510986328,32.9544677734375,0.24926917254924774
-146.48936462402344,32.9544677734375,0.23968639969825745
-144.574462890625,32.9544677734375,0.23009000718593597
-142.65957641601562,32.9544677734375,0.19205570220947266
-140.7446746826172,32.9544677734375,0.108103908598423
-138.8297882080078,32.9544677734375,0.02974770776927471
-136.91488647460938,32.9544677734375,0.05454514920711517
-135.0,32.9544677734375,0.048562146723270416
-133.08511352539062,32.9544677734375,0.024476878345012665
-131.1702117919922,32.9544677734375,0.06720555573701859
-129.2553253173828,32.9544677734375,0.09126170724630356
-127.34042358398438,32.9544677734375,0.15469026565551758
-125.42552947998047,32.9544677734375,0.2473907768726349
-123.51063537597656,32.9544677734375,0.35000067949295044
-121.59574127197266,32.9544677734375,0.4131079316139221
-119.68085479736328,32.9544677734375,0.4539697766304016
-117.76596069335938,32.9544677734375,0.4951110780239105
-115.85106658935547,32.9544677734375,0.07727698981761932
-113.93617248535156,32.9544677734375,-0.08208084106445312
-112.02127838134766,32.9544677734375,-0.49366360902786255
-110.10638427734375,32.9544677734375,-0.700606107711792
-108.19149017333984,32.9544677734375,-0.7265099287033081
-106.27659606933594,32.9544677734375,-1.0380014181137085
-104.36170196533203,32.9544677734375,-0.735085666179657
-102.44680786132812,32.9544677734375,-0.9669809937477112
-100.53191375732422,32.9544677734375,-1.2230255603790283
-98.61701965332031,32.9544677734375,-1.6712311506271362
-96.7021255493164,32.9544677734375,-1.6875889301300049
-94.7872314453125,32.9544677734375,-1.1235108375549316
-92.8723373413086,32.9544677734375,-0.9695363640785217
-90.95744323730469,32.9544677734375,-0.9562864899635315
-89.04255676269531,32.9544677734375,-0.6871498227119446
-87.1276626586914,32.9544677734375,-0.31787803769111633
-85.2127685546875,32.9544677734375,-0.14690513908863068
-83.2978744506836,32.9544677734375,-0.0590159110724926
-81.38298034667969,32.9544677734375,-0.19388554990291595
-79.46808624267578,32.9544677734375,-0.36822566390037537
-77.55319213867188,32.9544677734375,-0.15752163529396057
-75.63829803466797,32.9544677734375,0.04906361922621727
-73.72340393066406,32.9544677734375,0.20021304488182068
-71.80850982666016,32.9544677734375,0.37721556425094604
-69.89361572265625,32.9544677734375,0.5128453969955444
-67.97872161865234,32.9544677734375,0.5193539261817932
-66.06382751464844,32.9544677734375,0.3245185315608978
-64.14893341064453,32.9544677734375,0.08114465326070786
-62.23404312133789,32.9544677734375,-0.15823350846767426
-60.319149017333984,32.9544677734375,-0.3747355043888092
-58.40425491333008,32.9544677734375,-0.5540508031845093
-56.48936080932617,32.9544677734375,-0.7196940779685974
-54.574466705322266,32.9544677734375,-0.8416280746459961
-52.65957260131836,32.9544677734375,-0.9027856588363647
-50.74468231201172,32.9544677734375,-0.8973134756088257
-48.82978820800781,32.9544677734375,-0.8668001294136047
-46.914894104003906,32.9544677734375,-0.8146860003471375
-45.0,32.9544677734375,-0.7578817009925842
-43.085105895996094,32.9544677734375,-0.6767488121986389
-41.17021179199219,32.9544677734375,-0.5048153400421143
-39.25531768798828,32.9544677734375,-0.339674174785614
-37.34042739868164,32.9544677734375,-0.1857282668352127
-35.425533294677734,32.9544677734375,-0.05230223387479782
-33.51063919067383,32.9544677734375,0.058143362402915955
-31.595745086669922,32.9544677734375,0.08178946375846863
-29.680850982666016,32.9544677734375,0.015899086371064186
-27.76595687866211,32.9544677734375,-0.07133464515209198
-25.851064682006836,32.9544677734375,-0.14052371680736542
-23.93617057800293,32.9544677734375,-0.26500052213668823
-22.021276473999023,32.9544677734375,-0.3132282793521881
-20.106382369995117,32.9544677734375,-0.32359662652015686
-18.191490173339844,32.9544677734375,-0.33257949352264404
-16.276596069335938,32.9544677734375,-0.3705299496650696
-14.361701965332031,32.9544677734375,-0.3762343227863312
-12.446808815002441,32.9544677734375,-0.3379063308238983
-10.531914710998535,32.9544677734375,-0.3035837411880493
-8.617021560668945,32.9544677734375,0.20047537982463837
-6.702127456665039,32.9544677734375,0.45297130942344666
-4.787233829498291,32.9544677734375,0.35467296838760376
-2.872340440750122,32.9544677734375,0.2668633759021759
-0.957446813583374,32.9544677734375,0.2237950712442398
0.957446813583374,32.9544677734375,0.14782238006591797
2.872340440750122,32.9544677734375,-0.10855744779109955
4.787233829498291,32.9544677734375,-0.44718965888023376
6.702127456665039,32.9544677734375,-0.8107907176017761
8.617021560668945,32.9544677734375,-0.9756590127944946
10.531914710998535,32.9544677734375,-1.081964373588562
12.446808815002441,32.9544677734375,-0.4273071885108948
14.361701965332031,32.9544677734375,-0.1614704132080078
16.276596069335938,32.9544677734375,-0.002895355224609375
18.191490173339844,32.9544677734375,0.006923421286046505
20.106382369995117,32.9544677734375,0.0016031900886446238
22.021276473999023,32.9544677734375,-0.33326542377471924
23.93617057800293,32.9544677734375,0.11061903834342957
25.851064682006836,32.9544677734375,0.19258219003677368
27.76595687866211,32.9544677734375,0.21657340228557587
29.680850982666016,32.9544677734375,0.19855289161205292
31.595745086669922,32.9544677734375,0.17429491877555847
33.51063919067383,32.9544677734375,0.18956877291202545
35.425533294677734,32.9544677734375,-0.23181520402431488
37.34042739868164,32.9544677734375,0.0008483250858262181
39.25531768798828,32.9544677734375,0.5251998901367188
41.17021179199219,32.9544677734375,0.7746780514717102
43.085105895996094,32.9544677734375,0.8707337975502014
45.0,32.9544677734375,0.8755834102630615
46.914894104003906,32.9544677734375,0.45138975977897644
48.82978820800781,32.9544677734375,-0.16161543130874634
50.74468231201172,32.9544677734375,-0.834701418876648
52.65957260131836,32.9544677734375,-1.603835940361023
54.574466705322266,32.9544677734375,-1.8674261569976807
56.48936080932617,32.9544677734375,-2.14251971244812
58.40425491333008,32.9544677734375,-2.421257734298706
60.319149017333984,32.9544677734375,-2.530841588973999
62.23404312133789,32.9544677734375,-2.429950475692749
64.14893341064453,32.9544677734375,-2.2069008350372314
66.06382751464844,32.9544677734375,-2.13128399848938
67.97872161865234,32.9544677734375,-2.116774797439575
69.89361572265625,32.9544677734375,-2.1576170921325684
71.80850982666016,32.9544677734375,-1.9680914878845215
73.72340393066406,32.9544677734375,-1.61333167552948
75.63829803466797,32.9544677734375,-1.5538743734359741
77.55319213867188,32.9544677734375,-1.4065320491790771
79.46808624267578,32.9544677734375,-1.1042399406433105
81.38298034667969,32.9544677734375,-0.6635139584541321
83.2978744506836,32.9544677734375,-0.16648288071155548
85.2127685546875,32.9544677734375,0.23934224247932434
87.1276626586914,32.9544677734375,0.9078398942947388
89.04255676269531,32.9544677734375,1.4699069261550903
90.95744323730469,32.9544677734375,1.8370612859725952
92.8723373413086,32.9544677734375,2.1906116008758545
94.7872314453125,32.9544677734375,2.385478973388672
96.7021255493164,32.9544677734375,2.3145861625671387
98.61701965332031,32.9544677734375,2.0458197593688965
100.53191375732422,32.9544677734375,1.6264102458953857
102.44680786132812,32.9544677734375,0.9330256581306458
104.36170196533203,32.9544677734375,-0.3418363034725189
106.27659606933594,32.9544677734375,-1.184720516204834
108.19149017333984,32.9544677734375,-1.2383521795272827
110.10638427734375,32.9544677734375,-1.2241663932800293
112.02127838134766,32.9544677734375,-1.4425243139266968
113.93617248535156,32.9544677734375,-1.3996793031692505
115.85106658935547,32.9544677734375,-1.2175220251083374
117.76596069335938,32.9544677734375,-0.9435450434684753
119.68085479736328,32.9544677734375,-0.7141934037208557
121.59574127197266,32.9544677734375,0.2646644413471222
123.51063537597656,32.9544677734375,0.1507311761379242
125.42552947998047,32.9544677734375,0.06493721157312393
127.34042358398438,32.9544677734375,-0.08461090922355652
129.2553253173828,32.9544677734375,-0.3623006045818329
131.1702117919922,32.9544677734375,-0.8162585496902466
133.08511352539062,32.9544677734375,-0.4056490659713745
135.0,32.9544677734375,0.18118076026439667
136.91488647460938,32.9544677734375,0.41623955965042114
138.8297882080078,32.9544677734375,0.08094685524702072
140.7446746826172,32.9544677734375,-0.3487316071987152
142.65957641601562,32.9544677734375,-0.6190694570541382
144.574462890625,32.9544677734375,-0.7820724844932556
146.48936462402344,32.9544677734375,-0.9327135682106018
148.4042510986328,32.9544677734375,-0.9452182650566101
150.31915283203125,32.9544677734375,-0.8995262980461121
152.23403930664062,32.9544677734375,-0.890001118183136
154.14894104003906,32.9544677734375,-0.9459885358810425
156.06382751464844,32.9544677734375,-1.0048401355743408
157.97872924804688,32.9544677734375,-0.9916097521781921
159.89361572265625,32.9544677734375,-0.9258124232292175
161.8085174560547,32.9544677734375,-0.8156399130821228
163.72340393066406,32.9544677734375,-0.6585046052932739
165.63829040527344,32.9544677734375,-0.5459758639335632
167.55319213867188,32.9544677734375,-0.5729023814201355
169.46807861328125,32.9544677734375,-0.7080665230751038
171.3829803466797,32.9544677734375,-0.8805294036865234
173.29786682128906,32.9544677734375,-0.9134307503700256
175.2127685546875,32.9544677734375,-0.9882510900497437
177.12765502929688,32.9544677734375,-1.0191915035247803
179.0425567626953,32.9544677734375,-0.9501075148582458
-179.05758666992188,31.34960174560547,-0.9085131287574768
-177.1727752685547,31.34960174560547,-0.9360377788543701
-175.2879638671875,31.34960174560547,-0.9465414881706238
-173.40313720703125,31.34960174560547,-0.9316464066505432
-171.51832580566406,31.34960174560547,-0.8864167332649231
-169.63351440429688,31.34960174560547,-0.8355143070220947
-167.74868774414062,31.34960174560547,-0.7641192674636841
-165.86387634277344,31.34960174560547,-0.6928129196166992
-163.97906494140625,31.34960174560547,-0.6097427606582642
-162.09423828125,31.34960174560547,-0.4732646346092224
-160.2094268798828,31.34960174560547,-0.30342432856559753
-158.32460021972656,31.34960174560547,-0.13694827258586884
-156.43978881835938,31.34960174560547,-0.019787343218922615
-154.5549774169922,31.34960174560547,0.07737884670495987
-152.67015075683594,31.34960174560547,0.142485111951828
-150.78533935546875,31.34960174560547,0.16297727823257446
-148.90052795410156,31.34960174560547,0.15344658493995667
-147.0157012939453,31.34960174560547,0.11901213228702545
-145.13088989257812,31.34960174560547,0.07266578823328018
-143.24607849121094,31.34960174560547,0.02580871619284153
-141.3612518310547,31.34960174560547,-0.04454301297664642
-139.4764404296875,31.34960174560547,-0.10474370419979095
-137.5916290283203,31.34960174560547,-0.09982598572969437
-135.70680236816406,31.34960174560547,-0.07346401363611221
-133.82199096679688,31.34960174560547,-0.07112277299165726
-131.9371795654297,31.34960174560547,-0.03686749190092087
-130.05235290527344,31.34960174560547,-0.00022611618624068797
-128.16754150390625,31.34960174560547,0.049276988953351974
-126.28272247314453,31.34960174560547,0.1487642228603363
-124.39790344238281,31.34960174560547,0.25683602690696716
-122.51309204101562,31.34960174560547,0.34085026383399963
-120.6282730102539,31.34960174560547,0.40731534361839294
-118.74345397949219,31.34960174560547,0.46344688534736633
-116.85863494873047,31.34960174560547,0.4818088114261627
-114.97382354736328,31.34960174560547,0.14917653799057007
-113.08900451660156,31.34960174560547,-0.10583528131246567
-111.20418548583984,31.34960174560547,-0.6301378011703491
-109.31937408447266,31.34960174560547,-0.8979384303092957
-107.43455505371094,31.34960174560547,-0.7089003920555115
-105.54973602294922,31.34960174560547,-1.0246790647506714
-103.66492462158203,31.34960174560547,-1.114060878753662
-101.78010559082031,31.34960174560547,-1.032910704612732
-99.8952865600586,31.34960174560547,-1.3309439420700073
-98.01046752929688,31.34960174560547,-1.9311875104904175
-96.12565612792969,31.34960174560547,-1.5751101970672607
-94.24083709716797,31.34960174560547,-1.071323275566101
-92.35601806640625,31.34960174560547,-0.8414871692657471
-90.47120666503906,31.34960174560547,-0.7182310223579407
-88.58638763427734,31.34960174560547,-0.480429083108902
-86.70156860351562,31.34960174560547,-0.34332212805747986
-84.81675720214844,31.34960174560547,-0.41648656129837036
-82.93193817138672,31.34960174560547,-0.2765096127986908
-81.047119140625,31.34960174560547,-0.34420299530029297
-79.16230010986328,31.34960174560547,-0.2604532241821289
-77.2774887084961,31.34960174560547,-0.15698668360710144
-75.39266967773438,31.34960174560547,-0.05167554318904877
-73.50785064697266,31.34960174560547,0.025359662249684334
-71.62303924560547,31.34960174560547,0.12467168271541595
-69.73822021484375,31.34960174560547,0.19487425684928894
-67.85340118408203,31.34960174560547,0.16107337176799774
-65.96858978271484,31.34960174560547,0.008273124694824219
-64.08377075195312,31.34960174560547,-0.169505313038826
-62.198951721191406,31.34960174560547,-0.33338305354118347
-60.31413650512695,31.34960174560547,-0.4776502549648285
-58.429317474365234,31.34960174560547,-0.6137707233428955
-56.54450225830078,31.34960174560547,-0.7440817952156067
-54.65968704223633,31.34960174560547,-0.8480446934700012
-52.77486801147461,31.34960174560547,-0.8967898488044739
-50.890052795410156,31.34960174560547,-0.8825533986091614
-49.00523376464844,31.34960174560547,-0.8346160650253296
-47.120418548583984,31.34960174560547,-0.7688277363777161
-45.23560333251953,31.34960174560547,-0.7008496522903442
-43.35078430175781,31.34960174560547,-0.6148555874824524
-41.46596908569336,31.34960174560547,-0.46965667605400085
-39.58115005493164,31.34960174560547,-0.3047715425491333
-37.69633483886719,31.34960174560547,-0.14365437626838684
-35.811519622802734,31.34960174560547,0.003192647360265255
-33.926700592041016,31.34960174560547,0.122585229575634
-32.04188537597656,31.34960174560547,0.1569766402244568
-30.157068252563477,31.34960174560547,0.10700423270463943
-28.27225112915039,31.34960174560547,0.008777745999395847
-26.387434005737305,31.34960174560547,-0.0802297592163086
-24.50261688232422,31.34960174560547,-0.19805565476417542
-22.617801666259766,31.34960174560547,-0.2799379229545593
-20.73298454284668,31.34960174560547,-0.3101579546928406
-18.848167419433594,31.34960174560547,-0.32695192098617554
-16.963350296020508,31.34960174560547,-0.35359376668930054
-15.078534126281738,31.34960174560547,-0.36790433526039124
-13.193717002868652,31.34960174560547,-0.3496108949184418
-11.308900833129883,31.34960174560547,-0.30644214153289795
-9.424083709716797,31.34960174560547,0.704882800579071
-7.539267063140869,31.34960174560547,0.9532310366630554
-5.654450416564941,31.34960174560547,0.6931821703910828
-3.7696335315704346,31.34960174560547,0.43855077028274536
-1.8848167657852173,31.34960174560547,0.3510901629924774
0.0,31.34960174560547,0.3382177948951721
1.8848167657852173,31.34960174560547,0.10812180489301682
3.7696335315704346,31.34960174560547,-0.34709280729293823
5.654450416564941,31.34960174560547,-0.9635600447654724
7.539267063140869,31.34960174560547,-1.250824213027954
9.424083709716797,31.34960174560547,-1.5348094701766968
11.308900833129883,31.34960174560547,-1.7444390058517456
13.193717002868652,31.34960174560547,-1.7541823387145996
15.078534126281738,31.34960174560547,-1.6120325326919556
16.963350296020508,31.34960174560547,-0.4105718731880188
18.848167419433594,31.34960174560547,-0.006087875459343195
20.73298454284668,31.34960174560547,-1.205059289932251
22.617801666259766,31.34960174560547,-0.9754552245140076
24.50261688232422,31.34960174560547,-0.7075895071029663
26.387434005737305,31.34960174560547,-0.16894690692424774
28.27225112915039,31.34960174560547,0.21085382997989655
30.157068252563477,31.34960174560547,0.19628645479679108
32.04188537597656,31.34960174560547,0.17581011354923248
33.926700592041016,31.34960174560547,0.07268708199262619
35.811519622802734,31.34960174560547,-0.1897190660238266
37.69633483886719,31.34960174560547,0.04364732280373573
39.58115005493164,31.34960174560547,0.37694981694221497
41.46596908569336,31.34960174560547,0.8098108768463135
43.35078430175781,31.34960174560547,0.9730902314186096
45.23560333251953,31.34960174560547,0.9461866021156311
47.120418548583984,31.34960174560547,0.35108891129493713
49.00523376464844,31.34960174560547,0.06484375149011612
50.890052795410156,31.34960174560547,-0.3301127254962921
52.77486801147461,31.34960174560547,-0.9282881617546082
54.65968704223633,31.34960174560547,-1.4095656871795654
56.54450225830078,31.34960174560547,-1.6979727745056152
58.429317474365234,31.34960174560547,-1.9874686002731323
60.31413650512695,31.34960174560547,-2.17279052734375
62.198951721191406,31.34960174560547,-2.205195426940918
64.08377075195312,31.34960174560547,-1.98955500125885
65.96858978271484,31.34960174560547,-1.7588063478469849
67.85340118408203,31.34960174560547,-1.6990206241607666
69.73822021484375,31.34960174560547,-1.8629566431045532
71.62303924560547,31.34960174560547,-1.8028098344802856
73.50785064697266,31.34960174560547,-1.5762944221496582
75.39266967773438,31.34960174560547,-1.3840558528900146
77.2774887084961,31.34960174560547,-1.2384387254714966
79.16230010986328,31.34960174560547,-0.9397851228713989
81.047119140625,31.34960174560547,-0.5094988346099854
82.93193817138672,31.34960174560547,-0.1249099001288414
84.81675720214844,31.34960174560547,0.3924146592617035
86.70156860351562,31.34960174560547,0.9090402126312256
88.58638763427734,31.34960174560547,1.456384301185608
90.47120666503906,31.34960174560547,2.0181126594543457
92.35601806640625,31.34960174560547,2.26804256439209
94.24083709716797,31.34960174560547,2.370180368423462
96.12565612792969,31.34960174560547,2.3477389812469482
98.01046752929688,31.34960174560547,2.2625889778137207
99.8952865600586,31.34960174560547,1.8243013620376587
101.78010559082031,31.34960174560547,0.7467787861824036
103.66492462158203,31.34960174560547,-0.9029322862625122
105.54973602294922,31.34960174560547,-1.5177360773086548
107.43455505371094,31.34960174560547,-1.5588446855545044
109.31937408447266,31.34960174560547,-1.4218990802764893
111.20418548583984,31.34960174560547,-1.3135504722595215
113.08900451660156,31.34960174560547,-1.1829711198806763
114.97382354736328,31.34960174560547,-1.1073046922683716
116.85863494873047,31.34960174560547,-0.8350675106048584
118.74345397949219,31.34960174560547,-0.6785707473754883
120.6282730102539,31.34960174560547,-0.6134555339813232
122.51309204101562,31.34960174560547,0.113047756254673
124.39790344238281,31.34960174560547,-0.018877219408750534
126.28272247314453,31.34960174560547,-0.1437586396932602
128.16754150390625,31.34960174560547,-0.3239535689353943
130.05235290527344,31.34960174560547,-0.5777434706687927
131.9371795654297,31.34960174560547,-0.4860003888607025
133.82199096679688,31.34960174560547,-0.18412259221076965
135.70680236816406,31.34960174560547,0.12081807106733322
137.5916290283203,31.34960174560547,0.08497142791748047
139.4764404296875,31.34960174560547,-0.26079216599464417
141.3612518310547,31.34960174560547,-0.6482505202293396
143.24607849121094,31.34960174560547,-0.8802958726882935
145.13088989257812,31.34960174560547,-1.0410562753677368
147.0157012939453,31.34960174560547,-1.1299002170562744
148.90052795410156,31.34960174560547,-1.1093260049819946
150.78533935546875,31.34960174560547,-1.0582644939422607
152.67015075683594,31.34960174560547,-1.0551480054855347
154.5549774169922,31.34960174560547,-1.0860012769699097
156.43978881835938,31.34960174560547,-1.1008707284927368
158.32460021972656,31.34960174560547,-1.0472118854522705
160.2094268798828,31.34960174560547,-0.9463847875595093
162.09423828125,31.34960174560547,-0.8147445321083069
163.97906494140625,31.34960174560547,-0.6694236397743225
165.86387634277344,31.34960174560547,-0.5809940695762634
167.74868774414062,31.34960174560547,-0.5947182774543762
169.63351440429688,31.34960174560547,-0.6751502156257629
171.51832580566406,31.34960174560547,-0.7706292271614075
173.40313720703125,31.34960174560547,-0.8095510601997375
175.2879638671875,31.34960174560547,-0.8658021092414856
177.1727752685547,31.34960174560547,-0.8817090392112732
179.05758666992188,31.34960174560547,-0.8666521906852722
-179.07691955566406,29.742809295654297,-0.7544611096382141
-177.23077392578125,29.742809295654297,-0.8336116671562195
-175.38461303710938,29.742809295654297,-0.8957072496414185
-173.53846740722656,29.742809295654297,-0.8939428329467773
-171.6923065185547,29.742809295654297,-0.8429181575775146
-169.84616088867188,29.742809295654297,-0.7856004238128662
-168.0,29.742809295654297,-0.7135863900184631
-166.15383911132812,29.742809295654297,-0.6343632340431213
-164.3076934814453,29.742809295654297,-0.5572811365127563
-162.46153259277344,29.742809295654297,-0.47374942898750305
-160.61538696289062,29.742809295654297,-0.3872149884700775
-158.76922607421875,29.742809295654297,-0.27849751710891724
-156.92308044433594,29.742809295654297,-0.14833234250545502
-155.07691955566406,29.742809295654297,-0.019003931432962418
-153.23077392578125,29.742809295654297,0.0682743713259697
-151.38461303710938,29.742809295654297,0.09589792788028717
-149.53846740722656,29.742809295654297,0.06554921716451645
-147.6923065185547,29.742809295654297,0.0032288869842886925
-145.84616088867188,29.742809295654297,-0.07283802330493927
-144.0,29.742809295654297,-0.14842510223388672
-142.15383911132812,29.742809295654297,-0.19083373248577118
-140.3076934814453,29.742809295654297,-0.20995159447193146
-138.46153259277344,29.742809295654297,-0.18820896744728088
-136.61538696289062,29.742809295654297,-0.13909390568733215
-134.76922607421875,29.742809295654297,-0.08871065825223923
-132.92308044433594,29.742809295654297,-0.05721588060259819
-131.07691955566406,29.742809295654297,-0.042932700365781784
-129.23077392578125,29.742809295654297,-0.02352142333984375
-127.38461303710938,29.742809295654297,0.046230219304561615
-125.53845977783203,29.742809295654297,0.1493981033563614
-123.69230651855469,29.742809295654297,0.24351666867733002
-121.84615325927734,29.742809295654297,0.3203522562980652
-120.0,29.742809295654297,0.40182849764823914
-118.15384674072266,29.742809295654297,0.4787883758544922
-116.30769348144531,29.742809295654297,0.5280668139457703
-114.46154022216797,29.742809295654297,-0.07919140160083771
-112.61538696289062,29.742809295654297,-0.015740012750029564
-110.76923370361328,29.742809295654297,-0.4637255370616913
-108.92308044433594,29.742809295654297,-1.0568678379058838
-107.07691955566406,29.742809295654297,-1.1330064535140991
-105.23076629638672,29.742809295654297,-1.3476978540420532
-103.38461303710938,29.742809295654297,-1.5729159116744995
-101.53845977783203,29.742809295654297,-1.4305912256240845
-99.69230651855469,29.742809295654297,-1.5637646913528442
-97.84615325927734,29.742809295654297,-1.6414812803268433
-96.0,29.742809295654297,-1.3835506439208984
-94.15384674072266,29.742809295654297,-0.7517907619476318
-92.30769348144531,29.742809295654297,-0.6016873121261597
-90.46154022216797,29.742809295654297,-0.6789636015892029
-88.61538696289062,29.742809295654297,-0.17000745236873627
-86.76923370361328,29.742809295654297,-0.2082621306180954
-84.92308044433594,29.742809295654297,-0.3184495270252228
-83.07691955566406,29.742809295654297,-0.523746132850647
-81.23076629638672,29.742809295654297,-0.2797355055809021
-79.38461303710938,29.742809295654297,-0.13867543637752533
-77.53845977783203,29.742809295654297,-0.11789938807487488
-75.69230651855469,29.742809295654297,-0.10992615669965744
-73.84615325927734,29.742809295654297,-0.10662294924259186
-72.0,29.742809295654297,-0.09153016656637192
-70.15384674072266,29.742809295654297,-0.09724432975053787
-68.30769348144531,29.742809295654297,-0.15201301872730255
-66.46154022216797,29.742809295654297,-0.2490992248058319
-64.61538696289062,29.742809295654297,-0.3682617247104645
-62.769229888916016,29.742809295654297,-0.4748070538043976
-60.92307662963867,29.742809295654297,-0.5601381063461304
-59.07692337036133,29.742809295654297,-0.6437323689460754
-57.230770111083984,29.742809295654297,-0.7343838810920715
-55.38461685180664,29.742809295654297,-0.819004476070404
-53.53845977783203,29.742809295654297,-0.8705376982688904
-51.69230651855469,29.742809295654297,-0.8529239296913147
-49.846153259277344,29.742809295654297,-0.7965126633644104
-48.0,29.742809295654297,-0.7157579660415649
-46.153846740722656,29.742809295654297,-0.6220048069953918
-44.30769348144531,29.742809295654297,-0.5207692384719849
-42.46154022216797,29.742809295654297,-0.408125102519989
-40.61538314819336,29.742809295654297,-0.27994391322135925
-38.769229888916016,29.742809295654297,-0.13558819890022278
-36.92307662963867,29.742809295654297,0.016012700274586678
-35.07692337036133,29.742809295654297,0.16070161759853363
-33.230770111083984,29.742809295654297,0.24860039353370667
-31.384614944458008,29.742809295654297,0.24594034254550934
-29.538461685180664,29.742809295654297,0.1898214966058731
-27.69230842590332,29.742809295654297,0.09787597507238388
-25.846153259277344,29.742809295654297,-0.017955970019102097
-24.0,29.742809295654297,-0.13121770322322845
-22.153846740722656,29.742809295654297,-0.21521753072738647
-20.30769157409668,29.742809295654297,-0.27392056584358215
-18.461538314819336,29.742809295654297,-0.30787989497184753
-16.615385055541992,29.742809295654297,-0.328109472990036
-14.769230842590332,29.742809295654297,-0.3454037308692932
-12.923076629638672,29.742809295654297,-0.330551415681839
-11.076923370361328,29.742809295654297,-0.2756124436855316
-9.230769157409668,29.742809295654297,1.047735333442688
-7.384615421295166,29.742809295654297,0.9991816282272339
-5.538461685180664,29.742809295654297,0.8120526671409607
-3.692307710647583,29.742809295654297,0.6044092774391174
-1.8461538553237915,29.742809295654297,0.5282650589942932
0.0,29.742809295654297,0.7024950385093689
1.8461538553237915,29.742809295654297,0.2627077102661133
3.692307710647583,29.742809295654297,-0.3009885251522064
5.538461685180664,29.742809295654297,-0.8407729864120483
7.384615421295166,29.742809295654297,-1.190399408340454
9.230769157409668,29.742809295654297,-1.534066915512085
11.076923370361328,29.742809295654297,-1.777062177658081
12.923076629638672,29.742809295654297,-1.809065818786621
14.769230842590332,29.742809295654297,-1.6950666904449463
16.615385055541992,29.742809295654297,-1.5362647771835327
18.461538314819336,29.742809295654297,-1.5129042863845825
20.30769157409668,29.742809295654297,-1.3636294603347778
22.153846740722656,29.742809295654297,-1.1521838903427124
24.0,29.742809295654297,-0.8000966906547546
25.846153259277344,29.742809295654297,-0.35392940044403076
27.69230842590332,29.742809295654297,-0.07766863703727722
29.538461685180664,29.742809295654297,0.05632343143224716
31.384614944458008,29.742809295654297,-0.02982044219970703
33.230770111083984,29.742809295654297,-0.06942882388830185
35.07692337036133,29.742809295654297,0.07367362827062607
36.92307662963867,29.742809295654297,0.09950599819421768
38.769229888916016,29.742809295654297,0.11996453255414963
40.61538314819336,29.742809295654297,0.3247816860675812
42.46154022216797,29.742809295654297,0.9521480798721313
44.30769348144531,29.742809295654297,1.0740346908569336
46.153846740722656,29.742809295654297,0.6933079361915588
48.0,29.742809295654297,0.1677684187889099
49.846153259277344,29.742809295654297,0.04881458356976509
51.69230651855469,29.742809295654297,-0.12590256333351135
53.53845977783203,29.742809295654297,-0.41914525628089905
55.38461685180664,29.742809295654297,-0.824690043926239
57.230770111083984,29.742809295654297,-1.1300780773162842
59.07692337036133,29.742809295654297,-1.457016944885254
60.92307662963867,29.742809295654297,-1.7102903127670288
62.769229888916016,29.742809295654297,-1.7760618925094604
64.61538696289062,29.742809295654297,-1.6496899127960205
66.46154022216797,29.742809295654297,-1.3088399171829224
68.30769348144531,29.742809295654297,-1.432586431503296
70.15384674072266,29.742809295654297,-1.6866201162338257
72.0,29.742809295654297,-1.8649903535842896
73.84615325927734,29.742809295654297,-1.6628243923187256
75.69230651855469,29.742809295654297,-1.4187983274459839
77.53845977783203,29.742809295654297,-1.1638094186782837
79.38461303710938,29.742809295654297,-0.756511390209198
81.23076629638672,29.742809295654297,-0.30727434158325195
83.07691955566406,29.742809295654297,0.1644066870212555
84.92308044433594,29.742809295654297,0.6250303983688354
86.76923370361328,29.742809295654297,0.9416718482971191
88.61538696289062,29.742809295654297,1.355232834815979
90.46154022216797,29.742809295654297,1.8460849523544312
92.30769348144531,29.742809295654297,1.9889343976974487
94.15384674072266,29.742809295654297,1.9762996435165405
96.0,29.742809295654297,2.118016481399536
97.84615325927734,29.742809295654297,2.290818691253662
99.69230651855469,29.742809295654297,2.050755500793457
101.53845977783203,29.742809295654297,0.44776636362075806
103.38461303710938,29.742809295654297,-1.616379737854004
105.23076629638672,29.742809295654297,-2.001634359359741
107.07691955566406,29.742809295654297,-1.8500615358352661
108.92308044433594,29.742809295654297,-1.4576897621154785
110.76923370361328,29.742809295654297,-1.258722186088562
112.61538696289062,29.742809295654297,-1.0907297134399414
114.46154022216797,29.742809295654297,-0.8911396861076355
116.30769348144531,29.742809295654297,-0.6364802718162537
118.15384674072266,29.742809295654297,-0.876916229724884
120.0,29.742809295654297,-1.1142878532409668
121.84615325927734,29.742809295654297,-0.45126399397850037
123.69230651855469,29.742809295654297,-0.14298425614833832
125.53845977783203,29.742809295654297,-0.2886081635951996
127.38461303710938,29.742809295654297,-0.41149312257766724
129.23077392578125,29.742809295654297,-0.4957658648490906
131.07691955566406,29.742809295654297,-0.5128340125083923
132.92308044433594,29.742809295654297,-0.3944946229457855
134.76922607421875,29.742809295654297,-0.21284370124340057
136.61538696289062,29.742809295654297,-0.1401182860136032
138.46153259277344,29.742809295654297,-0.26406142115592957
140.3076934814453,29.742809295654297,-0.5239865779876709
142.15383911132812,29.742809295654297,-0.8046613931655884
144.0,29.742809295654297,-1.0441430807113647
145.84616088867188,29.742809295654297,-1.2169849872589111
147.6923065185547,29.742809295654297,-1.2587759494781494
149.53846740722656,29.742809295654297,-1.200228214263916
151.38461303710938,29.742809295654297,-1.1496527194976807
153.23077392578125,29.742809295654297,-1.1455692052841187
155.07691955566406,29.742809295654297,-1.1615123748779297
156.92308044433594,29.742809295654297,-1.1392098665237427
158.76922607421875,29.742809295654297,-1.0369395017623901
160.61538696289062,29.742809295654297,-0.9071574807167053
162.46153259277344,29.742809295654297,-0.7714244723320007
164.3076934814453,29.742809295654297,-0.6564794778823853
166.15383911132812,29.742809295654297,-0.6036518216133118
168.0,29.742809295654297,-0.5857677459716797
169.84616088867188,29.742809295654297,-0.5705715417861938
171.6923065185547,29.742809295654297,-0.56795734167099
173.53846740722656,29.742809295654297,-0.590632438659668
175.38461303710938,29.742809295654297,-0.6055082678794861
177.23077392578125,29.742809295654297,-0.6263221502304077
179.07691955566406,29.742809295654297,-0.6802863478660583
-179.09091186523438,28.132877349853516,-0.5770612955093384
-177.27272033691406,28.132877349853516,-0.6913074254989624
-175.4545440673828,28.132877349853516,-0.7947412729263306
-173.63636779785156,28.132877349853516,-0.8414081335067749
-171.81817626953125,28.132877349853516,-0.7635443210601807
-170.0,28.132877349853516,-0.6824789643287659
-168.18182373046875,28.132877349853516,-0.6094236373901367
-166.36363220214844,28.132877349853516,-0.5200436115264893
-164.5454559326172,28.132877349853516,-0.43571174144744873
-162.72727966308594,28.132877349853516,-0.38746166229248047
-160.90908813476562,28.132877349853516,-0.3817099332809448
-159.09091186523438,28.132877349853516,-0.39590778946876526
-157.27272033691406,28.132877349853516,-0.26379960775375366
-155.4545440673828,28.132877349853516,-0.08243115991353989
-153.63636779785156,28.132877349853516,0.038729477673769
-151.81817626953125,28.132877349853516,0.051527976989746094
-150.0,28.132877349853516,0.0024592718109488487
-148.18182373046875,28.132877349853516,-0.08401978760957718
-146.36363220214844,28.132877349853516,-0.1583106964826584
-144.5454559326172,28.132877349853516,-0.25770726799964905
-142.72727966308594,28.132877349853516,-0.308303564786911
-140.90908813476562,28.132877349853516,-0.28534209728240967
-139.09091186523438,28.132877349853516,-0.2648738920688629
-137.27272033691406,28.132877349853516,-0.1937623918056488
-135.4545440673828,28.132877349853516,-0.09629866480827332
-133.63636779785156,28.132877349853516,-0.016784541308879852
-131.81817626953125,28.132877349853516,-0.0370127372443676
-130.0,28.132877349853516,-0.06594829261302948
-128.18182373046875,28.132877349853516,-0.04628518596291542
-126.36363983154297,28.132877349853516,0.06192159652709961
-124.54545593261719,28.132877349853516,0.1691172868013382
-122.7272720336914,28.132877349853516,0.25499966740608215
-120.90908813476562,28.132877349853516,0.3267289102077484
-119.09091186523438,28.132877349853516,0.40143460035324097
-117.2727279663086,28.132877349853516,0.48680737614631653
-115.45454406738281,28.132877349853516,0.5383949279785156
-113.63636016845703,28.132877349853516,-0.13297869265079498
-111.81818389892578,28.132877349853516,0.15996436774730682
-110.0,28.132877349853516,-1.2330363988876343
-108.18181610107422,28.132877349853516,-1.0121115446090698
-106.36363983154297,28.132877349853516,-1.5058770179748535
-104.54545593261719,28.132877349853516,-1.5793886184692383
-102.7272720336914,28.132877349853516,-1.4206455945968628
-100.90908813476562,28.132877349853516,-1.283913016319275
-99.09091186523438,28.132877349853516,-1.4393693208694458
-97.2727279663086,28.132877349853516,-0.9685420393943787
-95.45454406738281,28.132877349853516,-0.1377153992652893
-93.63636016845703,28.132877349853516,-0.06253897398710251
-91.81818389892578,28.132877349853516,-0.0162797924131155
-90.0,28.132877349853516,0.0436832420527935
-88.18181610107422,28.132877349853516,0.08101895451545715
-86.36363983154297,28.132877349853516,-0.004439481068402529
-84.54545593261719,28.132877349853516,-0.05522798001766205
-82.7272720336914,28.132877349853516,-0.25082066655158997
-80.90908813476562,28.132877349853516,-0.22143840789794922
-79.09091186523438,28.132877349853516,0.004840850830078125
-77.2727279663086,28.132877349853516,-0.05208873748779297
-75.45454406738281,28.132877349853516,-0.13944238424301147
-73.63636016845703,28.132877349853516,-0.222055122256279
-71.81818389892578,28.132877349853516,-0.24485556781291962
-70.0,28.132877349853516,-0.31177279353141785
-68.18181610107422,28.132877349853516,-0.41748473048210144
-66.36363983154297,28.132877349853516,-0.4681718051433563
-64.54545593261719,28.132877349853516,-0.5528542399406433
-62.727272033691406,28.132877349853516,-0.6150875091552734
-60.90909194946289,28.132877349853516,-0.6404443383216858
-59.09090805053711,28.132877349853516,-0.686877429485321
-57.272727966308594,28.132877349853516,-0.7312164306640625
-55.45454406738281,28.132877349853516,-0.7831050753593445
-53.6363639831543,28.132877349853516,-0.8425033092498779
-51.818180084228516,28.132877349853516,-0.7725086808204651
-50.0,28.132877349853516,-0.6873806118965149
-48.181819915771484,28.132877349853516,-0.5978881120681763
-46.3636360168457,28.132877349853516,-0.468392550945282
-44.54545593261719,28.132877349853516,-0.3312561810016632
-42.727272033691406,28.132877349853516,-0.21678638458251953
-40.90909194946289,28.132877349853516,-0.1252763718366623
-39.09090805053711,28.132877349853516,-0.02262522466480732
-37.272727966308594,28.132877349853516,0.11439431458711624
-35.45454406738281,28.132877349853516,0.2681455612182617
-33.6363639831543,28.132877349853516,0.39801910519599915
-31.81818199157715,28.132877349853516,0.36786550283432007
-30.0,28.132877349853516,0.3065885007381439
-28.18181800842285,28.132877349853516,0.23485425114631653
-26.363636016845703,28.132877349853516,0.10669682919979095
-24.545454025268555,28.132877349853516,-0.01000035647302866
-22.727272033691406,28.132877349853516,-0.10403455048799515
-20.909090042114258,28.132877349853516,-0.16868552565574646
-19.090909957885742,28.132877349853516,-0.21891117095947266
-17.272727966308594,28.132877349853516,-0.21157780289649963
-15.454545021057129,28.132877349853516,-0.1748562455177307
-13.636363983154297,28.132877349853516,-0.22800172865390778
-11.818181991577148,28.132877349853516,0.5406638979911804
-10.0,28.132877349853516,1.290252923965454
-8.181818008422852,28.132877349853516,1.1768988370895386
-6.363636493682861,28.132877349853516,1.0349007844924927
-4.545454502105713,28.132877349853516,0.8283685445785522
-2.7272727489471436,28.132877349853516,0.6699612736701965
-0.9090909361839294,28.132877349853516,0.6551571488380432
0.9090909361839294,28.132877349853516,0.4963923692703247
2.7272727489471436,28.132877349853516,0.03133506700396538
4.545454502105713,28.132877349853516,-0.446066290140152
6.363636493682861,28.132877349853516,-0.7911347150802612
8.181818008422852,28.132877349853516,-1.0425723791122437
10.0,28.132877349853516,-1.2864476442337036
11.818181991577148,28.132877349853516,-1.4123108386993408
13.636363983154297,28.132877349853516,-1.5734717845916748
15.454545021057129,28.132877349853516,-1.51993727684021
17.272727966308594,28.132877349853516,-1.5450021028518677
19.090909957885742,28.132877349853516,-1.4689562320709229
20.909090042114258,28.132877349853516,-1.2859100103378296
22.727272033691406,28.132877349853516,-0.9828654527664185
24.545454025268555,28.132877349853516,-0.534602701663971
26.363636016845703,28.132877349853516,-0.09629058837890625
28.18181800842285,28.132877349853516,0.11441059410572052
30.0,28.132877349853516,0.3122142255306244
31.81818199157715,28.132877349853516,0.3007773756980896
33.6363639831543,28.132877349853516,0.3229948580265045
35.45454406738281,28.132877349853516,0.3159462511539459
37.272727966308594,28.132877349853516,0.24275098741054535
39.09090805053711,28.132877349853516,0.24405302107334137
40.90909194946289,28.132877349853516,0.42842787504196167
42.727272033691406,28.132877349853516,0.8630824685096741
44.54545593261719,28.132877349853516,1.0503963232040405
46.3636360168457,28.132877349853516,0.9532602429389954
48.181819915771484,28.132877349853516,0.5676978826522827
50.0,28.132877349853516,0.04959888383746147
51.818180084228516,28.132877349853516,0.2105267196893692
53.6363639831543,28.132877349853516,0.07069816440343857
55.45454406738281,28.132877349853516,-0.18955904245376587
57.272727966308594,28.132877349853516,-0.49429893493652344
59.09090805053711,28.132877349853516,-0.9393090605735779
60.90909194946289,28.132877349853516,-1.172191858291626
62.727272033691406,28.132877349853516,-1.3871468305587769
64.54545593261719,28.132877349853516,-1.4325511455535889
66.36363983154297,28.132877349853516,-1.3036285638809204
68.18181610107422,28.132877349853516,-1.3398264646530151
70.0,28.132877349853516,-1.4065594673156738
71.81818389892578,28.132877349853516,-1.5785969495773315
73.63636016845703,28.132877349853516,-1.6647166013717651
75.45454406738281,28.132877349853516,-1.587823748588562
77.2727279663086,28.132877349853516,-1.3912111520767212
79.09091186523438,28.132877349853516,-1.030679702758789
80.90908813476562,28.132877349853516,-0.4713685214519501
82.7272720336914,28.132877349853516,0.27244871854782104
84.54545593261719,28.132877349853516,0.8312129378318787
86.36363983154297,28.132877349853516,1.0473620891571045
88.18181610107422,28.132877349853516,1.1036697626113892
90.0,28.132877349853516,1.3178848028182983
91.81818389892578,28.132877349853516,1.5280834436416626
93.63636016845703,28.132877349853516,1.644428014755249
95.45454406738281,28.132877349853516,1.834153413772583
97.2727279663086,28.132877349853516,2.083739995956421
99.09091186523438,28.132877349853516,2.0481643676757812
100.90908813476562,28.132877349853516,1.3187683820724487
102.7272720336914,28.132877349853516,-0.3229973614215851
104.54545593261719,28.132877349853516,-1.6500614881515503
106.36363983154297,28.132877349853516,-1.876692533493042
108.18181610107422,28.132877349853516,-1.5756255388259888
110.0,28.132877349853516,-1.3066834211349487
111.81818389892578,28.132877349853516,-1.2422488927841187
113.63636016845703,28.132877349853516,-1.0864157676696777
115.45454406738281,28.132877349853516,-1.1011590957641602
117.2727279663086,28.132877349853516,-1.1779428720474243
119.09091186523438,28.132877349853516,-1.3285452127456665
120.90908813476562,28.132877349853516,-0.8693708777427673
122.7272720336914,28.132877349853516,-0.19621683657169342
124.54545593261719,28.132877349853516,-0.36179134249687195
126.36363983154297,28.132877349853516,-0.528761625289917
128.18182373046875,28.132877349853516,-0.5428733825683594
130.0,28.132877349853516,-0.5692780613899231
131.81817626953125,28.132877349853516,-0.5065907835960388
133.63636779785156,28.132877349853516,-0.3817998766899109
135.4545440673828,28.132877349853516,-0.30783870816230774
137.27272033691406,28.132877349853516,-0.31418025493621826
139.09091186523438,28.132877349853516,-0.4205643832683563
140.90908813476562,28.132877349853516,-0.6271739602088928
142.72727966308594,28.132877349853516,-0.8544448614120483
144.5454559326172,28.132877349853516,-1.0996476411819458
146.36363220214844,28.132877349853516,-1.3349127769470215
148.18182373046875,28.132877349853516,-1.2650662660598755
150.0,28.132877349853516,-1.1623059511184692
151.81817626953125,28.132877349853516,-1.1182769536972046
153.63636779785156,28.132877349853516,-1.1285135746002197
155.4545440673828,28.132877349853516,-1.1778053045272827
157.27272033691406,28.132877349853516,-1.1347596645355225
159.09091186523438,28.132877349853516,-0.9727054834365845
160.90908813476562,28.132877349853516,-0.8531675934791565
162.72727966308594,28.132877349853516,-0.7230260372161865
164.5454559326172,28.132877349853516,-0.6344807147979736
166.36363220214844,28.132877349853516,-0.5997878313064575
168.18182373046875,28.132877349853516,-0.5465024709701538
170.0,28.132877349853516,-0.4485713243484497
171.81817626953125,28.132877349853516,-0.36149856448173523
173.63636779785156,28.132877349853516,-0.3804974853992462
175.4545440673828,28.132877349853516,-0.361319363117218
177.27272033691406,28.132877349853516,-0.3883977234363556
179.09091186523438,28.132877349853516,-0.4953232407569885
-179.10447692871094,26.522748947143555,-0.4892854690551758
-177.3134307861328,26.522748947143555,-0.5910106897354126
-175.5223846435547,26.522748947143555,-0.6767187714576721
-173.73133850097656,26.522748947143555,-0.7157554030418396
-171.94029235839844,26.522748947143555,-0.6527484655380249
-170.1492462158203,26.522748947143555,-0.5677804946899414
-168.35821533203125,26.522748947143555,-0.49491527676582336
-166.56716918945312,26.522748947143555,-0.41235727071762085
-164.776123046875,26.522748947143555,-0.3362574279308319
-162.98507690429688,26.522748947143555,-0.2863929867744446
-161.19403076171875,26.522748947143555,-0.27857711911201477
-159.40298461914062,26.522748947143555,-0.3048715591430664
-157.6119384765625,26.522748947143555,-0.24510891735553741
-155.82089233398438,26.522748947143555,-0.09646530449390411
-154.02984619140625,26.522748947143555,0.008455721661448479
-152.23880004882812,26.522748947143555,0.029895972460508347
-150.44775390625,26.522748947143555,-0.008137257769703865
-148.65672302246094,26.522748947143555,-0.0807390883564949
-146.8656768798828,26.522748947143555,-0.13763993978500366
-145.0746307373047,26.522748947143555,-0.20920708775520325
-143.28358459472656,26.522748947143555,-0.27216026186943054
-141.49253845214844,26.522748947143555,-0.25425928831100464
-139.7014923095703,26.522748947143555,-0.23099251091480255
-137.9104461669922,26.522748947143555,-0.18354447185993195
-136.11940002441406,26.522748947143555,-0.09879232943058014
-134.32835388183594,26.522748947143555,-0.027044106274843216
-132.5373077392578,26.522748947143555,-0.020031102001667023
-130.7462615966797,26.522748947143555,-0.060484375804662704
-128.95523071289062,26.522748947143555,-0.0762835219502449
-127.16417694091797,26.522748947143555,-0.00878728274255991
-125.37313079833984,26.522748947143555,0.09629561007022858
-123.58209228515625,26.522748947143555,0.192680224776268
-121.79104614257812,26.522748947143555,0.2683916985988617
-120.0,26.522748947143555,0.3407527208328247
-118.20895385742188,26.522748947143555,0.4194338917732239
-116.41790771484375,26.522748947143555,0.49192801117897034
-114.62686920166016,26.522748947143555,0.5037657618522644
-112.83582305908203,26.522748947143555,-0.21076183021068573
-111.0447769165039,26.522748947143555,-0.08843746036291122
-109.25373077392578,26.522748947143555,-0.9168128967285156
-107.46268463134766,26.522748947143555,-1.2404592037200928
-105.67163848876953,26.522748947143555,-1.2961125373840332
-103.88059997558594,26.522748947143555,-1.3805159330368042
-102.08955383300781,26.522748947143555,-1.161110520362854
-100.29850769042969,26.522748947143555,-0.6152722835540771
-98.50746154785156,26.522748947143555,-1.1496150493621826
-96.71641540527344,26.522748947143555,-0.10081183165311813
-94.92537689208984,26.522748947143555,0.0033626556396484375
-93.13433074951172,26.522748947143555,0.08752428740262985
-91.3432846069336,26.522748947143555,0.13536326587200165
-89.55223846435547,26.522748947143555,0.18452352285385132
-87.76119232177734,26.522748947143555,0.17474892735481262
-85.97014617919922,26.522748947143555,0.09429772943258286
-84.17910766601562,26.522748947143555,0.04818452149629593
-82.3880615234375,26.522748947143555,0.032503318041563034
-80.59701538085938,26.522748947143555,-0.015460522845387459
-78.80596923828125,26.522748947143555,0.06864751130342484
-77.01492309570312,26.522748947143555,-0.01783975027501583
-75.223876953125,26.522748947143555,-0.14132194221019745
-73.4328384399414,26.522748947143555,-0.25273099541664124
-71.64179229736328,26.522748947143555,-0.3179122805595398
-69.85074615478516,26.522748947143555,-0.4118322432041168
-68.05970001220703,26.522748947143555,-0.5067555904388428
-66.2686538696289,26.522748947143555,-0.551986038684845
-64.47761535644531,26.522748947143555,-0.6117929816246033
-62.68656539916992,26.522748947143555,-0.6402791142463684
-60.89552307128906,26.522748947143555,-0.6384674310684204
-59.10447692871094,26.522748947143555,-0.652734100818634
-57.31343460083008,26.522748947143555,-0.652596652507782
-55.52238845825195,26.522748947143555,-0.6481639742851257
-53.73134231567383,26.522748947143555,-0.6502317190170288
-51.94029998779297,26.522748947143555,-0.5707180500030518
-50.149253845214844,26.522748947143555,-0.47159066796302795
-48.35820770263672,26.522748947143555,-0.3693944215774536
-46.56716537475586,26.522748947143555,-0.2322959303855896
-44.776119232177734,26.522748947143555,-0.08902664482593536
-42.98507308959961,26.522748947143555,0.025700759142637253
-41.19403076171875,26.522748947143555,0.09926281124353409
-39.402984619140625,26.522748947143555,0.1653551161289215
-37.6119384765625,26.522748947143555,0.2535177171230316
-35.82089614868164,26.522748947143555,0.36421191692352295
-34.029850006103516,26.522748947143555,0.46320801973342896
-32.238807678222656,26.522748947143555,0.44850343465805054
-30.44776153564453,26.522748947143555,0.3699303865432739
-28.65671730041504,26.522748947143555,0.294027715921402
-26.865671157836914,26.522748947143555,0.19411087036132812
-25.074626922607422,26.522748947143555,0.10097255557775497
-23.28358268737793,26.522748947143555,0.025914255529642105
-21.492536544799805,26.522748947143555,-0.02963428571820259
-19.701492309570312,26.522748947143555,-0.07692261040210724
-17.91044807434082,26.522748947143555,-0.11883512884378433
-16.119403839111328,26.522748947143555,-0.1723359376192093
-14.32835865020752,26.522748947143555,0.15247249603271484
-12.537313461303711,26.522748947143555,1.5115406513214111
-10.746268272399902,26.522748947143555,1.6156786680221558
-8.95522403717041,26.522748947143555,1.4414840936660767
-7.16417932510376,26.522748947143555,1.2539541721343994
-5.373134136199951,26.522748947143555,1.0690124034881592
-3.58208966255188,26.522748947143555,0.8040019869804382
-1.79104483127594,26.522748947143555,0.6358635425567627
0.0,26.522748947143555,0.45265311002731323
1.79104483127594,26.522748947143555,0.1827588975429535
3.58208966255188,26.522748947143555,-0.17374840378761292
5.373134136199951,26.522748947143555,-0.48394253849983215
7.16417932510376,26.522748947143555,-0.7047528624534607
8.95522403717041,26.522748947143555,-0.8848369121551514
10.746268272399902,26.522748947143555,-1.0536106824874878
12.537313461303711,26.522748947143555,-1.1713570356369019
14.32835865020752,26.522748947143555,-1.2402018308639526
16.119403839111328,26.522748947143555,-1.2152520418167114
17.91044807434082,26.522748947143555,-1.2273130416870117
19.701492309570312,26.522748947143555,-1.2257630825042725
21.492536544799805,26.522748947143555,-0.9446041584014893
23.28358268737793,26.522748947143555,-0.6190769672393799
25.074626922607422,26.522748947143555,-0.1804119050502777
26.865671157836914,26.522748947143555,0.2211826890707016
28.65671730041504,26.522748947143555,0.5589231252670288
30.44776153564453,26.522748947143555,0.7480884790420532
32.238807678222656,26.522748947143555,0.605379045009613
34.029850006103516,26.522748947143555,0.49501481652259827
35.82089614868164,26.522748947143555,0.4880274534225464
37.6119384765625,26.522748947143555,0.47084730863571167
39.402984619140625,26.522748947143555,0.347009539604187
41.19403076171875,26.522748947143555,0.4387873411178589
42.98507308959961,26.522748947143555,0.8081483840942383
44.776119232177734,26.522748947143555,0.9747384190559387
46.56716537475586,26.522748947143555,0.7929093241691589
48.35820770263672,26.522748947143555,0.6707589626312256
50.149253845214844,26.522748947143555,0.2557370364665985
51.94029998779297,26.522748947143555,0.012623469345271587
53.73134231567383,26.522748947143555,0.06287930905818939
55.52238845825195,26.522748947143555,0.06396777182817459
57.31343460083008,26.522748947143555,-0.017629941925406456
59.10447692871094,26.522748947143555,-0.4320484697818756
60.89552307128906,26.522748947143555,-0.708383321762085
62.68656539916992,26.522748947143555,-0.9086708426475525
64.47761535644531,26.522748947143555,-1.077341914176941
66.2686538696289,26.522748947143555,-0.91028892993927
68.05970001220703,26.522748947143555,-0.7448256015777588
69.85074615478516,26.522748947143555,-0.917532742023468
71.64179229736328,26.522748947143555,-1.1118096113204956
73.4328384399414,26.522748947143555,-1.239908218383789
75.223876953125,26.522748947143555,-1.5565874576568604
77.01492309570312,26.522748947143555,-1.4915516376495361
78.80596923828125,26.522748947143555,-1.3210780620574951
80.59701538085938,26.522748947143555,-0.8622971177101135
82.3880615234375,26.522748947143555,-0.05128447338938713
84.17910766601562,26.522748947143555,0.8063101172447205
85.97014617919922,26.522748947143555,1.403047800064087
87.76119232177734,26.522748947143555,1.3633075952529907
89.55223846435547,26.522748947143555,1.262330174446106
91.3432846069336,26.522748947143555,1.3031283617019653
93.13433074951172,26.522748947143555,1.4781010150909424
94.92537689208984,26.522748947143555,1.8906445503234863
96.71641540527344,26.522748947143555,2.1435844898223877
98.50746154785156,26.522748947143555,1.9903676509857178
100.29850769042969,26.522748947143555,1.7246662378311157
102.08955383300781,26.522748947143555,1.0536096096038818
103.88059997558594,26.522748947143555,-0.33112773299217224
105.67163848876953,26.522748947143555,-1.5043561458587646
107.46268463134766,26.522748947143555,-1.79079270362854
109.25373077392578,26.522748947143555,-1.6639305353164673
111.0447769165039,26.522748947143555,-1.527784824371338
112.83582305908203,26.522748947143555,-1.3888174295425415
114.62686920166016,26.522748947143555,-1.3452153205871582
116.41790771484375,26.522748947143555,-1.352692723274231
118.20895385742188,26.522748947143555,-1.489417314529419
120.0,26.522748947143555,-0.5133926272392273
121.79104614257812,26.522748947143555,-0.16202722489833832
123.58209228515625,26.522748947143555,-0.3162422180175781
125.37313079833984,26.522748947143555,-0.453146368265152
127.16417694091797,26.522748947143555,-0.5276572704315186
128.95523071289062,26.522748947143555,-0.48191115260124207
130.7462615966797,26.522748947143555,-0.44676607847213745
132.5373077392578,26.522748947143555,-0.37831687927246094
134.32835388183594,26.522748947143555,-0.3131979703903198
136.11940002441406,26.522748947143555,-0.3125225007534027
137.9104461669922,26.522748947143555,-0.3398665189743042
139.7014923095703,26.522748947143555,-0.42727380990982056
141.49253845214844,26.522748947143555,-0.5739607214927673
143.28358459472656,26.522748947143555,-0.7484185099601746
145.0746307373047,26.522748947143555,-0.9597234129905701
146.8656768798828,26.522748947143555,-1.1015632152557373
148.65672302246094,26.522748947143555,-1.038321852684021
150.44775390625,26.522748947143555,-0.9885348677635193
152.23880004882812,26.522748947143555,-0.978218674659729
154.02984619140625,26.522748947143555,-0.9918386936187744
155.82089233398438,26.522748947143555,-1.0178849697113037
157.6119384765625,26.522748947143555,-0.9350687265396118
159.40298461914062,26.522748947143555,-0.7924801111221313
161.19403076171875,26.522748947143555,-0.6963950991630554
162.98507690429688,26.522748947143555,-0.613345205783844
164.776123046875,26.522748947143555,-0.5868227481842041
166.56716918945312,26.522748947143555,-0.5776012539863586
168.35821533203125,26.522748947143555,-0.5240203142166138
170.1492462158203,26.522748947143555,-0.4218854308128357
171.94029235839844,26.522748947143555,-0.33216285705566406
173.73133850097656,26.522748947143555,-0.3092042803764343
175.5223846435547,26.522748947143555,-0.2740107774734497
177.3134307861328,26.522748947143555,-0.2948859632015228
179.10447692871094,26.522748947143555,-0.40006759762763977
-179.11329650878906,24.915111541748047,-0.4892289340496063
-177.33990478515625,24.915111541748047,-0.5566685199737549
-175.56649780273438,24.915111541748047,-0.5813429355621338
-173.79310607910156,24.915111541748047,-0.5643867254257202
-172.0196990966797,24.915111541748047,-0.5269453525543213
-170.24630737304688,24.915111541748047,-0.46933606266975403
-168.472900390625,24.915111541748047,-0.4015647768974304
-166.6995086669922,24.915111541748047,-0.32930317521095276
-164.9261016845703,24.915111541748047,-0.2545166015625
-163.1527099609375,24.915111541748047,-0.18723627924919128
-161.37930297851562,24.915111541748047,-0.14559809863567352
-159.6059112548828,24.915111541748047,-0.11010081321001053
-157.83251953125,24.915111541748047,-0.07111351937055588
-156.05911254882812,24.915111541748047,-0.030364608392119408
-154.2857208251953,24.915111541748047,0.0006689707515761256
-152.51231384277344,24.915111541748047,0.019519170746207237
-150.73892211914062,24.915111541748047,0.01345647219568491
-148.96551513671875,24.915111541748047,-0.017184829339385033
-147.19212341308594,24.915111541748047,-0.04301535338163376
-145.41871643066406,24.915111541748047,-0.06532453000545502
-143.64532470703125,24.915111541748047,-0.09590530395507812
-141.87191772460938,24.915111541748047,-0.10815226286649704
-140.09852600097656,24.915111541748047,-0.10105863958597183
-138.3251190185547,24.915111541748047,-0.07254015654325485
-136.55172729492188,24.915111541748047,-0.04261646419763565
-134.7783203125,24.915111541748047,-0.02337271347641945
-133.0049285888672,24.915111541748047,-0.02880147285759449
-131.2315216064453,24.915111541748047,-0.05444539338350296
-129.4581298828125,24.915111541748047,-0.08014990389347076
-127.68473052978516,24.915111541748047,-0.05020205304026604
-125.91133117675781,24.915111541748047,0.03752930834889412
-124.13793182373047,24.915111541748047,0.14234669506549835
-122.36453247070312,24.915111541748047,0.2336973249912262
-120.59113311767578,24.915111541748047,0.3108809292316437
-118.81773376464844,24.915111541748047,0.3866451382637024
-117.0443344116211,24.915111541748047,0.4360440671443939
-115.27093505859375,24.915111541748047,0.42824485898017883
-113.4975357055664,24.915111541748047,0.2938205599784851
-111.72413635253906,24.915111541748047,-1.017956018447876
-109.95073699951172,24.915111541748047,-0.43824324011802673
-108.17733764648438,24.915111541748047,-0.9800823330879211
-106.40393829345703,24.915111541748047,-1.292141318321228
-104.63053894042969,24.915111541748047,-0.8722541332244873
-102.85713958740234,24.915111541748047,-0.7343395948410034
-101.083740234375,24.915111541748047,-0.6638015508651733
-99.31034851074219,24.915111541748047,-0.5242471694946289
-97.53694915771484,24.915111541748047,-0.22170327603816986
-95.7635498046875,24.915111541748047,0.056751251220703125
-93.99015045166016,24.915111541748047,0.15967832505702972
-92.21675109863281,24.915111541748047,0.21277682483196259
-90.44335174560547,24.915111541748047,0.22232602536678314
-88.66995239257812,24.915111541748047,0.21132786571979523
-86.89655303955078,24.915111541748047,0.167234867811203
-85.12315368652344,24.915111541748047,0.11416549980640411
-83.3497543334961,24.915111541748047,0.07987906038761139
-81.57635498046875,24.915111541748047,0.08622544258832932
-79.8029556274414,24.915111541748047,0.09264659881591797
-78.02955627441406,24.915111541748047,0.0846261978149414
-76.25615692138672,24.915111541748047,-0.026892216876149178
-74.48275756835938,24.915111541748047,-0.1334220916032791
-72.70935821533203,24.915111541748047,-0.23522885143756866
-70.93595886230469,24.915111541748047,-0.33727142214775085
-69.16255950927734,24.915111541748047,-0.4361501634120941
-67.38916015625,24.915111541748047,-0.5084125399589539
-65.61576080322266,24.915111541748047,-0.5527803897857666
-63.84236526489258,24.915111541748047,-0.5826889276504517
-62.068965911865234,24.915111541748047,-0.5821446776390076
-60.29556655883789,24.915111541748047,-0.5688737034797668
-58.52216720581055,24.915111541748047,-0.5380926132202148
-56.7487678527832,24.915111541748047,-0.4787948727607727
-54.97536849975586,24.915111541748047,-0.40209299325942993
-53.201969146728516,24.915111541748047,-0.32493725419044495
-51.42856979370117,24.915111541748047,-0.23988381028175354
-49.655174255371094,24.915111541748047,-0.138392835855484
-47.88177490234375,24.915111541748047,-0.022988319396972656
-46.108375549316406,24.915111541748047,0.1133178099989891
-44.33497619628906,24.915111541748047,0.26053065061569214
-42.56157684326172,24.915111541748047,0.3606187701225281
-40.788177490234375,24.915111541748047,0.3980761170387268
-39.01477813720703,24.915111541748047,0.42747199535369873
-37.24137878417969,24.915111541748047,0.46598491072654724
-35.467979431152344,24.915111541748047,0.4965943694114685
-33.694580078125,24.915111541748047,0.48656076192855835
-31.92118263244629,24.915111541748047,0.42868927121162415
-30.147783279418945,24.915111541748047,0.34562167525291443
-28.3743839263916,24.915111541748047,0.2718943953514099
-26.600984573364258,24.915111541748047,0.2142571061849594
-24.827587127685547,24.915111541748047,0.17823632061481476
-23.054187774658203,24.915111541748047,0.1536141037940979
-21.28078842163086,24.915111541748047,0.11777661740779877
-19.507389068603516,24.915111541748047,0.06761392205953598
-17.733989715576172,24.915111541748047,0.007737032603472471
-15.960591316223145,24.915111541748047,-0.05667419359087944
-14.1871919631958,24.915111541748047,1.5824956893920898
-12.413793563842773,24.915111541748047,1.896030068397522
-10.64039421081543,24.915111541748047,1.890098214149475
-8.866994857788086,24.915111541748047,1.6188534498214722
-7.0935959815979,24.915111541748047,1.3205606937408447
-5.320197105407715,24.915111541748047,1.0791767835617065
-3.54679799079895,24.915111541748047,0.8205443024635315
-1.773398995399475,24.915111541748047,0.5959759950637817
0.0,24.915111541748047,0.3791225552558899
1.773398995399475,24.915111541748047,0.15948976576328278
3.54679799079895,24.915111541748047,-0.14221636950969696
5.320197105407715,24.915111541748047,-0.36703789234161377
7.0935959815979,24.915111541748047,-0.49180513620376587
8.866994857788086,24.915111541748047,-0.5731416940689087
10.64039421081543,24.915111541748047,-0.7242934703826904
12.413793563842773,24.915111541748047,-0.834834098815918
14.1871919631958,24.915111541748047,-0.868853747844696
15.960591316223145,24.915111541748047,-0.9132801294326782
17.733989715576172,24.915111541748047,-0.966874361038208
19.507389068603516,24.915111541748047,-0.8847616314888
21.28078842163086,24.915111541748047,-0.7186648845672607
23.054187774658203,24.915111541748047,-0.41418227553367615
24.827587127685547,24.915111541748047,-0.09714648127555847
26.600984573364258,24.915111541748047,0.26908689737319946
28.3743839263916,24.915111541748047,0.7629938721656799
30.147783279418945,24.915111541748047,0.8852943778038025
31.92118263244629,24.915111541748047,0.6945726871490479
33.694580078125,24.915111541748047,0.5452545285224915
35.467979431152344,24.915111541748047,0.4205850660800934
37.24137878417969,24.915111541748047,0.4357847273349762
39.01477813720703,24.915111541748047,0.21687552332878113
40.788177490234375,24.915111541748047,0.29540807008743286
42.56157684326172,24.915111541748047,0.6319817304611206
44.33497619628906,24.915111541748047,0.7649907469749451
46.108375549316406,24.915111541748047,0.6257614493370056
47.88177490234375,24.915111541748047,0.4584636688232422
49.655174255371094,24.915111541748047,0.43959590792655945
51.42856979370117,24.915111541748047,0.17507979273796082
53.201969146728516,24.915111541748047,-0.060584958642721176
54.97536849975586,24.915111541748047,0.2298746109008789
56.7487678527832,24.915111541748047,-0.02065684087574482
58.52216720581055,24.915111541748047,-0.14222627878189087
60.29556655883789,24.915111541748047,-0.2064940184354782
62.068965911865234,24.915111541748047,-0.3058432936668396
63.84236526489258,24.915111541748047,-0.3707541823387146
65.61576080322266,24.915111541748047,-0.4385770261287689
67.38916015625,24.915111541748047,-0.44970619678497314
69.16255950927734,24.915111541748047,-0.5515912771224976
70.93595886230469,24.915111541748047,-0.7385069727897644
72.70935821533203,24.915111541748047,-0.9522901773452759
74.48275756835938,24.915111541748047,-1.1086642742156982
76.25615692138672,24.915111541748047,-1.2384635210037231
78.02955627441406,24.915111541748047,-1.4454169273376465
79.8029556274414,24.915111541748047,-1.4546780586242676
81.57635498046875,24.915111541748047,-0.8202089071273804
83.3497543334961,24.915111541748047,0.03185971453785896
85.12315368652344,24.915111541748047,1.0280845165252686
86.89655303955078,24.915111541748047,1.4189313650131226
88.66995239257812,24.915111541748047,1.5060951709747314
90.44335174560547,24.915111541748047,1.5802311897277832
92.21675109863281,24.915111541748047,1.375051498413086
93.99015045166016,24.915111541748047,1.945788025856018
95.7635498046875,24.915111541748047,2.4182934761047363
97.53694915771484,24.915111541748047,2.234745740890503
99.31034851074219,24.915111541748047,1.8281238079071045
101.083740234375,24.915111541748047,1.5278681516647339
102.85713958740234,24.915111541748047,0.8007439970970154
104.63053894042969,24.915111541748047,-0.5382705330848694
106.40393829345703,24.915111541748047,-1.4128538370132446
108.17733764648438,24.915111541748047,-1.705716609954834
109.95073699951172,24.915111541748047,-1.6669132709503174
111.72413635253906,24.915111541748047,-1.5506476163864136
113.4975357055664,24.915111541748047,-1.3928191661834717
115.27093505859375,24.915111541748047,-1.3067823648452759
117.0443344116211,24.915111541748047,-1.3535317182540894
118.81773376464844,24.915111541748047,-0.691010057926178
120.59113311767578,24.915111541748047,-0.33646348118782043
122.36453247070312,24.915111541748047,-0.26644763350486755
124.13793182373047,24.915111541748047,-0.32339903712272644
125.91133117675781,24.915111541748047,-0.3827112317085266
127.68473052978516,24.915111541748047,-0.3615400195121765
129.4581298828125,24.915111541748047,-0.2933024764060974
131.2315216064453,24.915111541748047,-0.22440186142921448
133.0049285888672,24.915111541748047,-0.18843351304531097
134.7783203125,24.915111541748047,-0.1947740614414215
136.55172729492188,24.915111541748047,-0.22089029848575592
138.3251190185547,24.915111541748047,-0.24718564748764038
140.09852600097656,24.915111541748047,-0.2923208177089691
141.87191772460938,24.915111541748047,-0.37202414870262146
143.64532470703125,24.915111541748047,-0.4818148910999298
145.41871643066406,24.915111541748047,-0.5845334529876709
147.19212341308594,24.915111541748047,-0.6608779430389404
148.96551513671875,24.915111541748047,-0.7100780010223389
150.73892211914062,24.915111541748047,-0.7487226724624634
152.51231384277344,24.915111541748047,-0.77275550365448
154.2857208251953,24.915111541748047,-0.7679980993270874
156.05911254882812,24.915111541748047,-0.7298259735107422
157.83251953125,24.915111541748047,-0.6525605320930481
159.6059112548828,24.915111541748047,-0.5491257905960083
161.37930297851562,24.915111541748047,-0.47650566697120667
163.1527099609375,24.915111541748047,-0.4862740933895111
164.9261016845703,24.915111541748047,-0.5299943685531616
166.6995086669922,24.915111541748047,-0.5539185404777527
168.472900390625,24.915111541748047,-0.5435945987701416
170.24630737304688,24.915111541748047,-0.5065163969993591
172.0196990966797,24.915111541748047,-0.4344201385974884
173.79310607910156,24.915111541748047,-0.35893604159355164
175.56649780273438,24.915111541748047,-0.30459144711494446
177.33990478515625,24.915111541748047,-0.31773751974105835
179.11329650878906,24.915111541748047,-0.40274015069007874
-179.126220703125,23.308677673339844,-0.5470747351646423
-177.37864685058594,23.308677673339844,-0.5865001082420349
-175.63107299804688,23.308677673339844,-0.5487238168716431
-173.8834991455078,23.308677673339844,-0.4583972990512848
-172.13592529296875,23.308677673339844,-0.4491826295852661
-170.3883514404297,23.308677673339844,-0.4324790835380554
-168.64077758789062,23.308677673339844,-0.3613636791706085
-166.89320373535156,23.308677673339844,-0.2973611056804657
-165.1456298828125,23.308677673339844,-0.19816221296787262
-163.39805603027344,23.308677673339844,-0.08652312308549881
-161.65048217773438,23.308677673339844,-0.04044481739401817
-159.9029083251953,23.308677673339844,0.03618361055850983
-158.15533447265625,23.308677673339844,0.10260537266731262
-156.4077606201172,23.308677673339844,0.05916983261704445
-154.66018676757812,23.308677673339844,0.014411544427275658
-152.91262817382812,23.308677673339844,0.0069478354416787624
-151.16505432128906,23.308677673339844,0.06583334505558014
-149.41748046875,23.308677673339844,0.07380123436450958
-147.66990661621094,23.308677673339844,0.0781085342168808
-145.92233276367188,23.308677673339844,0.10642331093549728
-144.1747589111328,23.308677673339844,0.10928013920783997
-142.42718505859375,23.308677673339844,0.0725986510515213
-140.6796112060547,23.308677673339844,0.04046465456485748
-138.93203735351562,23.308677673339844,0.046823374927043915
-137.18446350097656,23.308677673339844,0.03760337829589844
-135.4368896484375,23.308677673339844,0.012067222967743874
-133.68931579589844,23.308677673339844,-0.026444561779499054
-131.94174194335938,23.308677673339844,-0.0534718818962574
-130.1941680908203,23.308677673339844,-0.10212046653032303
-128.4466094970703,23.308677673339844,-0.13549448549747467
-126.69902801513672,23.308677673339844,-0.04126345366239548
-124.95145416259766,23.308677673339844,0.08282254636287689
-123.2038803100586,23.308677673339844,0.20192235708236694
-121.45631408691406,23.308677673339844,0.2815502882003784
-119.708740234375,23.308677673339844,0.35671329498291016
-117.96116638183594,23.308677673339844,0.4127334654331207
-116.21359252929688,23.308677673339844,0.4142047166824341
-114.46601867675781,23.308677673339844,0.3859711289405823
-112.71844482421875,23.308677673339844,0.13903337717056274
-110.97087097167969,23.308677673339844,-0.38748493790626526
-109.22330474853516,23.308677673339844,-1.00732421875
-107.4757308959961,23.308677673339844,-1.0468264818191528
-105.72815704345703,23.308677673339844,-1.0770717859268188
-103.98058319091797,23.308677673339844,-0.9157218337059021
-102.2330093383789,23.308677673339844,-0.5242145657539368
-100.48543548583984,23.308677673339844,-0.17168667912483215
-98.73786163330078,23.308677673339844,-0.6406644582748413
-96.99028778076172,23.308677673339844,0.062153372913599014
-95.24272155761719,23.308677673339844,0.19424520432949066
-93.49514770507812,23.308677673339844,0.3034531772136688
-91.74757385253906,23.308677673339844,0.3127613067626953
-90.0,23.308677673339844,0.27563413977622986
-88.25242614746094,23.308677673339844,0.22689729928970337
-86.50485229492188,23.308677673339844,0.18005548417568207
-84.75727844238281,23.308677673339844,0.13158994913101196
-83.00971221923828,23.308677673339844,0.10343735665082932
-81.26213836669922,23.308677673339844,0.11589571833610535
-79.51456451416016,23.308677673339844,0.06945629417896271
-77.7669906616211,23.308677673339844,0.040044911205768585
-76.01941680908203,23.308677673339844,-0.007963625714182854
-74.27184295654297,23.308677673339844,-0.06488628685474396
-72.5242691040039,23.308677673339844,-0.16693013906478882
-70.77669525146484,23.308677673339844,-0.2913126051425934
-69.02912902832031,23.308677673339844,-0.40114936232566833
-67.28155517578125,23.308677673339844,-0.4595756530761719
-65.53398132324219,23.308677673339844,-0.48560091853141785
-63.786407470703125,23.308677673339844,-0.5018328428268433
-62.03883361816406,23.308677673339844,-0.4872114062309265
-60.291263580322266,23.308677673339844,-0.45626112818717957
-58.5436897277832,23.308677673339844,-0.401788592338562
-56.79611587524414,23.308677673339844,-0.28201866149902344
-55.04854202270508,23.308677673339844,-0.14696629345417023
-53.30097198486328,23.308677673339844,-0.026200104504823685
-51.55339813232422,23.308677673339844,0.045180004090070724
-49.805824279785156,23.308677673339844,0.14371122419834137
-48.05825424194336,23.308677673339844,0.259278804063797
-46.3106803894043,23.308677673339844,0.38952603936195374
-44.563106536865234,23.308677673339844,0.5867640376091003
-42.81553268432617,23.308677673339844,0.7114606499671936
-41.067962646484375,23.308677673339844,0.6919026970863342
-39.32038879394531,23.308677673339844,0.6791684627532959
-37.57281494140625,23.308677673339844,0.6653906106948853
-35.82524108886719,23.308677673339844,0.6138144731521606
-34.07767105102539,23.308677673339844,0.5184305906295776
-32.33009719848633,23.308677673339844,0.4331732988357544
-30.582523345947266,23.308677673339844,0.35610130429267883
-28.834951400756836,23.308677673339844,0.2793916165828705
-27.087379455566406,23.308677673339844,0.265835702419281
-25.339805603027344,23.308677673339844,0.28816917538642883
-23.592233657836914,23.308677673339844,0.3172147870063782
-21.84465980529785,23.308677673339844,0.3011786639690399
-20.097087860107422,23.308677673339844,0.23792202770709991
-18.34951400756836,23.308677673339844,0.1537950485944748
-16.60194206237793,23.308677673339844,0.14910456538200378
-14.854369163513184,23.308677673339844,1.591697335243225
-13.106796264648438,23.308677673339844,1.8290048837661743
-11.359223365783691,23.308677673339844,1.8589636087417603
-9.611650466918945,23.308677673339844,1.651753544807434
-7.864077568054199,23.308677673339844,1.393465280532837
-6.116504669189453,23.308677673339844,1.109081745147705
-4.368932247161865,23.308677673339844,0.8411917090415955
-2.62135910987854,23.308677673339844,0.5959042906761169
-0.8737863898277283,23.308677673339844,0.39194533228874207
0.8737863898277283,23.308677673339844,0.25493118166923523
2.62135910987854,23.308677673339844,-0.0010332107776775956
4.368932247161865,23.308677673339844,-0.23766130208969116
6.116504669189453,23.308677673339844,-0.3498006761074066
7.864077568054199,23.308677673339844,-0.31136131286621094
9.611650466918945,23.308677673339844,-0.3554593324661255
11.359223365783691,23.308677673339844,-0.436970591545105
13.106796264648438,23.308677673339844,-0.48516711592674255
14.854369163513184,23.308677673339844,-0.5309835076332092
16.60194206237793,23.308677673339844,-0.6014551520347595
18.34951400756836,23.308677673339844,-0.6637644171714783
20.097087860107422,23.308677673339844,-0.6239110827445984
21.84465980529785,23.308677673339844,-0.39480388164520264
23.592233657836914,23.308677673339844,-0.19130471348762512
25.339805603027344,23.308677673339844,0.11454861611127853
27.087379455566406,23.308677673339844,0.39681193232536316
28.834951400756836,23.308677673339844,0.6643127799034119
30.582523345947266,23.308677673339844,0.6898195147514343
32.33009719848633,23.308677673339844,0.5027742385864258
34.07767105102539,23.308677673339844,0.5248655080795288
35.82524108886719,23.308677673339844,0.38336530327796936
37.57281494140625,23.308677673339844,0.2798239290714264
39.32038879394531,23.308677673339844,0.23841305077075958
41.067962646484375,23.308677673339844,0.30529963970184326
42.81553268432617,23.308677673339844,0.6046193838119507
44.563106536865234,23.308677673339844,0.6555138230323792
46.3106803894043,23.308677673339844,0.5126470327377319
48.05825424194336,23.308677673339844,0.36705684661865234
49.805824279785156,23.308677673339844,0.44155317544937134
51.55339813232422,23.308677673339844,0.380778431892395
53.30097198486328,23.308677673339844,0.35729682445526123
55.04854202270508,23.308677673339844,0.3141250014305115
56.79611587524414,23.308677673339844,0.1131056472659111
58.5436897277832,23.308677673339844,-0.1285860687494278
60.291263580322266,23.308677673339844,-0.1632860153913498
62.03883361816406,23.308677673339844,-0.2292916625738144
63.786407470703125,23.308677673339844,-0.33309319615364075
65.53398132324219,23.308677673339844,-0.4393842816352844
67.28155517578125,23.308677673339844,-0.4803769290447235
69.02912902832031,23.308677673339844,-0.3981160521507263
70.77669525146484,23.308677673339844,-0.5120863318443298
72.5242691040039,23.308677673339844,-0.7497265934944153
74.27184295654297,23.308677673339844,-0.8373631834983826
76.01941680908203,23.308677673339844,-0.9487512707710266
77.7669906616211,23.308677673339844,-1.2307316064834595
79.51456451416016,23.308677673339844,-1.5026352405548096
81.26213836669922,23.308677673339844,-1.0902297496795654
83.00971221923828,23.308677673339844,-0.3951762020587921
84.75727844238281,23.308677673339844,0.6705476641654968
86.50485229492188,23.308677673339844,1.2809052467346191
88.25242614746094,23.308677673339844,1.3903862237930298
90.0,23.308677673339844,1.6891849040985107
91.74757385253906,23.308677673339844,1.7366409301757812
93.49514770507812,23.308677673339844,2.0851433277130127
95.24272155761719,23.308677673339844,2.4418275356292725
96.99028778076172,23.308677673339844,2.349083662033081
98.73786163330078,23.308677673339844,2.217600107192993
100.48543548583984,23.308677673339844,1.7928483486175537
102.2330093383789,23.308677673339844,1.112443447113037
103.98058319091797,23.308677673339844,0.05259818956255913
105.72815704345703,23.308677673339844,-0.8182265758514404
107.4757308959961,23.308677673339844,-1.2341231107711792
109.22330474853516,23.308677673339844,-1.4031221866607666
110.97087097167969,23.308677673339844,-1.4306740760803223
112.71844482421875,23.308677673339844,-1.3016712665557861
114.46601867675781,23.308677673339844,-1.3798191547393799
116.21359252929688,23.308677673339844,-1.3012292385101318
117.96116638183594,23.308677673339844,0.025543848052620888
119.708740234375,23.308677673339844,-0.15905049443244934
121.45631408691406,23.308677673339844,-0.6629785299301147
123.2038803100586,23.308677673339844,-0.2088882476091385
124.95145416259766,23.308677673339844,-0.2517613172531128
126.69902801513672,23.308677673339844,-0.2522214949131012
128.4466094970703,23.308677673339844,-0.16028524935245514
130.1941680908203,23.308677673339844,-0.03538703918457031
131.94174194335938,23.308677673339844,0.038564808666706085
133.68931579589844,23.308677673339844,-0.01779073104262352
135.4368896484375,23.308677673339844,-0.07191378623247147
137.18446350097656,23.308677673339844,-0.09899444878101349
138.93203735351562,23.308677673339844,-0.11074098199605942
140.6796112060547,23.308677673339844,-0.11095905303955078
142.42718505859375,23.308677673339844,-0.1358182281255722
144.1747589111328,23.308677673339844,-0.16830971837043762
145.92233276367188,23.308677673339844,-0.1544223129749298
147.66990661621094,23.308677673339844,-0.26707273721694946
149.41748046875,23.308677673339844,-0.4369657635688782
151.16505432128906,23.308677673339844,-0.533552885055542
152.91262817382812,23.308677673339844,-0.5808575749397278
154.66018676757812,23.308677673339844,-0.5642676949501038
156.4077606201172,23.308677673339844,-0.48671677708625793
158.15533447265625,23.308677673339844,-0.44261297583580017
159.9029083251953,23.308677673339844,-0.356929212808609
161.65048217773438,23.308677673339844,-0.28675854206085205
163.39805603027344,23.308677673339844,-0.42101600766181946
165.1456298828125,23.308677673339844,-0.5092042684555054
166.89320373535156,23.308677673339844,-0.5402209162712097
168.64077758789062,23.308677673339844,-0.5882431864738464
170.3883514404297,23.308677673339844,-0.609237015247345
172.13592529296875,23.308677673339844,-0.5653945207595825
173.8834991455078,23.308677673339844,-0.44959062337875366
175.63107299804688,23.308677673339844,-0.36497369408607483
177.37864685058594,23.308677673339844,-0.374929815530777
179.126220703125,23.308677673339844,-0.46438801288604736
-179.13461303710938,21.702112197875977,-0.6588829159736633
-177.40383911132812,21.702112197875977,-0.6798884868621826
-175.67308044433594,21.702112197875977,-0.6178387403488159
-173.9423065185547,21.702112197875977,-0.5149791240692139
-172.21153259277344,21.702112197875977,-0.5060511827468872
-170.48077392578125,21.702112197875977,-0.5068767070770264
-168.75,21.702112197875977,-0.4464845657348633
-167.01922607421875,21.702112197875977,-0.36165592074394226
-165.28846740722656,21.702112197875977,-0.23933500051498413
-163.5576934814453,21.702112197875977,-0.1019403487443924
-161.82691955566406,21.702112197875977,-0.03172016143798828
-160.09616088867188,21.702112197875977,0.07139148563146591
-158.36538696289062,21.702112197875977,0.1841651350259781
-156.63461303710938,21.702112197875977,0.11309324949979782
-154.90383911132812,21.702112197875977,0.06880601495504379
-153.17308044433594,21.702112197875977,0.06373386085033417
-151.4423065185547,21.702112197875977,0.1650574952363968
-149.71153259277344,21.702112197875977,0.22630088031291962
-147.98077392578125,21.702112197875977,0.24685662984848022
-146.25,21.702112197875977,0.27021706104278564
-144.51922607421875,21.702112197875977,0.2472093552350998
-142.78846740722656,21.702112197875977,0.18882770836353302
-141.0576934814453,21.702112197875977,0.13490422070026398
-139.32691955566406,21.702112197875977,0.12425155937671661
-137.59616088867188,21.702112197875977,0.1019921600818634
-135.86538696289062,21.702112197875977,0.05394350737333298
-134.13461303710938,21.702112197875977,-0.0010269165504723787
-132.40383911132812,21.702112197875977,-0.040952492505311966
-130.67308044433594,21.702112197875977,-0.0851074829697609
-128.9423065185547,21.702112197875977,-0.13965129852294922
-127.21154022216797,21.702112197875977,-0.08458035439252853
-125.48076629638672,21.702112197875977,0.031168747693300247
-123.75,21.702112197875977,0.15176455676555634
-122.01923370361328,21.702112197875977,0.2377047836780548
-120.28845977783203,21.702112197875977,0.3118637800216675
-118.55769348144531,21.702112197875977,0.3762243986129761
-116.82691955566406,21.702112197875977,0.3837442994117737
-115.09615325927734,21.702112197875977,0.3642424941062927
-113.36538696289062,21.702112197875977,0.23581179976463318
-111.63461303710938,21.702112197875977,-0.21901054680347443
-109.90384674072266,21.702112197875977,-0.7602970004081726
-108.17308044433594,21.702112197875977,-1.127004861831665
-106.44230651855469,21.702112197875977,-1.0127290487289429
-104.71154022216797,21.702112197875977,-0.9688627123832703
-102.98076629638672,21.702112197875977,-0.6646091938018799
-101.25,21.702112197875977,-0.13388894498348236
-99.51923370361328,21.702112197875977,-0.6141356825828552
-97.78845977783203,21.702112197875977,-0.36770567297935486
-96.05769348144531,21.702112197875977,0.20284830033779144
-94.32691955566406,21.702112197875977,0.35128530859947205
-92.59615325927734,21.702112197875977,0.4144437909126282
-90.86538696289062,21.702112197875977,0.38013821840286255
-89.13461303710938,21.702112197875977,0.3214527666568756
-87.40384674072266,21.702112197875977,0.39439868927001953
-85.67308044433594,21.702112197875977,0.18232987821102142
-83.94230651855469,21.702112197875977,0.14532692730426788
-82.21154022216797,21.702112197875977,0.0988389328122139
-80.48076629638672,21.702112197875977,0.06349913030862808
-78.75,21.702112197875977,0.09532705694437027
-77.01923370361328,21.702112197875977,0.019967079162597656
-75.28845977783203,21.702112197875977,0.002262369729578495
-73.55769348144531,21.702112197875977,-0.03268572315573692
-71.82691955566406,21.702112197875977,-0.14319585263729095
-70.09615325927734,21.702112197875977,-0.24617354571819305
-68.36538696289062,21.702112197875977,-0.33567148447036743
-66.63461303710938,21.702112197875977,-0.36519986391067505
-64.90384674072266,21.702112197875977,-0.3738974332809448
-63.17307662963867,21.702112197875977,-0.35688552260398865
-61.44230651855469,21.702112197875977,-0.3142867386341095
-59.71154022216797,21.702112197875977,-0.2621219754219055
-57.980770111083984,21.702112197875977,-0.16923503577709198
-56.25,21.702112197875977,-0.024514706805348396
-54.519229888916016,21.702112197875977,0.11228033900260925
-52.78845977783203,21.702112197875977,0.20929940044879913
-51.05769348144531,21.702112197875977,0.27906253933906555
-49.32692337036133,21.702112197875977,0.38017895817756653
-47.596153259277344,21.702112197875977,0.48734351992607117
-45.86538314819336,21.702112197875977,0.6270660161972046
-44.13461685180664,21.702112197875977,0.8239107728004456
-42.403846740722656,21.702112197875977,0.8999621868133545
-40.67307662963867,21.702112197875977,0.8909817337989807
-38.94230651855469,21.702112197875977,0.8681591153144836
-37.21154022216797,21.702112197875977,0.8021103143692017
-35.480770111083984,21.702112197875977,0.6843840479850769
-33.75,21.702112197875977,0.5372667908668518
-32.019229888916016,21.702112197875977,0.4447769820690155
-30.288461685180664,21.702112197875977,0.37406864762306213
-28.55769157409668,21.702112197875977,0.32857373356819153
-26.826923370361328,21.702112197875977,0.3643292188644409
-25.096153259277344,21.702112197875977,0.4270985424518585
-23.365385055541992,21.702112197875977,0.469926655292511
-21.634614944458008,21.702112197875977,0.45012015104293823
-19.903846740722656,21.702112197875977,0.3836282789707184
-18.173076629638672,21.702112197875977,0.2934892773628235
-16.44230842590332,21.702112197875977,1.4051412343978882
-14.711538314819336,21.702112197875977,1.5349491834640503
-12.980769157409668,21.702112197875977,1.6595807075500488
-11.25,21.702112197875977,1.5560729503631592
-9.519230842590332,21.702112197875977,1.3538233041763306
-7.788461685180664,21.702112197875977,1.1342989206314087
-6.057692527770996,21.702112197875977,0.9309621453285217
-4.32692289352417,21.702112197875977,0.6528703570365906
-2.596153736114502,21.702112197875977,0.4181863069534302
-0.8653846383094788,21.702112197875977,0.2878821790218353
0.8653846383094788,21.702112197875977,0.16621188819408417
2.596153736114502,21.702112197875977,0.05273488536477089
4.32692289352417,21.702112197875977,-0.06735299527645111
6.057692527770996,21.702112197875977,-0.13326454162597656
7.788461685180664,21.702112197875977,-0.07224655151367188
9.519230842590332,21.702112197875977,0.0071272533386945724
11.25,21.702112197875977,-0.0015438080299645662
12.980769157409668,21.702112197875977,-0.10535996407270432
14.711538314819336,21.702112197875977,-0.2342829406261444
16.44230842590332,21.702112197875977,-0.31255900859832764
18.173076629638672,21.702112197875977,-0.3501836061477661
19.903846740722656,21.702112197875977,-0.36203059554100037
21.634614944458008,21.702112197875977,-0.27782395482063293
23.365385055541992,21.702112197875977,-0.07184791564941406
25.096153259277344,21.702112197875977,0.10424912720918655
26.826923370361328,21.702112197875977,0.3250613510608673
28.55769157409668,21.702112197875977,0.5170751810073853
30.288461685180664,21.702112197875977,0.5764736533164978
32.019229888916016,21.702112197875977,0.5085657835006714
33.75,21.702112197875977,0.5258878469467163
35.480770111083984,21.702112197875977,0.5427101850509644
37.21154022216797,21.702112197875977,0.2869536578655243
38.94230651855469,21.702112197875977,0.26835379004478455
40.67307662963867,21.702112197875977,0.26027411222457886
42.403846740722656,21.702112197875977,0.6467995047569275
44.13461685180664,21.702112197875977,0.7684789896011353
45.86538314819336,21.702112197875977,0.7200466990470886
47.596153259277344,21.702112197875977,0.6275890469551086
49.32692337036133,21.702112197875977,0.5271080732345581
51.05769348144531,21.702112197875977,0.592136025428772
52.78845977783203,21.702112197875977,0.4862099885940552
54.519229888916016,21.702112197875977,0.2509135603904724
56.25,21.702112197875977,0.11071885377168655
57.980770111083984,21.702112197875977,-0.04416262358427048
59.71154022216797,21.702112197875977,-0.10593490302562714
61.44230651855469,21.702112197875977,-0.1489066481590271
63.17307662963867,21.702112197875977,-0.24412721395492554
64.90384674072266,21.702112197875977,-0.35724180936813354
66.63461303710938,21.702112197875977,-0.433040052652359
68.36538696289062,21.702112197875977,-0.41867637634277344
70.09615325927734,21.702112197875977,-0.4103960692882538
71.82691955566406,21.702112197875977,-0.440617173910141
73.55769348144531,21.702112197875977,-0.5421497225761414
75.28845977783203,21.702112197875977,-0.689464807510376
77.01923370361328,21.702112197875977,-0.9183451533317566
78.75,21.702112197875977,-1.1503922939300537
80.48076629638672,21.702112197875977,-1.0484825372695923
82.21154022216797,21.702112197875977,-0.5594876408576965
83.94230651855469,21.702112197875977,-0.03613853454589844
85.67308044433594,21.702112197875977,0.8255398273468018
87.40384674072266,21.702112197875977,0.7402584552764893
89.13461303710938,21.702112197875977,0.5846070051193237
90.86538696289062,21.702112197875977,0.3040545880794525
92.59615325927734,21.702112197875977,1.6347681283950806
94.32691955566406,21.702112197875977,1.9182450771331787
96.05769348144531,21.702112197875977,1.939832329750061
97.78845977783203,21.702112197875977,1.7433136701583862
99.51923370361328,21.702112197875977,1.7260019779205322
101.25,21.702112197875977,1.289056658744812
102.98076629638672,21.702112197875977,0.5048664808273315
104.71154022216797,21.702112197875977,-0.3146643340587616
106.44230651855469,21.702112197875977,-0.7555080652236938
108.17308044433594,21.702112197875977,-0.587703287601471
109.90384674072266,21.702112197875977,-0.9345409274101257
111.63461303710938,21.702112197875977,-0.7357557415962219
113.36538696289062,21.702112197875977,-0.1463172286748886
115.09615325927734,21.702112197875977,-0.040417734533548355
116.82691955566406,21.702112197875977,-0.041090838611125946
118.55769348144531,21.702112197875977,-0.07329743355512619
120.28845977783203,21.702112197875977,-0.1323920637369156
122.01923370361328,21.702112197875977,-0.15092386305332184
123.75,21.702112197875977,-0.14840933680534363
125.48076629638672,21.702112197875977,-0.14196541905403137
127.21154022216797,21.702112197875977,-0.08764788508415222
128.9423065185547,21.702112197875977,0.03446916118264198
130.67308044433594,21.702112197875977,0.1507810652256012
132.40383911132812,21.702112197875977,0.1628071516752243
134.13461303710938,21.702112197875977,0.07608585059642792
135.86538696289062,21.702112197875977,0.016791407018899918
137.59616088867188,21.702112197875977,0.0009605407831259072
139.32691955566406,21.702112197875977,0.020449575036764145
141.0576934814453,21.702112197875977,0.05351244658231735
142.78846740722656,21.702112197875977,0.056504059582948685
144.51922607421875,21.702112197875977,0.06399224698543549
146.25,21.702112197875977,0.08418203890323639
147.98077392578125,21.702112197875977,-0.08548609167337418
149.71153259277344,21.702112197875977,-0.2860625684261322
151.4423065185547,21.702112197875977,-0.40805137157440186
153.17308044433594,21.702112197875977,-0.4773452877998352
154.90383911132812,21.702112197875977,-0.473185271024704
156.63461303710938,21.702112197875977,-0.4262951612472534
158.36538696289062,21.702112197875977,-0.43096840381622314
160.09616088867188,21.702112197875977,-0.39632612466812134
161.82691955566406,21.702112197875977,-0.38289469480514526
163.5576934814453,21.702112197875977,-0.5251151323318481
165.28846740722656,21.702112197875977,-0.6000184416770935
167.01922607421875,21.702112197875977,-0.619142472743988
168.75,21.702112197875977,-0.6556112766265869
170.48077392578125,21.702112197875977,-0.6763238310813904
172.21153259277344,21.702112197875977,-0.6436620950698853
173.9423065185547,21.702112197875977,-0.5478059649467468
175.67308044433594,21.702112197875977,-0.4868975877761841
177.40383911132812,21.702112197875977,-0.5027625560760498
179.13461303710938,21.702112197875977,-0.5808858275413513
-179.1469268798828,20.094221115112305,-0.8001605272293091
-177.44076538085938,20.094221115112305,-0.8184418082237244
-175.73460388183594,20.094221115112305,-0.7682175040245056
-174.0284423828125,20.094221115112305,-0.712355375289917
-172.32228088378906,20.094221115112305,-0.6827318668365479
-170.61611938476562,20.094221115112305,-0.6700889468193054
-168.9099578857422,20.094221115112305,-0.6287387609481812
-167.20379638671875,20.094221115112305,-0.5281094908714294
-165.4976348876953,20.094221115112305,-0.3851127028465271
-163.79147338867188,20.094221115112305,-0.2482394576072693
-162.08531188964844,20.094221115112305,-0.13345381617546082
-160.379150390625,20.094221115112305,-0.032506369054317474
-158.67298889160156,20.094221115112305,0.04507102817296982
-156.96682739257812,20.094221115112305,0.0838392898440361
-155.2606658935547,20.094221115112305,0.1174224242568016
-153.55450439453125,20.094221115112305,0.1720823347568512
-151.8483428955078,20.094221115112305,0.28667494654655457
-150.14218139648438,20.094221115112305,0.4135482907295227
-148.43601989746094,20.094221115112305,0.47312432527542114
-146.7298583984375,20.094221115112305,0.43152669072151184
-145.02369689941406,20.094221115112305,0.3271643817424774
-143.31753540039062,20.094221115112305,0.21633212268352509
-141.6113739013672,20.094221115112305,0.16247965395450592
-139.90521240234375,20.094221115112305,0.1534583419561386
-138.1990509033203,20.094221115112305,0.14673544466495514
-136.49288940429688,20.094221115112305,0.09605076909065247
-134.78672790527344,20.094221115112305,0.03364963456988335
-133.08056640625,20.094221115112305,-0.014544932171702385
-131.37440490722656,20.094221115112305,-0.051236532628536224
-129.66824340820312,20.094221115112305,-0.07711181789636612
-127.96208190917969,20.094221115112305,-0.06537158042192459
-126.25592041015625,20.094221115112305,-0.006420644000172615
-124.54976654052734,20.094221115112305,0.06956679373979568
-122.8436050415039,20.094221115112305,0.14511528611183167
-121.13744354248047,20.094221115112305,0.22506573796272278
-119.43128204345703,20.094221115112305,0.3037703335285187
-117.7251205444336,20.094221115112305,0.35015514492988586
-116.01895904541016,20.094221115112305,0.3300971984863281
-114.31279754638672,20.094221115112305,0.22276000678539276
-112.60663604736328,20.094221115112305,-0.0254058837890625
-110.90047454833984,20.094221115112305,-0.3877066969871521
-109.1943130493164,20.094221115112305,-0.7327954173088074
-107.48815155029297,20.094221115112305,-0.8968473672866821
-105.78199005126953,20.094221115112305,-0.9356878399848938
-104.0758285522461,20.094221115112305,-0.7109862565994263
-102.36966705322266,20.094221115112305,-0.39774349331855774
-100.66350555419922,20.094221115112305,-0.03337739408016205
-98.95734405517578,20.094221115112305,0.4201914966106415
-97.25118255615234,20.094221115112305,-0.49356141686439514
-95.5450210571289,20.094221115112305,0.3090215027332306
-93.83885955810547,20.094221115112305,0.45520395040512085
-92.13269805908203,20.094221115112305,0.5014644861221313
-90.4265365600586,20.094221115112305,0.37349197268486023
-88.72038269042969,20.094221115112305,0.2830420136451721
-87.01422119140625,20.094221115112305,0.33480384945869446
-85.30805969238281,20.094221115112305,0.1961241364479065
-83.60189819335938,20.094221115112305,0.12757746875286102
-81.89573669433594,20.094221115112305,0.08842805027961731
-80.1895751953125,20.094221115112305,0.04795551300048828
-78.48341369628906,20.094221115112305,0.012952105142176151
-76.77725219726562,20.094221115112305,-0.05379148945212364
-75.07109069824219,20.094221115112305,-0.05558306351304054
-73.36492919921875,20.094221115112305,-0.03992493823170662
-71.65876770019531,20.094221115112305,-0.1015092208981514
-69.95260620117188,20.094221115112305,-0.12791143357753754
-68.24644470214844,20.094221115112305,-0.18107782304286957
-66.540283203125,20.094221115112305,-0.22009386122226715
-64.83412170410156,20.094221115112305,-0.22213540971279144
-63.127960205078125,20.094221115112305,-0.18282438814640045
-61.42180252075195,20.094221115112305,-0.12126985937356949
-59.715641021728516,20.094221115112305,-0.04276599735021591
-58.00947952270508,20.094221115112305,0.0562298446893692
-56.30331802368164,20.094221115112305,0.16611601412296295
-54.5971565246582,20.094221115112305,0.2682057023048401
-52.890995025634766,20.094221115112305,0.34542566537857056
-51.18483352661133,20.094221115112305,0.409834086894989
-49.47867202758789,20.094221115112305,0.4887799024581909
-47.77251052856445,20.094221115112305,0.5772106051445007
-46.066349029541016,20.094221115112305,0.6729444861412048
-44.360191345214844,20.094221115112305,0.7880255579948425
-42.654029846191406,20.094221115112305,0.9033457040786743
-40.94786834716797,20.094221115112305,0.987462043762207
-39.24170684814453,20.094221115112305,1.004927396774292
-37.535545349121094,20.094221115112305,0.9347608685493469
-35.829383850097656,20.094221115112305,0.7942402362823486
-34.12322235107422,20.094221115112305,0.6384079456329346
-32.41706085205078,20.094221115112305,0.5259254574775696
-30.710901260375977,20.094221115112305,0.4697565734386444
-29.00473976135254,20.094221115112305,0.45019733905792236
-27.2985782623291,20.094221115112305,0.4843616485595703
-25.592416763305664,20.094221115112305,0.5477707982063293
-23.886255264282227,20.094221115112305,0.5944610834121704
-22.180095672607422,20.094221115112305,0.5954906940460205
-20.473934173583984,20.094221115112305,0.5575826168060303
-18.767772674560547,20.094221115112305,0.4924823045730591
-17.06161117553711,20.094221115112305,0.39617475867271423
-15.355450630187988,20.094221115112305,1.4655272960662842
-13.64928913116455,20.094221115112305,1.4234308004379272
-11.943127632141113,20.094221115112305,1.2613338232040405
-10.236967086791992,20.094221115112305,1.0841889381408691
-8.530805587768555,20.094221115112305,0.875397801399231
-6.824644565582275,20.094221115112305,0.6713516712188721
-5.118483543395996,20.094221115112305,0.5094653964042664
-3.4123222827911377,20.094221115112305,0.35327720642089844
-1.7061611413955688,20.094221115112305,0.21339301764965057
0.0,20.094221115112305,0.16055965423583984
1.7061611413955688,20.094221115112305,0.12130890041589737
3.4123222827911377,20.094221115112305,0.09580783545970917
5.118483543395996,20.094221115112305,0.08110567927360535
6.824644565582275,20.094221115112305,0.12418518215417862
8.530805587768555,20.094221115112305,0.26275843381881714
10.236967086791992,20.094221115112305,0.3629686236381531
11.943127632141113,20.094221115112305,0.3291008770465851
13.64928913116455,20.094221115112305,0.20463600754737854
15.355450630187988,20.094221115112305,-0.022460173815488815
17.06161117553711,20.094221115112305,-0.11765105277299881
18.767772674560547,20.094221115112305,-0.15068797767162323
20.473934173583984,20.094221115112305,-0.13584358990192413
22.180095672607422,20.094221115112305,-0.07404772192239761
23.886255264282227,20.094221115112305,0.017619768157601357
25.592416763305664,20.094221115112305,0.17958806455135345
27.2985782623291,20.094221115112305,0.32386913895606995
29.00473976135254,20.094221115112305,0.4752035140991211
30.710901260375977,20.094221115112305,0.46812331676483154
32.41706085205078,20.094221115112305,0.4036392867565155
34.12322235107422,20.094221115112305,0.4156266450881958
35.829383850097656,20.094221115112305,0.48730602860450745
37.535545349121094,20.094221115112305,0.2482013702392578
39.24170684814453,20.094221115112305,0.14966805279254913
40.94786834716797,20.094221115112305,0.504263162612915
42.654029846191406,20.094221115112305,0.9485098123550415
44.360191345214844,20.094221115112305,0.9120803475379944
46.066349029541016,20.094221115112305,0.8405469655990601
47.77251052856445,20.094221115112305,0.7403966188430786
49.47867202758789,20.094221115112305,0.6561906933784485
51.18483352661133,20.094221115112305,0.5181506872177124
52.890995025634766,20.094221115112305,0.37893638014793396
54.5971565246582,20.094221115112305,0.19892145693302155
56.30331802368164,20.094221115112305,0.06873874366283417
58.00947952270508,20.094221115112305,-0.07436205446720123
59.715641021728516,20.094221115112305,-0.056993864476680756
61.42180252075195,20.094221115112305,-0.09172795712947845
63.127960205078125,20.094221115112305,-0.1706841140985489
64.83412170410156,20.094221115112305,-0.2623358368873596
66.540283203125,20.094221115112305,-0.3251625597476959
68.24644470214844,20.094221115112305,-0.3399215638637543
69.95260620117188,20.094221115112305,-0.3286825120449066
71.65876770019531,20.094221115112305,-0.2953212857246399
73.36492919921875,20.094221115112305,-0.38117969036102295
75.07109069824219,20.094221115112305,-0.5119754076004028
76.77725219726562,20.094221115112305,-0.7400875091552734
78.48341369628906,20.094221115112305,-1.0160045623779297
80.1895751953125,20.094221115112305,-0.8613604307174683
81.89573669433594,20.094221115112305,-0.44014161825180054
83.60189819335938,20.094221115112305,0.021916326135396957
85.30805969238281,20.094221115112305,0.5773642659187317
87.01422119140625,20.094221115112305,0.23439769446849823
88.72038269042969,20.094221115112305,0.21949557960033417
90.4265365600586,20.094221115112305,0.2485998123884201
92.13269805908203,20.094221115112305,0.27582207322120667
93.83885955810547,20.094221115112305,1.2265161275863647
95.5450210571289,20.094221115112305,1.2475714683532715
97.25118255615234,20.094221115112305,1.0440665483474731
98.95734405517578,20.094221115112305,1.1085164546966553
100.66350555419922,20.094221115112305,0.9547367691993713
102.36966705322266,20.094221115112305,0.5152605772018433
104.0758285522461,20.094221115112305,-0.12430915981531143
105.78199005126953,20.094221115112305,-0.4419703185558319
107.48815155029297,20.094221115112305,0.13418470323085785
109.1943130493164,20.094221115112305,-0.03723100200295448
110.90047454833984,20.094221115112305,-0.20295555889606476
112.60663604736328,20.094221115112305,-0.010433197021484375
114.31279754638672,20.094221115112305,-0.007534853648394346
116.01895904541016,20.094221115112305,-0.026858456432819366
117.7251205444336,20.094221115112305,-0.07263565063476562
119.43128204345703,20.094221115112305,-0.13166217505931854
121.13744354248047,20.094221115112305,-0.159756600856781
122.8436050415039,20.094221115112305,-0.11831715703010559
124.54976654052734,20.094221115112305,-0.03960265964269638
126.25592041015625,20.094221115112305,0.03671220317482948
127.96208190917969,20.094221115112305,0.11561508476734161
129.66824340820312,20.094221115112305,0.17851002514362335
131.37440490722656,20.094221115112305,0.19825705885887146
133.08056640625,20.094221115112305,0.15086473524570465
134.78672790527344,20.094221115112305,0.07238985598087311
136.49288940429688,20.094221115112305,0.03246777877211571
138.1990509033203,20.094221115112305,0.059826724231243134
139.90521240234375,20.094221115112305,0.12540079653263092
141.6113739013672,20.094221115112305,0.1714799851179123
143.31753540039062,20.094221115112305,0.17175528407096863
145.02369689941406,20.094221115112305,0.1452430784702301
146.7298583984375,20.094221115112305,0.06538785248994827
148.43601989746094,20.094221115112305,-0.10352890938520432
150.14218139648438,20.094221115112305,-0.28967419266700745
151.8483428955078,20.094221115112305,-0.42338478565216064
153.55450439453125,20.094221115112305,-0.48307788372039795
155.2606658935547,20.094221115112305,-0.5049489140510559
156.96682739257812,20.094221115112305,-0.5390394330024719
158.67298889160156,20.094221115112305,-0.604918897151947
160.379150390625,20.094221115112305,-0.6781896948814392
162.08531188964844,20.094221115112305,-0.7315801382064819
163.79147338867188,20.094221115112305,-0.7675381898880005
165.4976348876953,20.094221115112305,-0.7810555696487427
167.20379638671875,20.094221115112305,-0.7647059559822083
168.9099578857422,20.094221115112305,-0.7219619750976562
170.61611938476562,20.094221115112305,-0.6822943091392517
172.32228088378906,20.094221115112305,-0.6470959782600403
174.0284423828125,20.094221115112305,-0.6305814385414124
175.73460388183594,20.094221115112305,-0.6425593495368958
177.44076538085938,20.094221115112305,-0.6752195954322815
179.1469268798828,20.094221115112305,-0.7296642661094666
-179.15492248535156,18.48375701904297,-0.9649861454963684
-177.46478271484375,18.48375701904297,-0.9842665791511536
-175.77464294433594,18.48375701904297,-0.9207643866539001
-174.08450317382812,18.48375701904297,-0.8814504742622375
-172.3943634033203,18.48375701904297,-0.841168224811554
-170.7042236328125,18.48375701904297,-0.8198503255844116
-169.0140838623047,18.48375701904297,-0.8107524514198303
-167.32394409179688,18.48375701904297,-0.7010506987571716
-165.63380432128906,18.48375701904297,-0.5338647365570068
-163.94366455078125,18.48375701904297,-0.4009183943271637
-162.25352478027344,18.48375701904297,-0.2718210220336914
-160.56338500976562,18.48375701904297,-0.1638643890619278
-158.8732452392578,18.48375701904297,-0.08143768459558487
-157.18310546875,18.48375701904297,-0.0029422123916447163
-155.49295043945312,18.48375701904297,0.0757741928100586
-153.8028106689453,18.48375701904297,0.1957550048828125
-152.1126708984375,18.48375701904297,0.351419061422348
-150.4225311279297,18.48375701904297,0.5466458201408386
-148.73239135742188,18.48375701904297,0.7215315699577332
-147.04225158691406,18.48375701904297,0.5989130735397339
-145.35211181640625,18.48375701904297,0.377795547246933
-143.66197204589844,18.48375701904297,0.18766263127326965
-141.97183227539062,18.48375701904297,0.13156038522720337
-140.2816925048828,18.48375701904297,0.1513003706932068
-138.591552734375,18.48375701904297,0.1844688355922699
-136.9014129638672,18.48375701904297,0.13222439587116241
-135.21127319335938,18.48375701904297,0.06189810484647751
-133.52113342285156,18.48375701904297,0.012311236001551151
-131.8309783935547,18.48375701904297,-0.019344964995980263
-130.14083862304688,18.48375701904297,-0.026784896850585938
-128.45069885253906,18.48375701904297,-0.014599609188735485
-126.76056671142578,18.48375701904297,0.01505304966121912
-125.07041931152344,18.48375701904297,0.0438053123652935
-123.38027954101562,18.48375701904297,0.06969840079545975
-121.69013977050781,18.48375701904297,0.14715805649757385
-120.0,18.48375701904297,0.2509293258190155
-118.30986022949219,18.48375701904297,0.329182893037796
-116.61972045898438,18.48375701904297,0.3074735701084137
-114.92958068847656,18.48375701904297,0.217476025223732
-113.23943328857422,18.48375701904297,0.04283720627427101
-111.5492935180664,18.48375701904297,-0.2043088972568512
-109.8591537475586,18.48375701904297,-0.4623507261276245
-108.16901397705078,18.48375701904297,-0.6569413542747498
-106.47887420654297,18.48375701904297,-0.7565256357192993
-104.78873443603516,18.48375701904297,-0.7507358193397522
-103.09859466552734,18.48375701904297,-0.4674830734729767
-101.408447265625,18.48375701904297,-0.3866082429885864
-99.71830749511719,18.48375701904297,-0.21874777972698212
-98.02816772460938,18.48375701904297,-0.07268937677145004
-96.33802795410156,18.48375701904297,-0.4744775891304016
-94.64788818359375,18.48375701904297,0.2037525773048401
-92.95774841308594,18.48375701904297,0.16933555901050568
-91.26760864257812,18.48375701904297,0.47783413529396057
-89.57746124267578,18.48375701904297,0.7544222474098206
-87.88732147216797,18.48375701904297,0.4647253155708313
-86.19718170166016,18.48375701904297,0.2851036787033081
-84.50704193115234,18.48375701904297,0.16390876471996307
-82.81690216064453,18.48375701904297,0.10375270992517471
-81.12676239013672,18.48375701904297,0.07568740844726562
-79.4366226196289,18.48375701904297,0.02063528634607792
-77.74647521972656,18.48375701904297,-0.043283842504024506
-76.05633544921875,18.48375701904297,0.00043354035005904734
-74.36619567871094,18.48375701904297,0.004507255740463734
-72.67605590820312,18.48375701904297,-0.012524287216365337
-70.98591613769531,18.48375701904297,0.04172853007912636
-69.2957763671875,18.48375701904297,-0.06379134207963943
-67.60563659667969,18.48375701904297,-0.03498363494873047
-65.91548919677734,18.48375701904297,-0.16670900583267212
-64.22534942626953,18.48375701904297,-0.05372975766658783
-62.53520965576172,18.48375701904297,0.004889361094683409
-60.845069885253906,18.48375701904297,0.08624445647001266
-59.154930114746094,18.48375701904297,0.19289283454418182
-57.46479034423828,18.48375701904297,0.28063011169433594
-55.7746467590332,18.48375701904297,0.3497854769229889
-54.08450698852539,18.48375701904297,0.428939551115036
-52.39436721801758,18.48375701904297,0.47309309244155884
-50.7042236328125,18.48375701904297,0.5161427855491638
-49.01408386230469,18.48375701904297,0.5889495015144348
-47.323944091796875,18.48375701904297,0.6411011815071106
-45.63380432128906,18.48375701904297,0.6856178045272827
-43.943660736083984,18.48375701904297,0.7447412014007568
-42.25352096557617,18.48375701904297,0.8964786529541016
-40.56338119506836,18.48375701904297,1.0439797639846802
-38.87323760986328,18.48375701904297,1.0986472368240356
-37.18309783935547,18.48375701904297,1.0037429332733154
-35.492958068847656,18.48375701904297,0.8250311613082886
-33.802818298339844,18.48375701904297,0.6409712433815002
-32.112674713134766,18.48375701904297,0.5779544711112976
-30.422534942626953,18.48375701904297,0.567814826965332
-28.73239517211914,18.48375701904297,0.5625747442245483
-27.042253494262695,18.48375701904297,0.6078109741210938
-25.35211181640625,18.48375701904297,0.6727592349052429
-23.661972045898438,18.48375701904297,0.7194899916648865
-21.971830368041992,18.48375701904297,0.7099133729934692
-20.28169059753418,18.48375701904297,0.6827705502510071
-18.591548919677734,18.48375701904297,0.6374112367630005
-16.901409149169922,18.48375701904297,0.5060884356498718
-15.211267471313477,18.48375701904297,1.3126872777938843
-13.521126747131348,18.48375701904297,1.0752718448638916
-11.830986022949219,18.48375701904297,0.8170725703239441
-10.14084529876709,18.48375701904297,0.6202525496482849
-8.450704574584961,18.48375701904297,0.43554574251174927
-6.760563373565674,18.48375701904297,0.2741560637950897
-5.070422649383545,18.48375701904297,0.1996406614780426
-3.380281686782837,18.48375701904297,0.1472492218017578
-1.6901408433914185,18.48375701904297,0.04668019711971283
0.0,18.48375701904297,0.039667509496212006
1.6901408433914185,18.48375701904297,0.0811387374997139
3.380281686782837,18.48375701904297,0.11125564575195312
5.070422649383545,18.48375701904297,0.20932121574878693
6.760563373565674,18.48375701904297,0.35174089670181274
8.450704574584961,18.48375701904297,0.49025046825408936
10.14084529876709,18.48375701904297,0.5792837738990784
11.830986022949219,18.48375701904297,0.6156967282295227
13.521126747131348,18.48375701904297,0.5053637623786926
15.211267471313477,18.48375701904297,0.2167903333902359
16.901409149169922,18.48375701904297,0.04524218291044235
18.591548919677734,18.48375701904297,0.021649805828928947
20.28169059753418,18.48375701904297,-0.001451682997867465
21.971830368041992,18.48375701904297,-0.0071655274368822575
23.661972045898438,18.48375701904297,0.05310026928782463
25.35211181640625,18.48375701904297,0.12066090852022171
27.042253494262695,18.48375701904297,0.2660476565361023
28.73239517211914,18.48375701904297,0.3328741788864136
30.422534942626953,18.48375701904297,0.39391377568244934
32.112674713134766,18.48375701904297,0.3092323839664459
33.802818298339844,18.48375701904297,0.16973049938678741
35.492958068847656,18.48375701904297,0.27633780241012573
37.18309783935547,18.48375701904297,0.36705467104911804
38.87323760986328,18.48375701904297,0.13526375591754913
40.56338119506836,18.48375701904297,0.06914615631103516
42.25352096557617,18.48375701904297,0.6325700283050537
43.943660736083984,18.48375701904297,0.8594156503677368
45.63380432128906,18.48375701904297,0.8887006044387817
47.323944091796875,18.48375701904297,0.8202341198921204
49.01408386230469,18.48375701904297,0.7344526648521423
50.7042236328125,18.48375701904297,0.59638512134552
52.39436721801758,18.48375701904297,0.39715442061424255
54.08450698852539,18.48375701904297,0.25997498631477356
55.7746467590332,18.48375701904297,0.1456146240234375
57.46479034423828,18.48375701904297,0.01794230192899704
59.154930114746094,18.48375701904297,0.017761865630745888
60.845069885253906,18.48375701904297,0.012187894433736801
62.53520965576172,18.48375701904297,-0.04069296643137932
64.22534942626953,18.48375701904297,-0.12471981346607208
65.91548919677734,18.48375701904297,-0.19532857835292816
67.60563659667969,18.48375701904297,-0.2394135743379593
69.2957763671875,18.48375701904297,-0.2618136703968048
70.98591613769531,18.48375701904297,-0.2681716978549957
72.67605590820312,18.48375701904297,-0.2416805922985077
74.36619567871094,18.48375701904297,-0.12827129662036896
76.05633544921875,18.48375701904297,-0.4272763431072235
77.74647521972656,18.48375701904297,-0.8656140565872192
79.4366226196289,18.48375701904297,-0.7439716458320618
81.12676239013672,18.48375701904297,-0.46495291590690613
82.81690216064453,18.48375701904297,-0.19271545112133026
84.50704193115234,18.48375701904297,0.14750118553638458
86.19718170166016,18.48375701904297,0.22661183774471283
87.88732147216797,18.48375701904297,0.24671930074691772
89.57746124267578,18.48375701904297,0.24348163604736328
91.26760864257812,18.48375701904297,0.24464447796344757
92.95774841308594,18.48375701904297,0.2383928894996643
94.64788818359375,18.48375701904297,0.6976300477981567
96.33802795410156,18.48375701904297,0.617994487285614
98.02816772460938,18.48375701904297,0.550720751285553
99.71830749511719,18.48375701904297,0.6395710110664368
101.408447265625,18.48375701904297,0.32452526688575745
103.09859466552734,18.48375701904297,-0.24218839406967163
104.78873443603516,18.48375701904297,-0.5056654214859009
106.47887420654297,18.48375701904297,0.12129033356904984
108.16901397705078,18.48375701904297,0.19699077308177948
109.8591537475586,18.48375701904297,-0.1674186736345291
111.5492935180664,18.48375701904297,0.11550801247358322
113.23943328857422,18.48375701904297,0.08158842474222183
114.92958068847656,18.48375701904297,0.06780770421028137
116.61972045898438,18.48375701904297,0.033721670508384705
118.30986022949219,18.48375701904297,-0.06813888251781464
120.0,18.48375701904297,-0.1726851761341095
121.69013977050781,18.48375701904297,-0.25877267122268677
123.38027954101562,18.48375701904297,-0.05141855776309967
125.07041931152344,18.48375701904297,0.11558183282613754
126.76056671142578,18.48375701904297,0.2366320937871933
128.45069885253906,18.48375701904297,0.25536099076271057
130.14083862304688,18.48375701904297,0.242164745926857
131.8309783935547,18.48375701904297,0.1913459748029709
133.52113342285156,18.48375701904297,0.09883727878332138
135.21127319335938,18.48375701904297,7.445017399732023e-05
136.9014129638672,18.48375701904297,-0.030491383746266365
138.591552734375,18.48375701904297,0.06352660059928894
140.2816925048828,18.48375701904297,0.18724778294563293
141.97183227539062,18.48375701904297,0.2625005841255188
143.66197204589844,18.48375701904297,0.22936032712459564
145.35211181640625,18.48375701904297,0.16930904984474182
147.04225158691406,18.48375701904297,0.04625129699707031
148.73239135742188,18.48375701904297,-0.15801912546157837
150.4225311279297,18.48375701904297,-0.3718871474266052
152.1126708984375,18.48375701904297,-0.5203138589859009
153.8028106689453,18.48375701904297,-0.5621718764305115
155.49295043945312,18.48375701904297,-0.6029099822044373
157.18310546875,18.48375701904297,-0.6931259632110596
158.8732452392578,18.48375701904297,-0.8352081775665283
160.56338500976562,18.48375701904297,-1.0054872035980225
162.25352478027344,18.48375701904297,-1.0469059944152832
163.94366455078125,18.48375701904297,-0.9659615159034729
165.63380432128906,18.48375701904297,-0.9403473138809204
167.32394409179688,18.48375701904297,-0.8742456436157227
169.0140838623047,18.48375701904297,-0.7452723979949951
170.7042236328125,18.48375701904297,-0.6524950265884399
172.3943634033203,18.48375701904297,-0.620256781578064
174.08450317382812,18.48375701904297,-0.6623876690864563
175.77464294433594,18.48375701904297,-0.7585281729698181
177.46478271484375,18.48375701904297,-0.811952531337738
179.15492248535156,18.48375701904297,-0.8560014963150024
-179.1627960205078,16.873306274414062,-1.0016642808914185
-177.48837280273438,16.873306274414062,-1.0384867191314697
-175.81394958496094,16.873306274414062,-0.9753507971763611
-174.13954162597656,16.873306274414062,-0.9380991458892822
-172.46511840820312,16.873306274414062,-0.892487645149231
-170.7906951904297,16.873306274414062,-0.8597866892814636
-169.11627197265625,16.873306274414062,-0.8644840121269226
-167.44186401367188,16.873306274414062,-0.7665771245956421
-165.76744079589844,16.873306274414062,-0.6014354228973389
-164.093017578125,16.873306274414062,-0.4803115129470825
-162.41860961914062,16.873306274414062,-0.36326420307159424
-160.7441864013672,16.873306274414062,-0.2648843824863434
-159.06976318359375,16.873306274414062,-0.1946018785238266
-157.39535522460938,16.873306274414062,-0.11590639501810074
-155.72093200683594,16.873306274414062,-0.01871337927877903
-154.0465087890625,16.873306274414062,0.11308854073286057
-152.37208557128906,16.873306274414062,0.2709985673427582
-150.6976776123047,16.873306274414062,0.4738616943359375
-149.02325439453125,16.873306274414062,0.7093754410743713
-147.3488311767578,16.873306274414062,0.6188740134239197
-145.67442321777344,16.873306274414062,0.38024869561195374
-144.0,16.873306274414062,0.17077788710594177
-142.32557678222656,16.873306274414062,0.09643866121768951
-140.6511688232422,16.873306274414062,0.11494865268468857
-138.97674560546875,16.873306274414062,0.1650300920009613
-137.3023223876953,16.873306274414062,0.14125888049602509
-135.62791442871094,16.873306274414062,0.07768554985523224
-133.9534912109375,16.873306274414062,0.0312360767275095
-132.27906799316406,16.873306274414062,0.00995813962072134
-130.60464477539062,16.873306274414062,0.011206181719899178
-128.93023681640625,16.873306274414062,0.03258876875042915
-127.25581359863281,16.873306274414062,0.06066576763987541
-125.5813980102539,16.873306274414062,0.0809299498796463
-123.90697479248047,16.873306274414062,0.07835585623979568
-122.23255920410156,16.873306274414062,0.1197500228881836
-120.55813598632812,16.873306274414062,0.1959805190563202
-118.88372039794922,16.873306274414062,0.2784620225429535
-117.20930480957031,16.873306274414062,0.274281769990921
-115.53488159179688,16.873306274414062,0.2039710432291031
-113.86046600341797,16.873306274414062,0.0846395492553711
-112.18604278564453,16.873306274414062,-0.09054247289896011
-110.51162719726562,16.873306274414062,-0.28655993938446045
-108.83721160888672,16.873306274414062,-0.45367515087127686
-107.16278839111328,16.873306274414062,-0.5860310196876526
-105.48837280273438,16.873306274414062,-0.6517728567123413
-103.81395721435547,16.873306274414062,-0.635315477848053
-102.13953399658203,16.873306274414062,-0.47679436206817627
-100.46511840820312,16.873306274414062,-0.2212415635585785
-98.79069519042969,16.873306274414062,0.11053650826215744
-97.11627960205078,16.873306274414062,0.06864814460277557
-95.44186401367188,16.873306274414062,-0.45186278223991394
-93.76744079589844,16.873306274414062,-0.07274793088436127
-92.09302520751953,16.873306274414062,0.1446383148431778
-90.4186019897461,16.873306274414062,0.353437602519989
-88.74418640136719,16.873306274414062,0.6022428274154663
-87.06977081298828,16.873306274414062,0.41393712162971497
-85.39534759521484,16.873306274414062,0.2683665454387665
-83.72093200683594,16.873306274414062,0.15477702021598816
-82.0465087890625,16.873306274414062,0.13052788376808167
-80.3720932006836,16.873306274414062,0.1013578400015831
-78.69767761230469,16.873306274414062,0.038882698863744736
-77.02325439453125,16.873306274414062,0.03722178190946579
-75.34883880615234,16.873306274414062,0.056570179760456085
-73.6744155883789,16.873306274414062,0.0721127837896347
-72.0,16.873306274414062,0.07264493405818939
-70.3255844116211,16.873306274414062,0.07503993064165115
-68.65116119384766,16.873306274414062,0.09233004599809647
-66.97674560546875,16.873306274414062,0.06607118993997574
-65.30232238769531,16.873306274414062,0.06762072443962097
-63.627906799316406,16.873306274414062,0.10456256568431854
-61.953487396240234,16.873306274414062,0.16510899364948273
-60.27906799316406,16.873306274414062,0.24807605147361755
-58.604652404785156,16.873306274414062,0.3485570251941681
-56.930233001708984,16.873306274414062,0.39436474442481995
-55.25581359863281,16.873306274414062,0.4455678164958954
-53.58139419555664,16.873306274414062,0.5132638216018677
-51.906978607177734,16.873306274414062,0.5283713936805725
-50.23255920410156,16.873306274414062,0.5676737427711487
-48.55813980102539,16.873306274414062,0.6289377808570862
-46.88372039794922,16.873306274414062,0.6561559438705444
-45.20930099487305,16.873306274414062,0.6877621412277222
-43.53488540649414,16.873306274414062,0.7346636652946472
-41.86046600341797,16.873306274414062,0.9292526841163635
-40.1860466003418,16.873306274414062,1.0840208530426025
-38.511627197265625,16.873306274414062,1.1428452730178833
-36.83720779418945,16.873306274414062,1.0358625650405884
-35.16279220581055,16.873306274414062,0.8686515688896179
-33.488372802734375,16.873306274414062,0.7093542218208313
-31.813953399658203,16.873306274414062,0.6933899521827698
-30.13953399658203,16.873306274414062,0.6802555918693542
-28.465116500854492,16.873306274414062,0.6627199053764343
-26.79069709777832,16.873306274414062,0.7047051787376404
-25.11627960205078,16.873306274414062,0.765899121761322
-23.44186019897461,16.873306274414062,0.8048639297485352
-21.76744270324707,16.873306274414062,0.7751695513725281
-20.0930233001709,16.873306274414062,0.7404688000679016
-18.418603897094727,16.873306274414062,0.6882156133651733
-16.744186401367188,16.873306274414062,0.5988261103630066
-15.069766998291016,16.873306274414062,0.8870640397071838
-13.39534854888916,16.873306274414062,0.5728973150253296
-11.720930099487305,16.873306274414062,0.2996700406074524
-10.04651165008545,16.873306274414062,0.2474622130393982
-8.372093200683594,16.873306274414062,-0.06576576083898544
-6.69767427444458,16.873306274414062,-0.24753455817699432
-5.023255825042725,16.873306274414062,-0.13201674818992615
-3.34883713722229,16.873306274414062,-0.08716099709272385
-1.674418568611145,16.873306274414062,-0.1439559906721115
0.0,16.873306274414062,-0.14202207326889038
1.674418568611145,16.873306274414062,-0.10885658115148544
3.34883713722229,16.873306274414062,-0.02026062086224556
5.023255825042725,16.873306274414062,0.18197771906852722
6.69767427444458,16.873306274414062,0.4079262912273407
8.372093200683594,16.873306274414062,0.6507608890533447
10.04651165008545,16.873306274414062,0.6893562078475952
11.720930099487305,16.873306274414062,0.6578534245491028
13.39534854888916,16.873306274414062,0.5058495998382568
15.069766998291016,16.873306274414062,0.2940199673175812
16.744186401367188,16.873306274414062,0.1382923126220703
18.418603897094727,16.873306274414062,0.07640768587589264
20.0930233001709,16.873306274414062,0.08101851493120193
21.76744270324707,16.873306274414062,0.10206375271081924
23.44186019897461,16.873306274414062,0.16275832056999207
25.11627960205078,16.873306274414062,0.1354498565196991
26.79069709777832,16.873306274414062,0.23461709916591644
28.465116500854492,16.873306274414062,0.24393780529499054
30.13953399658203,16.873306274414062,0.21449902653694153
31.813953399658203,16.873306274414062,0.0991097167134285
33.488372802734375,16.873306274414062,-0.07160377502441406
35.16279220581055,16.873306274414062,-0.07444000244140625
36.83720779418945,16.873306274414062,0.044355519115924835
38.511627197265625,16.873306274414062,0.11450792849063873
40.1860466003418,16.873306274414062,0.07451241463422775
41.86046600341797,16.873306274414062,0.054395485669374466
43.53488540649414,16.873306274414062,0.8050481677055359
45.20930099487305,16.873306274414062,0.8811743259429932
46.88372039794922,16.873306274414062,0.8836109042167664
48.55813980102539,16.873306274414062,0.8052915334701538
50.23255920410156,16.873306274414062,0.7400205135345459
51.906978607177734,16.873306274414062,0.5868741869926453
53.58139419555664,16.873306274414062,0.19810740649700165
55.25581359863281,16.873306274414062,0.055395953357219696
56.930233001708984,16.873306274414062,0.08591696619987488
58.604652404785156,16.873306274414062,0.08293832093477249
60.27906799316406,16.873306274414062,0.08530496060848236
61.953487396240234,16.873306274414062,0.07263107597827911
63.627906799316406,16.873306274414062,-0.0006940841558389366
65.30232238769531,16.873306274414062,-0.07037308812141418
66.97674560546875,16.873306274414062,-0.12333844602108002
68.65116119384766,16.873306274414062,-0.1595802903175354
70.3255844116211,16.873306274414062,-0.19580021500587463
72.0,16.873306274414062,-0.20912978053092957
73.6744155883789,16.873306274414062,-0.12725810706615448
75.34883880615234,16.873306274414062,-0.06705576926469803
77.02325439453125,16.873306274414062,-0.4532487988471985
78.69767761230469,16.873306274414062,-0.6142902374267578
80.3720932006836,16.873306274414062,-0.4405404329299927
82.0465087890625,16.873306274414062,-0.23607635498046875
83.72093200683594,16.873306274414062,0.059881336987018585
85.39534759521484,16.873306274414062,0.1748902052640915
87.06977081298828,16.873306274414062,0.24545058608055115
88.74418640136719,16.873306274414062,0.22238998115062714
90.4186019897461,16.873306274414062,0.20410175621509552
92.09302520751953,16.873306274414062,0.18960991501808167
93.76744079589844,16.873306274414062,0.1715540587902069
95.44186401367188,16.873306274414062,0.4021463990211487
97.11627960205078,16.873306274414062,0.1821022629737854
98.79069519042969,16.873306274414062,0.5395975112915039
100.46511840820312,16.873306274414062,0.44116756319999695
102.13953399658203,16.873306274414062,-0.013540204614400864
103.81395721435547,16.873306274414062,-0.4944588243961334
105.48837280273438,16.873306274414062,-0.5176559090614319
107.16278839111328,16.873306274414062,-0.12302882224321365
108.83721160888672,16.873306274414062,0.28655311465263367
110.51162719726562,16.873306274414062,0.2552788555622101
112.18604278564453,16.873306274414062,0.19867293536663055
113.86046600341797,16.873306274414062,0.15023885667324066
115.53488159179688,16.873306274414062,0.12627270817756653
117.20930480957031,16.873306274414062,0.0627100020647049
118.88372039794922,16.873306274414062,-0.04776719585061073
120.55813598632812,16.873306274414062,-0.2440415769815445
122.23255920410156,16.873306274414062,0.053925830870866776
123.90697479248047,16.873306274414062,0.09077269583940506
125.5813980102539,16.873306274414062,0.26926499605178833
127.25581359863281,16.873306274414062,0.3473048508167267
128.93023681640625,16.873306274414062,0.3133036196231842
130.60464477539062,16.873306274414062,0.24838727712631226
132.27906799316406,16.873306274414062,0.14694564044475555
133.9534912109375,16.873306274414062,0.013599204830825329
135.62791442871094,16.873306274414062,-0.10504893958568573
137.3023223876953,16.873306274414062,-0.10258776694536209
138.97674560546875,16.873306274414062,0.023504067212343216
140.6511688232422,16.873306274414062,0.1749742478132248
142.32557678222656,16.873306274414062,0.2498253434896469
144.0,16.873306274414062,0.21397660672664642
145.67442321777344,16.873306274414062,0.14631475508213043
147.3488311767578,16.873306274414062,-0.008252779953181744
149.02325439453125,16.873306274414062,-0.24742476642131805
150.6976776123047,16.873306274414062,-0.5004252791404724
152.37208557128906,16.873306274414062,-0.6480720043182373
154.0465087890625,16.873306274414062,-0.6958991885185242
155.72093200683594,16.873306274414062,-0.7528855204582214
157.39535522460938,16.873306274414062,-0.8489345908164978
159.06976318359375,16.873306274414062,-0.9851621985435486
160.7441864013672,16.873306274414062,-1.1376259326934814
162.41860961914062,16.873306274414062,-1.1060384511947632
164.093017578125,16.873306274414062,-0.9664497971534729
165.76744079589844,16.873306274414062,-0.9345036149024963
167.44186401367188,16.873306274414062,-0.8391072750091553
169.11627197265625,16.873306274414062,-0.6795148253440857
170.7906951904297,16.873306274414062,-0.5627469420433044
172.46511840820312,16.873306274414062,-0.5287092328071594
174.13954162597656,16.873306274414062,-0.5863735675811768
175.81394958496094,16.873306274414062,-0.7207888960838318
177.48837280273438,16.873306274414062,-0.7920150756835938
179.1627960205078,16.873306274414062,-0.8552829027175903
-179.1666717529297,15.265315055847168,-0.8393746018409729
-177.5,15.265315055847168,-0.9117253422737122
-175.8333282470703,15.265315055847168,-0.8993584513664246
-174.1666717529297,15.265315055847168,-0.8658913373947144
-172.5,15.265315055847168,-0.8233648538589478
-170.8333282470703,15.265315055847168,-0.7814782857894897
-169.1666717529297,15.265315055847168,-0.7383721470832825
-167.5,15.265315055847168,-0.6640527248382568
-165.8333282470703,15.265315055847168,-0.5481074452400208
-164.1666717529297,15.265315055847168,-0.4355095624923706
-162.5,15.265315055847168,-0.35606759786605835
-160.8333282470703,15.265315055847168,-0.30464139580726624
-159.1666717529297,15.265315055847168,-0.2670380771160126
-157.5,15.265315055847168,-0.2153971940279007
-155.8333282470703,15.265315055847168,-0.14038333296775818
-154.1666717529297,15.265315055847168,-0.043188221752643585
-152.5,15.265315055847168,0.08865871280431747
-150.8333282470703,15.265315055847168,0.24066728353500366
-149.1666717529297,15.265315055847168,0.35537585616111755
-147.5,15.265315055847168,0.3508621156215668
-145.8333282470703,15.265315055847168,0.2570790648460388
-144.1666717529297,15.265315055847168,0.16084308922290802
-142.5,15.265315055847168,0.0991048812866211
-140.8333282470703,15.265315055847168,0.07910480350255966
-139.1666717529297,15.265315055847168,0.08788210898637772
-137.5,15.265315055847168,0.08489882200956345
-135.8333282470703,15.265315055847168,0.06184660643339157
-134.1666717529297,15.265315055847168,0.0342114120721817
-132.5,15.265315055847168,0.02620919607579708
-130.8333282470703,15.265315055847168,0.036796316504478455
-129.1666717529297,15.265315055847168,0.06866804510354996
-127.5,15.265315055847168,0.11747773736715317
-125.83333587646484,15.265315055847168,0.16676978766918182
-124.16666412353516,15.265315055847168,0.19040730595588684
-122.5,15.265315055847168,0.1913861632347107
-120.83333587646484,15.265315055847168,0.19063962996006012
-119.16666412353516,15.265315055847168,0.195072740316391
-117.5,15.265315055847168,0.19500096142292023
-115.83333587646484,15.265315055847168,0.15972429513931274
-114.16666412353516,15.265315055847168,0.07840124517679214
-112.5,15.265315055847168,-0.04640229418873787
-110.83333587646484,15.265315055847168,-0.19846287369728088
-109.16666412353516,15.265315055847168,-0.3396795392036438
-107.5,15.265315055847168,-0.45003387331962585
-105.83333587646484,15.265315055847168,-0.5233944058418274
-104.16666412353516,15.265315055847168,-0.5223230123519897
-102.5,15.265315055847168,-0.4141445755958557
-100.83333587646484,15.265315055847168,-0.21322332322597504
-99.16666412353516,15.265315055847168,0.02235952951014042
-97.5,15.265315055847168,0.26392117142677307
-95.83333587646484,15.265315055847168,0.4851733446121216
-94.16666412353516,15.265315055847168,0.6576882004737854
-92.5,15.265315055847168,0.1808912307024002
-90.83333587646484,15.265315055847168,0.23882688581943512
-89.16666412353516,15.265315055847168,0.33549734950065613
-87.5,15.265315055847168,0.5852903723716736
-85.83333587646484,15.265315055847168,0.4049471616744995
-84.16666412353516,15.265315055847168,0.34801405668258667
-82.5,15.265315055847168,0.21853338181972504
-80.83333587646484,15.265315055847168,0.19619330763816833
-79.16666412353516,15.265315055847168,0.1656832993030548
-77.5,15.265315055847168,0.1470663696527481
-75.83333587646484,15.265315055847168,0.1460181623697281
-74.16666412353516,15.265315055847168,0.14766578376293182
-72.5,15.265315055847168,0.1403806060552597
-70.83333587646484,15.265315055847168,0.1201629638671875
-69.16666412353516,15.265315055847168,0.10450343787670135
-67.5,15.265315055847168,0.10130061954259872
-65.83333587646484,15.265315055847168,0.1301771104335785
-64.16666412353516,15.265315055847168,0.18842805922031403
-62.5,15.265315055847168,0.24918124079704285
-60.83333206176758,15.265315055847168,0.30249595642089844
-59.16666793823242,15.265315055847168,0.344734251499176
-57.5,15.265315055847168,0.3887394666671753
-55.83333206176758,15.265315055847168,0.4302373230457306
-54.16666793823242,15.265315055847168,0.47182923555374146
-52.5,15.265315055847168,0.5052364468574524
-50.83333206176758,15.265315055847168,0.5351851582527161
-49.16666793823242,15.265315055847168,0.57150799036026
-47.5,15.265315055847168,0.6162747144699097
-45.83333206176758,15.265315055847168,0.6805561184883118
-44.16666793823242,15.265315055847168,0.7696087956428528
-42.5,15.265315055847168,0.8994006514549255
-40.83333206176758,15.265315055847168,1.0333656072616577
-39.16666793823242,15.265315055847168,1.1157162189483643
-37.5,15.265315055847168,1.1103819608688354
-35.83333206176758,15.265315055847168,1.0293916463851929
-34.16666793823242,15.265315055847168,0.9273959398269653
-32.5,15.265315055847168,0.8528460264205933
-30.83333396911621,15.265315055847168,0.8059510588645935
-29.16666603088379,15.265315055847168,0.7746251821517944
-27.5,15.265315055847168,0.7712071537971497
-25.83333396911621,15.265315055847168,0.7875248193740845
-24.16666603088379,15.265315055847168,0.8093257546424866
-22.5,15.265315055847168,0.7869125008583069
-20.83333396911621,15.265315055847168,0.7388535737991333
-19.16666603088379,15.265315055847168,0.6701672077178955
-17.5,15.265315055847168,0.5843003392219543
-15.833333015441895,15.265315055847168,0.7935824990272522
-14.166666984558105,15.265315055847168,0.29765549302101135
-12.5,15.265315055847168,0.00044263203744776547
-10.833333015441895,15.265315055847168,-0.2969553768634796
-9.166666984558105,15.265315055847168,-0.5673006772994995
-7.5,15.265315055847168,-0.7591550350189209
-5.833333492279053,15.265315055847168,-0.5979582667350769
-4.166666507720947,15.265315055847168,-0.24512341618537903
-2.5,15.265315055847168,-0.31387850642204285
-0.8333333134651184,15.265315055847168,-0.313003271818161
0.8333333134651184,15.265315055847168,-0.29965221881866455
2.5,15.265315055847168,-0.2815385162830353
4.166666507720947,15.265315055847168,-0.03790079802274704
5.833333492279053,15.265315055847168,0.1993558257818222
7.5,15.265315055847168,0.4113472104072571
9.166666984558105,15.265315055847168,0.6002702116966248
10.833333015441895,15.265315055847168,0.7095134854316711
12.5,15.265315055847168,0.562016487121582
14.166666984558105,15.265315055847168,0.34830352663993835
15.833333015441895,15.265315055847168,0.19973468780517578
17.5,15.265315055847168,0.12369155883789062
19.16666603088379,15.265315055847168,0.1225118637084961
20.83333396911621,15.265315055847168,0.14979884028434753
22.5,15.265315055847168,0.1812586486339569
24.16666603088379,15.265315055847168,0.23342056572437286
25.83333396911621,15.265315055847168,0.24670976400375366
27.5,15.265315055847168,0.18647676706314087
29.16666603088379,15.265315055847168,0.10814526677131653
30.83333396911621,15.265315055847168,-0.006859397981315851
32.5,15.265315055847168,-0.18311119079589844
34.16666793823242,15.265315055847168,-0.3807663023471832
35.83333206176758,15.265315055847168,-0.37994131445884705
37.5,15.265315055847168,-0.285554438829422
39.16666793823242,15.265315055847168,-0.18050073087215424
40.83333206176758,15.265315055847168,0.08457927405834198
42.5,15.265315055847168,0.1412421613931656
44.16666793823242,15.265315055847168,0.7247408628463745
45.83333206176758,15.265315055847168,0.8754403591156006
47.5,15.265315055847168,0.8979414701461792
49.16666793823242,15.265315055847168,0.8139063119888306
50.83333206176758,15.265315055847168,0.4398932158946991
52.5,15.265315055847168,-0.014826520346105099
54.16666793823242,15.265315055847168,0.052294157445430756
55.83333206176758,15.265315055847168,0.11779715120792389
57.5,15.265315055847168,0.14311204850673676
59.16666793823242,15.265315055847168,0.14153264462947845
60.83333206176758,15.265315055847168,0.1271001249551773
62.5,15.265315055847168,0.09304161369800568
64.16666412353516,15.265315055847168,0.0456276573240757
65.83333587646484,15.265315055847168,-0.0019557317718863487
67.5,15.265315055847168,-0.04482695087790489
69.16666412353516,15.265315055847168,-0.0885712280869484
70.83333587646484,15.265315055847168,-0.12650972604751587
72.5,15.265315055847168,-0.1421819031238556
74.16666412353516,15.265315055847168,0.05275077745318413
75.83333587646484,15.265315055847168,0.007083320524543524
77.5,15.265315055847168,-0.38377049565315247
79.16666412353516,15.265315055847168,-0.46060898900032043
80.83333587646484,15.265315055847168,-0.08701884001493454
82.5,15.265315055847168,-0.03786551207304001
84.16666412353516,15.265315055847168,0.03757311403751373
85.83333587646484,15.265315055847168,0.11273740231990814
87.5,15.265315055847168,0.14933465421199799
89.16666412353516,15.265315055847168,0.14565245807170868
90.83333587646484,15.265315055847168,0.1276220977306366
92.5,15.265315055847168,0.11191196739673615
94.16666412353516,15.265315055847168,0.09616044163703918
95.83333587646484,15.265315055847168,0.08395029604434967
97.5,15.265315055847168,0.12172146141529083
99.16666412353516,15.265315055847168,0.4995301067829132
100.83333587646484,15.265315055847168,0.47948187589645386
102.5,15.265315055847168,0.15591640770435333
104.16666412353516,15.265315055847168,-0.1427282989025116
105.83333587646484,15.265315055847168,-0.08374723047018051
107.5,15.265315055847168,-0.09091053158044815
109.16666412353516,15.265315055847168,0.28646767139434814
110.83333587646484,15.265315055847168,0.33601221442222595
112.5,15.265315055847168,0.26005223393440247
114.16666412353516,15.265315055847168,0.18215827643871307
115.83333587646484,15.265315055847168,0.11656646430492401
117.5,15.265315055847168,0.06318391114473343
119.16666412353516,15.265315055847168,0.03543154522776604
120.83333587646484,15.265315055847168,-0.3177548050880432
122.5,15.265315055847168,0.12156238406896591
124.16666412353516,15.265315055847168,0.23453585803508759
125.83333587646484,15.265315055847168,0.33084309101104736
127.5,15.265315055847168,0.35834363102912903
129.1666717529297,15.265315055847168,0.3201082944869995
130.8333282470703,15.265315055847168,0.23289470374584198
132.5,15.265315055847168,0.09502054750919342
134.1666717529297,15.265315055847168,-0.06629657745361328
135.8333282470703,15.265315055847168,-0.17978452146053314
137.5,15.265315055847168,-0.17749430239200592
139.1666717529297,15.265315055847168,-0.0802004486322403
140.8333282470703,15.265315055847168,0.044874828308820724
142.5,15.265315055847168,0.12969055771827698
144.1666717529297,15.265315055847168,0.14982618391513824
145.8333282470703,15.265315055847168,0.09156011044979095
147.5,15.265315055847168,-0.07512830197811127
149.1666717529297,15.265315055847168,-0.3315524458885193
150.8333282470703,15.265315055847168,-0.5908491015434265
152.5,15.265315055847168,-0.7541046738624573
154.1666717529297,15.265315055847168,-0.8400402665138245
155.8333282470703,15.265315055847168,-0.9043891429901123
157.5,15.265315055847168,-0.9484238028526306
159.1666717529297,15.265315055847168,-0.9665471315383911
160.8333282470703,15.265315055847168,-0.9403519034385681
162.5,15.265315055847168,-0.8540347218513489
164.1666717529297,15.265315055847168,-0.7681838274002075
165.8333282470703,15.265315055847168,-0.7120301127433777
167.5,15.265315055847168,-0.6333919167518616
169.1666717529297,15.265315055847168,-0.5118610858917236
170.8333282470703,15.265315055847168,-0.4060521423816681
172.5,15.265315055847168,-0.36849117279052734
174.1666717529297,15.265315055847168,-0.40829119086265564
175.8333282470703,15.265315055847168,-0.4845840334892273
177.5,15.265315055847168,-0.5785019993782043
179.1666717529297,15.265315055847168,-0.7037015557289124
-179.17431640625,13.658499717712402,-0.6488974094390869
-177.52293395996094,13.658499717712402,-0.7315608263015747
-175.87156677246094,13.658499717712402,-0.7370724081993103
-174.22018432617188,13.658499717712402,-0.7262921929359436
-172.5688018798828,13.658499717712402,-0.6919367909431458
-170.9174346923828,13.658499717712402,-0.6393634080886841
-169.26605224609375,13.658499717712402,-0.5819627046585083
-167.61468505859375,13.658499717712402,-0.5240936875343323
-165.9633026123047,13.658499717712402,-0.4404676556587219
-164.31192016601562,13.658499717712402,-0.33254292607307434
-162.66055297851562,13.658499717712402,-0.28744766116142273
-161.00917053222656,13.658499717712402,-0.3016684949398041
-159.35780334472656,13.658499717712402,-0.31794700026512146
-157.7064208984375,13.658499717712402,-0.29578742384910583
-156.05503845214844,13.658499717712402,-0.2427513152360916
-154.40367126464844,13.658499717712402,-0.20757350325584412
-152.75228881835938,13.658499717712402,-0.13601143658161163
-151.10092163085938,13.658499717712402,-0.027001062408089638
-149.4495391845703,13.658499717712402,0.0229708980768919
-147.7981719970703,13.658499717712402,0.04627488553524017
-146.14678955078125,13.658499717712402,0.07882683724164963
-144.4954071044922,13.658499717712402,0.09779650717973709
-142.8440399169922,13.658499717712402,0.08981265872716904
-141.19265747070312,13.658499717712402,0.06492137908935547
-139.54129028320312,13.658499717712402,0.06151898577809334
-137.88990783691406,13.658499717712402,0.05434131622314453
-136.238525390625,13.658499717712402,0.03998972475528717
-134.587158203125,13.658499717712402,0.02792256698012352
-132.93577575683594,13.658499717712402,0.03309917449951172
-131.28440856933594,13.658499717712402,0.05277214199304581
-129.63302612304688,13.658499717712402,0.0849355086684227
-127.98165130615234,13.658499717712402,0.1426536589860916
-126.33027648925781,13.658499717712402,0.2353050857782364
-124.67890167236328,13.658499717712402,0.31617337465286255
-123.02751922607422,13.658499717712402,0.33535271883010864
-121.37614440917969,13.658499717712402,0.25791066884994507
-119.72476959228516,13.658499717712402,0.17076963186264038
-118.07339477539062,13.658499717712402,0.12292041629552841
-116.4220199584961,13.658499717712402,0.1300579011440277
-114.77064514160156,13.658499717712402,0.09719549864530563
-113.1192626953125,13.658499717712402,0.015541902743279934
-111.46788787841797,13.658499717712402,-0.10242125391960144
-109.81651306152344,13.658499717712402,-0.2204335480928421
-108.1651382446289,13.658499717712402,-0.3168404996395111
-106.51376342773438,13.658499717712402,-0.39524051547050476
-104.86238861083984,13.658499717712402,-0.43357715010643005
-103.21100616455078,13.658499717712402,-0.3846015930175781
-101.55963134765625,13.658499717712402,-0.2083045393228531
-99.90825653076172,13.658499717712402,0.027801450341939926
-98.25688171386719,13.658499717712402,0.2651420533657074
-96.60550689697266,13.658499717712402,0.45816612243652344
-94.95413208007812,13.658499717712402,0.6304494738578796
-93.30274963378906,13.658499717712402,0.7380683422088623
-91.65137481689453,13.658499717712402,0.6922062635421753
-90.0,13.658499717712402,0.3809587359428406
-88.34862518310547,13.658499717712402,0.18788082897663116
-86.69725036621094,13.658499717712402,0.3157593309879303
-85.04586791992188,13.658499717712402,0.2566697299480438
-83.39449310302734,13.658499717712402,0.30066949129104614
-81.74311828613281,13.658499717712402,0.2810543179512024
-80.09174346923828,13.658499717712402,0.26739469170570374
-78.44036865234375,13.658499717712402,0.2571909725666046
-76.78899383544922,13.658499717712402,0.23938992619514465
-75.13761138916016,13.658499717712402,0.23355694115161896
-73.48623657226562,13.658499717712402,0.22920233011245728
-71.8348617553711,13.658499717712402,0.19279709458351135
-70.18348693847656,13.658499717712402,0.1438027024269104
-68.53211212158203,13.658499717712402,0.10989869385957718
-66.8807373046875,13.658499717712402,0.13470739126205444
-65.22935485839844,13.658499717712402,0.20587946474552155
-63.577980041503906,13.658499717712402,0.28969842195510864
-61.926605224609375,13.658499717712402,0.31799736618995667
-60.275230407714844,13.658499717712402,0.3205563724040985
-58.62385177612305,13.658499717712402,0.3288728594779968
-56.972476959228516,13.658499717712402,0.3705654740333557
-55.321102142333984,13.658499717712402,0.4112223982810974
-53.66972351074219,13.658499717712402,0.4352354109287262
-52.018348693847656,13.658499717712402,0.4649063050746918
-50.366973876953125,13.658499717712402,0.49299362301826477
-48.71559524536133,13.658499717712402,0.5217628479003906
-47.0642204284668,13.658499717712402,0.6053909063339233
-45.412845611572266,13.658499717712402,0.7191036939620972
-43.76146697998047,13.658499717712402,0.8396593332290649
-42.11009216308594,13.658499717712402,0.9542865753173828
-40.458717346191406,13.658499717712402,1.0519849061965942
-38.80733871459961,13.658499717712402,1.117888331413269
-37.15596389770508,13.658499717712402,1.1157081127166748
-35.50458526611328,13.658499717712402,1.0698093175888062
-33.85321044921875,13.658499717712402,1.0146610736846924
-32.20183563232422,13.658499717712402,0.9421468377113342
-30.550458908081055,13.658499717712402,0.8771008849143982
-28.89908218383789,13.658499717712402,0.8345713019371033
-27.24770736694336,13.658499717712402,0.8144534230232239
-25.596330642700195,13.658499717712402,0.8043891191482544
-23.94495391845703,13.658499717712402,0.7937324643135071
-22.293577194213867,13.658499717712402,0.7451310753822327
-20.642202377319336,13.658499717712402,0.6748533844947815
-18.990825653076172,13.658499717712402,0.6010993123054504
-17.339448928833008,13.658499717712402,0.4725259840488434
-15.68807315826416,13.658499717712402,0.7170356512069702
-14.036697387695312,13.658499717712402,-0.016803232952952385
-12.385320663452148,13.658499717712402,-0.18186137080192566
-10.7339448928833,13.658499717712402,-0.5810927152633667
-9.082569122314453,13.658499717712402,-0.6882571578025818
-7.431192874908447,13.658499717712402,-0.7783374786376953
-5.779816627502441,13.658499717712402,-0.7331304550170898
-4.1284403800964355,13.658499717712402,-0.3979877531528473
-2.4770641326904297,13.658499717712402,-0.241893008351326
-0.8256880640983582,13.658499717712402,-0.29993411898612976
0.8256880640983582,13.658499717712402,-0.40568262338638306
2.4770641326904297,13.658499717712402,-0.41761818528175354
4.1284403800964355,13.658499717712402,-0.1834726333618164
5.779816627502441,13.658499717712402,-0.028248151764273643
7.431192874908447,13.658499717712402,0.20413532853126526
9.082569122314453,13.658499717712402,0.46922942996025085
10.7339448928833,13.658499717712402,0.7051475644111633
12.385320663452148,13.658499717712402,0.7000135779380798
14.036697387695312,13.658499717712402,0.41988059878349304
15.68807315826416,13.658499717712402,0.2019505798816681
17.339448928833008,13.658499717712402,0.12540951371192932
18.990825653076172,13.658499717712402,0.09712982177734375
20.642202377319336,13.658499717712402,0.1067577376961708
22.293577194213867,13.658499717712402,0.15351028740406036
23.94495391845703,13.658499717712402,0.22323092818260193
25.596330642700195,13.658499717712402,0.2997681200504303
27.24770736694336,13.658499717712402,0.14401651918888092
28.89908218383789,13.658499717712402,-0.01264979038387537
30.550458908081055,13.658499717712402,-0.20700962841510773
32.20183563232422,13.658499717712402,-0.42374178767204285
33.85321044921875,13.658499717712402,-0.8790454864501953
35.50458526611328,13.658499717712402,-0.7400981783866882
37.15596389770508,13.658499717712402,-0.5330336093902588
38.80733871459961,13.658499717712402,-0.529845118522644
40.458717346191406,13.658499717712402,-0.3013205826282501
42.11009216308594,13.658499717712402,0.14895997941493988
43.76146697998047,13.658499717712402,0.5307590365409851
45.412845611572266,13.658499717712402,0.7112468481063843
47.0642204284668,13.658499717712402,0.6126242876052856
48.71559524536133,13.658499717712402,0.11795151978731155
50.366973876953125,13.658499717712402,0.07439505308866501
52.018348693847656,13.658499717712402,0.11065533757209778
53.66972351074219,13.658499717712402,0.15201963484287262
55.321102142333984,13.658499717712402,0.19498799741268158
56.972476959228516,13.658499717712402,0.22021237015724182
58.62385177612305,13.658499717712402,0.2119983732700348
60.275230407714844,13.658499717712402,0.1828920990228653
61.926605224609375,13.658499717712402,0.1457996368408203
63.577980041503906,13.658499717712402,0.11444511264562607
65.22935485839844,13.658499717712402,0.06921793520450592
66.8807373046875,13.658499717712402,0.021087074652314186
68.53211212158203,13.658499717712402,-0.0209986362606287
70.18348693847656,13.658499717712402,-0.06257737427949905
71.8348617553711,13.658499717712402,-0.08727136999368668
73.48623657226562,13.658499717712402,-0.08766498416662216
75.13761138916016,13.658499717712402,0.29816463589668274
76.78899383544922,13.658499717712402,0.17136509716510773
78.44036865234375,13.658499717712402,-0.16157054901123047
80.09174346923828,13.658499717712402,-0.3517710864543915
81.74311828613281,13.658499717712402,-0.08006865531206131
83.39449310302734,13.658499717712402,-0.0346844345331192
85.04586791992188,13.658499717712402,0.01002324465662241
86.69725036621094,13.658499717712402,0.04091682285070419
88.34862518310547,13.658499717712402,0.0629110336303711
90.0,13.658499717712402,0.05384775623679161
91.65137481689453,13.658499717712402,0.033530425280332565
93.30274963378906,13.658499717712402,0.05600681155920029
94.95413208007812,13.658499717712402,0.016708755865693092
96.60550689697266,13.658499717712402,0.018568484112620354
98.25688171386719,13.658499717712402,0.37050774693489075
99.90825653076172,13.658499717712402,0.8723085522651672
101.55963134765625,13.658499717712402,0.6156674027442932
103.21100616455078,13.658499717712402,0.3374708890914917
104.86238861083984,13.658499717712402,0.14833685755729675
106.51376342773438,13.658499717712402,0.08537508547306061
108.1651382446289,13.658499717712402,0.07811526954174042
109.81651306152344,13.658499717712402,0.42406049370765686
111.46788787841797,13.658499717712402,0.3895018994808197
113.1192626953125,13.658499717712402,0.28137823939323425
114.77064514160156,13.658499717712402,0.1580125242471695
116.4220199584961,13.658499717712402,0.0686582550406456
118.07339477539062,13.658499717712402,0.08064282685518265
119.72476959228516,13.658499717712402,0.15850575268268585
121.37614440917969,13.658499717712402,0.05431410297751427
123.02751922607422,13.658499717712402,0.31968167424201965
124.67890167236328,13.658499717712402,0.40632617473602295
126.33027648925781,13.658499717712402,0.41226354241371155
127.98165130615234,13.658499717712402,0.3845452666282654
129.63302612304688,13.658499717712402,0.31481361389160156
131.28440856933594,13.658499717712402,0.2087644636631012
132.93577575683594,13.658499717712402,0.03595752641558647
134.587158203125,13.658499717712402,-0.15881583094596863
136.238525390625,13.658499717712402,-0.29764384031295776
137.88990783691406,13.658499717712402,-0.27883002161979675
139.54129028320312,13.658499717712402,-0.1802065521478653
141.19265747070312,13.658499717712402,-0.06382433325052261
142.8440399169922,13.658499717712402,0.03404324874281883
144.4954071044922,13.658499717712402,0.08402875065803528
146.14678955078125,13.658499717712402,0.04570814594626427
147.7981719970703,13.658499717712402,-0.14773871004581451
149.4495391845703,13.658499717712402,-0.4404059648513794
151.10092163085938,13.658499717712402,-0.7360897660255432
152.75228881835938,13.658499717712402,-0.874464213848114
154.40367126464844,13.658499717712402,-0.9378237128257751
156.05503845214844,13.658499717712402,-0.9877607822418213
157.7064208984375,13.658499717712402,-0.9336971640586853
159.35780334472656,13.658499717712402,-0.8009234070777893
161.00917053222656,13.658499717712402,-0.6308377385139465
162.66055297851562,13.658499717712402,-0.5395829677581787
164.31192016601562,13.658499717712402,-0.5017397403717041
165.9633026123047,13.658499717712402,-0.4597369432449341
167.61468505859375,13.658499717712402,-0.3853228986263275
169.26605224609375,13.658499717712402,-0.2820448577404022
170.9174346923828,13.658499717712402,-0.18324801325798035
172.5688018798828,13.658499717712402,-0.16708895564079285
174.22018432617188,13.658499717712402,-0.20216719806194305
175.87156677246094,13.658499717712402,-0.21074339747428894
177.52293395996094,13.658499717712402,-0.3127311170101166
179.17431640625,13.658499717712402,-0.48621585965156555
-179.17808532714844,12.051555633544922,-0.4076041579246521
-177.53424072265625,12.051555633544922,-0.47279274463653564
-175.89041137695312,12.051555633544922,-0.4821659028530121
-174.24658203125,12.051555633544922,-0.5009791254997253
-172.6027374267578,12.051555633544922,-0.4860440492630005
-170.9589080810547,12.051555633544922,-0.44149431586265564
-169.3150634765625,12.051555633544922,-0.4075973629951477
-167.67123413085938,12.051555633544922,-0.3755897581577301
-166.02740478515625,12.051555633544922,-0.329061895608902
-164.38356018066406,12.051555633544922,-0.23789913952350616
-162.73973083496094,12.051555633544922,-0.2121381163597107
-161.09588623046875,12.051555633544922,-0.2744368314743042
-159.45205688476562,12.051555633544922,-0.31679534912109375
-157.80821228027344,12.051555633544922,-0.3143889605998993
-156.1643829345703,12.051555633544922,-0.284330815076828
-154.5205535888672,12.051555633544922,-0.2903839647769928
-152.876708984375,12.051555633544922,-0.2628771960735321
-151.23287963867188,12.051555633544922,-0.17363865673542023
-149.5890350341797,12.051555633544922,-0.15950438380241394
-147.94520568847656,12.051555633544922,-0.15316422283649445
-146.30137634277344,12.051555633544922,-0.053889717906713486
-144.65753173828125,12.051555633544922,0.018081538379192352
-143.01370239257812,12.051555633544922,0.05174153670668602
-141.36985778808594,12.051555633544922,0.04238300397992134
-139.7260284423828,12.051555633544922,0.047682445496320724
-138.0821990966797,12.051555633544922,0.051713116466999054
-136.4383544921875,12.051555633544922,0.026058578863739967
-134.79452514648438,12.051555633544922,0.022889582440257072
-133.1506805419922,12.051555633544922,0.03830331191420555
-131.50685119628906,12.051555633544922,0.07418803870677948
-129.86300659179688,12.051555633544922,0.11804301291704178
-128.21917724609375,12.051555633544922,0.16942964494228363
-126.5753402709961,12.051555633544922,0.28894031047821045
-124.93150329589844,12.051555633544922,0.39636319875717163
-123.28767395019531,12.051555633544922,0.4697003662586212
-121.64383697509766,12.051555633544922,0.35926559567451477
-120.0,12.051555633544922,0.23363716900348663
-118.35616302490234,12.051555633544922,0.11967112123966217
-116.71232604980469,12.051555633544922,0.14491978287696838
-115.06849670410156,12.051555633544922,0.1350201964378357
-113.4246597290039,12.051555633544922,0.07025731354951859
-111.78082275390625,12.051555633544922,-0.031349945813417435
-110.1369857788086,12.051555633544922,-0.13325710594654083
-108.49314880371094,12.051555633544922,-0.21788470447063446
-106.84931182861328,12.051555633544922,-0.2970621883869171
-105.20548248291016,12.051555633544922,-0.3359529376029968
-103.5616455078125,12.051555633544922,-0.31828054785728455
-101.91780853271484,12.051555633544922,-0.15218277275562286
-100.27397155761719,12.051555633544922,0.06688302010297775
-98.63013458251953,12.051555633544922,0.3068749010562897
-96.98629760742188,12.051555633544922,0.46918123960494995
-95.34246826171875,12.051555633544922,0.6194301247596741
-93.6986312866211,12.051555633544922,0.7536601424217224
-92.05479431152344,12.051555633544922,0.7642823457717896
-90.41095733642578,12.051555633544922,0.7135932445526123
-88.76712036132812,12.051555633544922,0.6434156894683838
-87.123291015625,12.051555633544922,0.5222708582878113
-85.47945404052734,12.051555633544922,0.29436084628105164
-83.83561706542969,12.051555633544922,0.2510383725166321
-82.19178009033203,12.051555633544922,0.35223281383514404
-80.54794311523438,12.051555633544922,0.3349488079547882
-78.90410614013672,12.051555633544922,0.3340359330177307
-77.2602767944336,12.051555633544922,0.3152323365211487
-75.61643981933594,12.051555633544922,0.29225069284439087
-73.97260284423828,12.051555633544922,0.28972071409225464
-72.32876586914062,12.051555633544922,0.19548887014389038
-70.68492889404297,12.051555633544922,0.16514573991298676
-69.04109954833984,12.051555633544922,0.11953423917293549
-67.39726257324219,12.051555633544922,0.13855858147144318
-65.75342559814453,12.051555633544922,0.20579133927822113
-64.10958862304688,12.051555633544922,0.3042092025279999
-62.46575164794922,12.051555633544922,0.3340037763118744
-60.82191848754883,12.051555633544922,0.31189078092575073
-59.17808151245117,12.051555633544922,0.2895186245441437
-57.53424835205078,12.051555633544922,0.3093906342983246
-55.890411376953125,12.051555633544922,0.35052332282066345
-54.24657440185547,12.051555633544922,0.37451255321502686
-52.60274124145508,12.051555633544922,0.4049004316329956
-50.95890426635742,12.051555633544922,0.44016456604003906
-49.315067291259766,12.051555633544922,0.4664630889892578
-47.671234130859375,12.051555633544922,0.5432811975479126
-46.02739715576172,12.051555633544922,0.6742516756057739
-44.38356018066406,12.051555633544922,0.7965582609176636
-42.73972702026367,12.051555633544922,0.8970775604248047
-41.095890045166016,12.051555633544922,0.9862567186355591
-39.45205307006836,12.051555633544922,1.0650323629379272
-37.80821990966797,12.051555633544922,1.1014552116394043
-36.16438293457031,12.051555633544922,1.082621693611145
-34.52054977416992,12.051555633544922,1.0550565719604492
-32.876712799072266,12.051555633544922,1.0057446956634521
-31.23287582397461,12.051555633544922,0.9325241446495056
-29.589040756225586,12.051555633544922,0.8770058155059814
-27.945205688476562,12.051555633544922,0.8332986235618591
-26.30137062072754,12.051555633544922,0.7997150421142578
-24.657533645629883,12.051555633544922,0.7690182328224182
-23.01369857788086,12.051555633544922,0.7109625339508057
-21.369863510131836,12.051555633544922,0.6142845749855042
-19.72602653503418,12.051555633544922,0.5426188111305237
-18.082191467285156,12.051555633544922,0.45785394310951233
-16.438356399536133,12.051555633544922,0.5250973105430603
-14.794520378112793,12.051555633544922,0.5528278946876526
-13.15068531036377,12.051555633544922,0.24087384343147278
-11.50684928894043,12.051555633544922,-0.010392951779067516
-9.86301326751709,12.051555633544922,-0.33478763699531555
-8.219178199768066,12.051555633544922,-0.5141732096672058
-6.575342655181885,12.051555633544922,-0.514985203742981
-4.931506633758545,12.051555633544922,-0.28749287128448486
-3.2876713275909424,12.051555633544922,0.004977607633918524
-1.6438356637954712,12.051555633544922,-0.013754844665527344
0.0,12.051555633544922,-0.1504356414079666
1.6438356637954712,12.051555633544922,-0.20450381934642792
3.2876713275909424,12.051555633544922,-0.09993337094783783
4.931506633758545,12.051555633544922,-0.10512536019086838
6.575342655181885,12.051555633544922,-0.008720715530216694
8.219178199768066,12.051555633544922,0.2478446364402771
9.86301326751709,12.051555633544922,0.4389333128929138
11.50684928894043,12.051555633544922,0.5747801065444946
13.15068531036377,12.051555633544922,0.40688592195510864
14.794520378112793,12.051555633544922,0.230003222823143
16.438356399536133,12.051555633544922,0.12459691613912582
18.082191467285156,12.051555633544922,0.06156247481703758
19.72602653503418,12.051555633544922,0.04106610640883446
21.369863510131836,12.051555633544922,0.06528008729219437
23.01369857788086,12.051555633544922,0.11367104947566986
24.657533645629883,12.051555633544922,0.12357380986213684
26.30137062072754,12.051555633544922,0.11251271516084671
27.945205688476562,12.051555633544922,-0.017342185601592064
29.589040756225586,12.051555633544922,-0.20316968858242035
31.23287582397461,12.051555633544922,-0.47460684180259705
32.876712799072266,12.051555633544922,-0.7348719239234924
34.52054977416992,12.051555633544922,-0.7729024887084961
36.16438293457031,12.051555633544922,-0.5475829243659973
37.80821990966797,12.051555633544922,-0.3252531588077545
39.45205307006836,12.051555633544922,-0.35837477445602417
41.095890045166016,12.051555633544922,-0.11605485528707504
42.73972702026367,12.051555633544922,0.22445182502269745
44.38356018066406,12.051555633544922,0.09599482268095016
46.02739715576172,12.051555633544922,0.08611679077148438
47.671234130859375,12.051555633544922,0.11708691716194153
49.315067291259766,12.051555633544922,0.16456343233585358
50.95890426635742,12.051555633544922,0.4080004394054413
52.60274124145508,12.051555633544922,0.23789475858211517
54.24657440185547,12.051555633544922,0.29607340693473816
55.890411376953125,12.051555633544922,0.29306480288505554
57.53424835205078,12.051555633544922,0.30027732253074646
59.17808151245117,12.051555633544922,0.2807774841785431
60.82191848754883,12.051555633544922,0.24152043461799622
62.46575164794922,12.051555633544922,0.20038610696792603
64.10958862304688,12.051555633544922,0.14986902475357056
65.75342559814453,12.051555633544922,0.0780193954706192
67.39726257324219,12.051555633544922,0.026140276342630386
69.04109954833984,12.051555633544922,-0.0033742268569767475
70.68492889404297,12.051555633544922,-0.027895672246813774
72.32876586914062,12.051555633544922,-0.03796043246984482
73.97260284423828,12.051555633544922,-0.029042689129710197
75.61643981933594,12.051555633544922,0.3588276505470276
77.2602767944336,12.051555633544922,0.3218727707862854
78.90410614013672,12.051555633544922,0.1510218232870102
80.54794311523438,12.051555633544922,-0.05894972383975983
82.19178009033203,12.051555633544922,-0.05851554870605469
83.83561706542969,12.051555633544922,-0.03640969470143318
85.47945404052734,12.051555633544922,-0.030829429626464844
87.123291015625,12.051555633544922,-0.023664284497499466
88.76712036132812,12.051555633544922,-0.0023120243567973375
90.41095733642578,12.051555633544922,-0.009039370343089104
92.05479431152344,12.051555633544922,-0.015239397995173931
93.6986312866211,12.051555633544922,-0.007704543881118298
95.34246826171875,12.051555633544922,-0.011273256503045559
96.98629760742188,12.051555633544922,0.013371085748076439
98.63013458251953,12.051555633544922,0.45833560824394226
100.27397155761719,12.051555633544922,0.31064197421073914
101.91780853271484,12.051555633544922,0.3143334686756134
103.5616455078125,12.051555633544922,0.4868449568748474
105.20548248291016,12.051555633544922,0.3753637373447418
106.84931182861328,12.051555633544922,0.19347940385341644
108.49314880371094,12.051555633544922,0.2271091490983963
110.1369857788086,12.051555633544922,0.4550148546695709
111.78082275390625,12.051555633544922,0.4259449541568756
113.4246597290039,12.051555633544922,0.2981269955635071
115.06849670410156,12.051555633544922,0.15495020151138306
116.71232604980469,12.051555633544922,0.05967731401324272
118.35616302490234,12.051555633544922,0.13447996973991394
120.0,12.051555633544922,0.21123358607292175
121.64383697509766,12.051555633544922,0.3484637439250946
123.28767395019531,12.051555633544922,0.40969112515449524
124.93150329589844,12.051555633544922,0.5224012732505798
126.5753402709961,12.051555633544922,0.49564820528030396
128.21917724609375,12.051555633544922,0.42952385544776917
129.86300659179688,12.051555633544922,0.33271536231040955
131.50685119628906,12.051555633544922,0.21141108870506287
133.1506805419922,12.051555633544922,0.0188865028321743
134.79452514648438,12.051555633544922,-0.19002710282802582
136.4383544921875,12.051555633544922,-0.3641218841075897
138.0821990966797,12.051555633544922,-0.32477787137031555
139.7260284423828,12.051555633544922,-0.23639914393424988
141.36985778808594,12.051555633544922,-0.12331072241067886
143.01370239257812,12.051555633544922,-0.018211301416158676
144.65753173828125,12.051555633544922,0.05575300753116608
146.30137634277344,12.051555633544922,0.05895837023854256
147.94520568847656,12.051555633544922,-0.1375596970319748
149.5890350341797,12.051555633544922,-0.4162254333496094
151.23287963867188,12.051555633544922,-0.7296797633171082
152.876708984375,12.051555633544922,-0.821780264377594
154.5205535888672,12.051555633544922,-0.8689206838607788
156.1643829345703,12.051555633544922,-0.9028422832489014
157.80821228027344,12.051555633544922,-0.7743465900421143
159.45205688476562,12.051555633544922,-0.5690205097198486
161.09588623046875,12.051555633544922,-0.33651408553123474
162.73973083496094,12.051555633544922,-0.25814399123191833
164.38356018066406,12.051555633544922,-0.22825965285301208
166.02740478515625,12.051555633544922,-0.18711382150650024
167.67123413085938,12.051555633544922,-0.12921969592571259
169.3150634765625,12.051555633544922,-0.060086313635110855
170.9589080810547,12.051555633544922,0.017894744873046875
172.6027374267578,12.051555633544922,-0.004344876389950514
174.24658203125,12.051555633544922,-0.03878173977136612
175.89041137695312,12.051555633544922,-0.004037411883473396
177.53424072265625,12.051555633544922,-0.09639772027730942
179.17808532714844,12.051555633544922,-0.2616644501686096
-179.18182373046875,10.446892738342285,-0.10895480960607529
-177.5454559326172,10.446892738342285,-0.14105726778507233
-175.90908813476562,10.446892738342285,-0.15599168837070465
-174.27272033691406,10.446892738342285,-0.167611762881279
-172.63636779785156,10.446892738342285,-0.1829119324684143
-171.0,10.446892738342285,-0.20543892681598663
-169.36363220214844,10.446892738342285,-0.23797403275966644
-167.72727966308594,10.446892738342285,-0.25322645902633667
-166.09091186523438,10.446892738342285,-0.25276902318000793
-164.4545440673828,10.446892738342285,-0.23409372568130493
-162.81817626953125,10.446892738342285,-0.2280239760875702
-161.18182373046875,10.446892738342285,-0.24720312654972076
-159.5454559326172,10.446892738342285,-0.25567615032196045
-157.90908813476562,10.446892738342285,-0.2463647872209549
-156.27272033691406,10.446892738342285,-0.2454591691493988
-154.63636779785156,10.446892738342285,-0.25799015164375305
-153.0,10.446892738342285,-0.2400835007429123
-151.36363220214844,10.446892738342285,-0.1892709732055664
-149.72727966308594,10.446892738342285,-0.15381456911563873
-148.09091186523438,10.446892738342285,-0.12460994720458984
-146.4545440673828,10.446892738342285,-0.07123272866010666
-144.81817626953125,10.446892738342285,-0.02595316618680954
-143.18182373046875,10.446892738342285,-0.0013404845958575606
-141.5454559326172,10.446892738342285,0.015503247268497944
-139.90908813476562,10.446892738342285,0.02456696890294552
-138.27272033691406,10.446892738342285,0.02534383162856102
-136.63636779785156,10.446892738342285,0.01705239526927471
-135.0,10.446892738342285,0.02068614959716797
-133.36363220214844,10.446892738342285,0.0501888282597065
-131.72727966308594,10.446892738342285,0.10719261318445206
-130.09091186523438,10.446892738342285,0.1773798018693924
-128.4545440673828,10.446892738342285,0.24491018056869507
-126.81818389892578,10.446892738342285,0.3288611173629761
-125.18181610107422,10.446892738342285,0.4086662232875824
-123.54545593261719,10.446892738342285,0.4560152590274811
-121.90908813476562,10.446892738342285,0.42605680227279663
-120.2727279663086,10.446892738342285,0.35877418518066406
-118.63636016845703,10.446892738342285,0.2941133379936218
-117.0,10.446892738342285,0.2585875689983368
-115.36363983154297,10.446892738342285,0.22852210700511932
-113.7272720336914,10.446892738342285,0.15845394134521484
-112.09091186523438,10.446892738342285,0.058844756335020065
-110.45454406738281,10.446892738342285,-0.046404458582401276
-108.81818389892578,10.446892738342285,-0.14275754988193512
-107.18181610107422,10.446892738342285,-0.21037884056568146
-105.54545593261719,10.446892738342285,-0.2254515290260315
-103.90908813476562,10.446892738342285,-0.1861731857061386
-102.2727279663086,10.446892738342285,-0.07366504520177841
-100.63636016845703,10.446892738342285,0.09259173274040222
-99.0,10.446892738342285,0.2811209261417389
-97.36363983154297,10.446892738342285,0.46188977360725403
-95.7272720336914,10.446892738342285,0.6086103320121765
-94.09091186523438,10.446892738342285,0.7173038721084595
-92.45454406738281,10.446892738342285,0.7546280026435852
-90.81818389892578,10.446892738342285,0.7191839814186096
-89.18181610107422,10.446892738342285,0.6543233394622803
-87.54545593261719,10.446892738342285,0.5923082232475281
-85.90908813476562,10.446892738342285,0.4327203035354614
-84.2727279663086,10.446892738342285,0.14747537672519684
-82.63636016845703,10.446892738342285,0.43008658289909363
-81.0,10.446892738342285,0.39422303438186646
-79.36363983154297,10.446892738342285,0.37383073568344116
-77.7272720336914,10.446892738342285,0.35635045170783997
-76.09091186523438,10.446892738342285,0.32940471172332764
-74.45454406738281,10.446892738342285,0.430307000875473
-72.81818389892578,10.446892738342285,0.06426124274730682
-71.18181610107422,10.446892738342285,-0.10588391870260239
-69.54545593261719,10.446892738342285,0.06329084932804108
-67.90908813476562,10.446892738342285,0.3094095289707184
-66.2727279663086,10.446892738342285,0.4081253707408905
-64.63636016845703,10.446892738342285,0.28305065631866455
-63.0,10.446892738342285,0.425952285528183
-61.3636360168457,10.446892738342285,0.380172461271286
-59.727272033691406,10.446892738342285,0.2731238007545471
-58.09090805053711,10.446892738342285,0.2673517167568207
-56.45454406738281,10.446892738342285,0.2865210771560669
-54.818180084228516,10.446892738342285,0.3132994472980499
-53.181819915771484,10.446892738342285,0.34280115365982056
-51.54545593261719,10.446892738342285,0.3838290572166443
-49.90909194946289,10.446892738342285,0.4388555586338043
-48.272727966308594,10.446892738342285,0.5148594975471497
-46.6363639831543,10.446892738342285,0.6146167516708374
-45.0,10.446892738342285,0.7200744152069092
-43.3636360168457,10.446892738342285,0.8110260367393494
-41.727272033691406,10.446892738342285,0.8930990099906921
-40.09090805053711,10.446892738342285,0.9611575603485107
-38.45454406738281,10.446892738342285,1.0040611028671265
-36.818180084228516,10.446892738342285,1.0134284496307373
-35.181819915771484,10.446892738342285,0.9998412728309631
-33.54545593261719,10.446892738342285,0.9738854169845581
-31.909090042114258,10.446892738342285,0.933091938495636
-30.272727966308594,10.446892738342285,0.8894649744033813
-28.636363983154297,10.446892738342285,0.8392364382743835
-27.0,10.446892738342285,0.785861074924469
-25.363636016845703,10.446892738342285,0.7234534621238708
-23.727272033691406,10.446892738342285,0.6407718062400818
-22.090909957885742,10.446892738342285,0.5338020920753479
-20.454545974731445,10.446892738342285,0.42710354924201965
-18.81818199157715,10.446892738342285,0.32987359166145325
-17.18181800842285,10.446892738342285,0.23336747288703918
-15.545454978942871,10.446892738342285,0.1514362394809723
-13.909090995788574,10.446892738342285,0.5898837447166443
-12.272727012634277,10.446892738342285,0.5269555449485779
-10.636363983154297,10.446892738342285,0.22721189260482788
-9.0,10.446892738342285,-0.044003866612911224
-7.363636493682861,10.446892738342285,-0.1458452194929123
-5.7272725105285645,10.446892738342285,-0.04061571881175041
-4.090909004211426,10.446892738342285,0.027907943353056908
-2.454545497894287,10.446892738342285,0.10965671390295029
-0.8181818127632141,10.446892738342285,0.07830454409122467
0.8181818127632141,10.446892738342285,0.044407401233911514
2.454545497894287,10.446892738342285,0.006366221234202385
4.090909004211426,10.446892738342285,-0.03521671146154404
5.7272725105285645,10.446892738342285,-0.11985600739717484
7.363636493682861,10.446892738342285,-0.03084106370806694
9.0,10.446892738342285,0.1265968382358551
10.636363983154297,10.446892738342285,0.22264868021011353
12.272727012634277,10.446892738342285,0.19826945662498474
13.909090995788574,10.446892738342285,0.06380660086870193
15.545454978942871,10.446892738342285,0.04013563692569733
17.18181800842285,10.446892738342285,0.05154158174991608
18.81818199157715,10.446892738342285,0.0159518551081419
20.454545974731445,10.446892738342285,0.04418061673641205
22.090909957885742,10.446892738342285,0.03177909925580025
23.727272033691406,10.446892738342285,0.08293654024600983
25.363636016845703,10.446892738342285,0.08275292813777924
27.0,10.446892738342285,0.03267091140151024
28.636363983154297,10.446892738342285,-0.147426038980484
30.272727966308594,10.446892738342285,-0.35614871978759766
31.909090042114258,10.446892738342285,-0.5530202984809875
33.54545593261719,10.446892738342285,-0.5638666749000549
35.181819915771484,10.446892738342285,-0.397602915763855
36.818180084228516,10.446892738342285,-0.21000614762306213
38.45454406738281,10.446892738342285,-0.12691840529441833
40.09090805053711,10.446892738342285,-0.10405292361974716
41.727272033691406,10.446892738342285,0.038313355296850204
43.3636360168457,10.446892738342285,0.39243119955062866
45.0,10.446892738342285,0.43297550082206726
46.6363639831543,10.446892738342285,0.682529628276825
48.272727966308594,10.446892738342285,0.8545231223106384
49.90909194946289,10.446892738342285,0.866960883140564
51.54545593261719,10.446892738342285,0.34365957975387573
53.181819915771484,10.446892738342285,0.32002538442611694
54.818180084228516,10.446892738342285,0.3317789137363434
56.45454406738281,10.446892738342285,0.349812775850296
58.09090805053711,10.446892738342285,0.36095428466796875
59.727272033691406,10.446892738342285,0.35889407992362976
61.3636360168457,10.446892738342285,0.32280591130256653
63.0,10.446892738342285,0.25305360555648804
64.63636016845703,10.446892738342285,0.16655419766902924
66.2727279663086,10.446892738342285,0.08865038305521011
67.90908813476562,10.446892738342285,0.048009682446718216
69.54545593261719,10.446892738342285,0.03106129914522171
71.18181610107422,10.446892738342285,0.019378725439310074
72.81818389892578,10.446892738342285,0.01760082319378853
74.45454406738281,10.446892738342285,0.025454966351389885
76.09091186523438,10.446892738342285,0.24513550102710724
77.7272720336914,10.446892738342285,0.3664822280406952
79.36363983154297,10.446892738342285,0.26829877495765686
81.0,10.446892738342285,0.01299438439309597
82.63636016845703,10.446892738342285,-0.005173874087631702
84.2727279663086,10.446892738342285,-0.02627003937959671
85.90908813476562,10.446892738342285,-0.042276762425899506
87.54545593261719,10.446892738342285,-0.04108715057373047
89.18181610107422,10.446892738342285,-0.030038515105843544
90.81818389892578,10.446892738342285,-0.017947452142834663
92.45454406738281,10.446892738342285,0.03851540759205818
94.09091186523438,10.446892738342285,0.02667032927274704
95.7272720336914,10.446892738342285,0.06110267713665962
97.36363983154297,10.446892738342285,0.11740157008171082
99.0,10.446892738342285,0.39685097336769104
100.63636016845703,10.446892738342285,0.2759227156639099
102.2727279663086,10.446892738342285,0.346349835395813
103.90908813476562,10.446892738342285,0.48084959387779236
105.54545593261719,10.446892738342285,0.4773644804954529
107.18181610107422,10.446892738342285,0.3619356155395508
108.81818389892578,10.446892738342285,0.4462357759475708
110.45454406738281,10.446892738342285,0.4301232695579529
112.09091186523438,10.446892738342285,0.39023903012275696
113.7272720336914,10.446892738342285,0.3057745695114136
115.36363983154297,10.446892738342285,0.2078770250082016
117.0,10.446892738342285,0.16248346865177155
118.63636016845703,10.446892738342285,0.1809839904308319
120.2727279663086,10.446892738342285,0.29167214035987854
121.90908813476562,10.446892738342285,0.34784018993377686
123.54545593261719,10.446892738342285,0.3359127640724182
125.18181610107422,10.446892738342285,0.48375067114830017
126.81818389892578,10.446892738342285,0.5314324498176575
128.4545440673828,10.446892738342285,0.4722002148628235
130.09091186523438,10.446892738342285,0.3624938428401947
131.72727966308594,10.446892738342285,0.2117234617471695
133.36363220214844,10.446892738342285,0.033569082617759705
135.0,10.446892738342285,-0.14472821354866028
136.63636779785156,10.446892738342285,-0.2624269425868988
138.27272033691406,10.446892738342285,-0.27399539947509766
139.90908813476562,10.446892738342285,-0.22219517827033997
141.5454559326172,10.446892738342285,-0.13330593705177307
143.18182373046875,10.446892738342285,-0.03462924808263779
144.81817626953125,10.446892738342285,0.04523061215877533
146.4545440673828,10.446892738342285,0.05336494371294975
148.09091186523438,10.446892738342285,-0.04657166823744774
149.72727966308594,10.446892738342285,-0.21642965078353882
151.36363220214844,10.446892738342285,-0.40252265334129333
153.0,10.446892738342285,-0.5334955453872681
154.63636779785156,10.446892738342285,-0.6147631406784058
156.27272033691406,10.446892738342285,-0.6247711181640625
157.90908813476562,10.446892738342285,-0.5314490795135498
159.5454559326172,10.446892738342285,-0.3637372851371765
161.18182373046875,10.446892738342285,-0.1887378692626953
162.81817626953125,10.446892738342285,-0.06505705416202545
164.4545440673828,10.446892738342285,0.022867901250720024
166.09091186523438,10.446892738342285,0.07869402319192886
167.72727966308594,10.446892738342285,0.10887031257152557
169.36363220214844,10.446892738342285,0.11642538756132126
171.0,10.446892738342285,0.10307540744543076
172.63636779785156,10.446892738342285,0.06646639853715897
174.27272033691406,10.446892738342285,0.03433138504624367
175.90908813476562,10.446892738342285,0.017431577667593956
177.5454559326172,10.446892738342285,-0.012022018432617188
179.18182373046875,10.446892738342285,-0.058660317212343216
-179.18919372558594,8.839601516723633,0.147915780544281
-177.56756591796875,8.839601516723633,0.1726066619157791
-175.94595336914062,8.839601516723633,0.1931041032075882
-174.32432556152344,8.839601516723633,0.21002337336540222
-172.70269775390625,8.839601516723633,0.15633729100227356
-171.08108520507812,8.839601516723633,0.027889633551239967
-169.45945739746094,8.839601516723633,-0.07574450224637985
-167.8378448486328,8.839601516723633,-0.13960005342960358
-166.21621704101562,8.839601516723633,-0.18426698446273804
-164.59458923339844,8.839601516723633,-0.21984411776065826
-162.9729766845703,8.839601516723633,-0.22856101393699646
-161.35134887695312,8.839601516723633,-0.20251350104808807
-159.729736328125,8.839601516723633,-0.16134414076805115
-158.1081085205078,8.839601516723633,-0.14289182424545288
-156.48648071289062,8.839601516723633,-0.16847018897533417
-154.8648681640625,8.839601516723633,-0.20492343604564667
-153.2432403564453,8.839601516723633,-0.20934715867042542
-151.6216278076172,8.839601516723633,-0.16704590618610382
-150.0,8.839601516723633,-0.10708312690258026
-148.3783721923828,8.839601516723633,-0.05333754047751427
-146.7567596435547,8.839601516723633,-0.021448899060487747
-145.1351318359375,8.839601516723633,-0.010950851254165173
-143.51351928710938,8.839601516723633,-0.00961430836468935
-141.8918914794922,8.839601516723633,0.012068366631865501
-140.270263671875,8.839601516723633,0.026120059192180634
-138.64865112304688,8.839601516723633,0.02689380571246147
-137.0270233154297,8.839601516723633,0.02696247026324272
-135.40541076660156,8.839601516723633,0.02958138845860958
-133.78378295898438,8.839601516723633,0.0723038986325264
-132.1621551513672,8.839601516723633,0.13891537487506866
-130.54054260253906,8.839601516723633,0.21494312584400177
-128.91891479492188,8.839601516723633,0.2781403362751007
-127.29729461669922,8.839601516723633,0.34240061044692993
-125.67567443847656,8.839601516723633,0.40351930260658264
-124.0540542602539,8.839601516723633,0.4532950818538666
-122.43243408203125,8.839601516723633,0.4684188961982727
-120.8108139038086,8.839601516723633,0.4605933427810669
-119.1891860961914,8.839601516723633,0.4501124620437622
-117.56756591796875,8.839601516723633,0.41952744126319885
-115.9459457397461,8.839601516723633,0.37191301584243774
-114.32432556152344,8.839601516723633,0.31443551182746887
-112.70270538330078,8.839601516723633,0.22545211017131805
-111.0810775756836,8.839601516723633,0.10271403193473816
-109.45945739746094,8.839601516723633,-0.03092632256448269
-107.83783721923828,8.839601516723633,-0.11691919714212418
-106.21621704101562,8.839601516723633,-0.12447420507669449
-104.59459686279297,8.839601516723633,-0.0975046157836914
-102.97297668457031,8.839601516723633,-0.025044823065400124
-101.35134887695312,8.839601516723633,0.10140737146139145
-99.72972869873047,8.839601516723633,0.2594771087169647
-98.10810852050781,8.839601516723633,0.4252389371395111
-96.48648834228516,8.839601516723633,0.5825707316398621
-94.8648681640625,8.839601516723633,0.6866762042045593
-93.24324035644531,8.839601516723633,0.7310103178024292
-91.62162017822266,8.839601516723633,0.7041298747062683
-90.0,8.839601516723633,0.63450688123703
-88.37837982177734,8.839601516723633,0.5620036721229553
-86.75675964355469,8.839601516723633,0.5436761379241943
-85.1351318359375,8.839601516723633,0.515627920627594
-83.51351165771484,8.839601516723633,0.290030300617218
-81.89189147949219,8.839601516723633,0.33878180384635925
-80.27027130126953,8.839601516723633,0.4835926592350006
-78.64865112304688,8.839601516723633,0.4682013690471649
-77.02702331542969,8.839601516723633,0.3892108201980591
-75.40540313720703,8.839601516723633,0.2513560652732849
-73.78378295898438,8.839601516723633,0.11238625645637512
-72.16216278076172,8.839601516723633,-0.05507297441363335
-70.54054260253906,8.839601516723633,0.07010211795568466
-68.9189224243164,8.839601516723633,0.44062697887420654
-67.29729461669922,8.839601516723633,0.5756429433822632
-65.67567443847656,8.839601516723633,0.6019612550735474
-64.0540542602539,8.839601516723633,0.7026544213294983
-62.43243408203125,8.839601516723633,0.515937864780426
-60.81081008911133,8.839601516723633,0.27894288301467896
-59.18918991088867,8.839601516723633,0.2077234834432602
-57.56756591796875,8.839601516723633,0.19844907522201538
-55.945945739746094,8.839601516723633,0.2090139389038086
-54.32432556152344,8.839601516723633,0.23121413588523865
-52.702701568603516,8.839601516723633,0.2702468931674957
-51.08108139038086,8.839601516723633,0.3293299973011017
-49.4594612121582,8.839601516723633,0.41688475012779236
-47.83783721923828,8.839601516723633,0.5063802599906921
-46.216217041015625,8.839601516723633,0.582157552242279
-44.5945930480957,8.839601516723633,0.6634495258331299
-42.97297286987305,8.839601516723633,0.7420740127563477
-41.35135269165039,8.839601516723633,0.8085342049598694
-39.72972869873047,8.839601516723633,0.8558095693588257
-38.10810852050781,8.839601516723633,0.8827640414237976
-36.486488342285156,8.839601516723633,0.8959140777587891
-34.864864349365234,8.839601516723633,0.8982622623443604
-33.24324417114258,8.839601516723633,0.8915252685546875
-31.62162208557129,8.839601516723633,0.8759047389030457
-30.0,8.839601516723633,0.8482671976089478
-28.37837791442871,8.839601516723633,0.8020980954170227
-26.756755828857422,8.839601516723633,0.7327303290367126
-25.135135650634766,8.839601516723633,0.6414796710014343
-23.513513565063477,8.839601516723633,0.5285707712173462
-21.891891479492188,8.839601516723633,0.3971986174583435
-20.2702693939209,8.839601516723633,0.2552279829978943
-18.648649215698242,8.839601516723633,0.13017362356185913
-17.027027130126953,8.839601516723633,0.08420798182487488
-15.405405044555664,8.839601516723633,0.07288913428783417
-13.783783912658691,8.839601516723633,0.07358811795711517
-12.162161827087402,8.839601516723633,0.6045904755592346
-10.54054069519043,8.839601516723633,0.44346219301223755
-8.91891860961914,8.839601516723633,0.16670933365821838
-7.297297477722168,8.839601516723633,0.21683120727539062
-5.675675868988037,8.839601516723633,0.2531189024448395
-4.054054260253906,8.839601516723633,0.22646917402744293
-2.4324324131011963,8.839601516723633,0.2683783769607544
-0.8108108043670654,8.839601516723633,0.1441991776227951
0.8108108043670654,8.839601516723633,0.02296803705394268
2.4324324131011963,8.839601516723633,-0.01636028289794922
4.054054260253906,8.839601516723633,-0.12757809460163116
5.675675868988037,8.839601516723633,-0.16980235278606415
7.297297477722168,8.839601516723633,-0.14473025500774384
8.91891860961914,8.839601516723633,-0.04390900954604149
10.54054069519043,8.839601516723633,0.055761780589818954
12.162161827087402,8.839601516723633,0.07886327058076859
13.783783912658691,8.839601516723633,-0.0036819458473473787
15.405405044555664,8.839601516723633,-0.031608328223228455
17.027027130126953,8.839601516723633,-0.024085044860839844
18.648649215698242,8.839601516723633,-0.011870447546243668
20.2702693939209,8.839601516723633,0.0391656868159771
21.891891479492188,8.839601516723633,0.08357658237218857
23.513513565063477,8.839601516723633,0.08752167969942093
25.135135650634766,8.839601516723633,0.10152161866426468
26.756755828857422,8.839601516723633,0.03512077406048775
28.37837791442871,8.839601516723633,-0.0975961685180664
30.0,8.839601516723633,-0.2630353271961212
31.62162208557129,8.839601516723633,-0.41345590353012085
33.24324417114258,8.839601516723633,-0.3529623746871948
34.864864349365234,8.839601516723633,-0.1944916993379593
36.486488342285156,8.839601516723633,-0.012459627352654934
38.10810852050781,8.839601516723633,0.07753168791532516
39.72972869873047,8.839601516723633,0.10504328459501266
41.35135269165039,8.839601516723633,0.20299294590950012
42.97297286987305,8.839601516723633,0.524508535861969
44.5945930480957,8.839601516723633,0.7977455854415894
46.216217041015625,8.839601516723633,0.9150608777999878
47.83783721923828,8.839601516723633,0.9468443989753723
49.4594612121582,8.839601516723633,0.9588977098464966
51.08108139038086,8.839601516723633,0.37566572427749634
52.702701568603516,8.839601516723633,0.3805559277534485
54.32432556152344,8.839601516723633,0.3694796860218048
55.945945739746094,8.839601516723633,0.37201106548309326
57.56756591796875,8.839601516723633,0.39544183015823364
59.18918991088867,8.839601516723633,0.4275208115577698
60.81081008911133,8.839601516723633,0.4331490099430084
62.43243408203125,8.839601516723633,0.37015920877456665
64.0540542602539,8.839601516723633,0.2575111985206604
65.67567443847656,8.839601516723633,0.14978288114070892
67.29729461669922,8.839601516723633,0.08976758271455765
68.9189224243164,8.839601516723633,0.07756690680980682
70.54054260253906,8.839601516723633,0.07122097164392471
72.16216278076172,8.839601516723633,0.06915562599897385
73.78378295898438,8.839601516723633,0.0696713775396347
75.40540313720703,8.839601516723633,0.0688617080450058
77.02702331542969,8.839601516723633,0.4045918881893158
78.64865112304688,8.839601516723633,0.1581309586763382
80.27027130126953,8.839601516723633,0.22990970313549042
81.89189147949219,8.839601516723633,0.07526664435863495
83.51351165771484,8.839601516723633,0.020485688000917435
85.1351318359375,8.839601516723633,-0.025556882843375206
86.75675964355469,8.839601516723633,-0.04704354703426361
88.37837982177734,8.839601516723633,-0.037129148840904236
90.0,8.839601516723633,-0.012613233178853989
91.62162017822266,8.839601516723633,0.02562561072409153
93.24324035644531,8.839601516723633,0.0711454376578331
94.8648681640625,8.839601516723633,0.1274368315935135
96.48648834228516,8.839601516723633,0.1839238554239273
98.10810852050781,8.839601516723633,0.3328959047794342
99.72972869873047,8.839601516723633,0.460844486951828
101.35134887695312,8.839601516723633,0.35556137561798096
102.97297668457031,8.839601516723633,0.4095820188522339
104.59459686279297,8.839601516723633,0.4549660384654999
106.21621704101562,8.839601516723633,0.4562177062034607
107.83783721923828,8.839601516723633,0.4506903886795044
109.45945739746094,8.839601516723633,0.43188774585723877
111.0810775756836,8.839601516723633,0.39992305636405945
112.70270538330078,8.839601516723633,0.3672127425670624
114.32432556152344,8.839601516723633,0.31745922565460205
115.9459457397461,8.839601516723633,0.25045451521873474
117.56756591796875,8.839601516723633,0.2246578186750412
119.1891860961914,8.839601516723633,0.2813628017902374
120.8108139038086,8.839601516723633,0.34484538435935974
122.43243408203125,8.839601516723633,0.4231622815132141
124.0540542602539,8.839601516723633,0.5027698874473572
125.67567443847656,8.839601516723633,0.4644063413143158
127.29729461669922,8.839601516723633,0.557133138179779
128.91891479492188,8.839601516723633,0.4826965928077698
130.54054260253906,8.839601516723633,0.3696126341819763
132.1621551513672,8.839601516723633,0.22330716252326965
133.78378295898438,8.839601516723633,0.06264031678438187
135.40541076660156,8.839601516723633,-0.08388353884220123
137.0270233154297,8.839601516723633,-0.18201185762882233
138.64865112304688,8.839601516723633,-0.20311221480369568
140.270263671875,8.839601516723633,-0.1822824478149414
141.8918914794922,8.839601516723633,-0.12360432744026184
143.51351928710938,8.839601516723633,-0.013531875796616077
145.1351318359375,8.839601516723633,0.08973070979118347
146.7567596435547,8.839601516723633,0.13950353860855103
148.3783721923828,8.839601516723633,0.12087783962488174
150.0,8.839601516723633,0.06517442315816879
151.6216278076172,8.839601516723633,-0.02331460267305374
153.2432403564453,8.839601516723633,-0.2013224959373474
154.8648681640625,8.839601516723633,-0.33595916628837585
156.48648071289062,8.839601516723633,-0.3744654953479767
158.1081085205078,8.839601516723633,-0.31017622351646423
159.729736328125,8.839601516723633,-0.18393942713737488
161.35134887695312,8.839601516723633,-0.03886546939611435
162.9729766845703,8.839601516723633,0.10346711426973343
164.59458923339844,8.839601516723633,0.23501600325107574
166.21621704101562,8.839601516723633,0.3248690366744995
167.8378448486328,8.839601516723633,0.31592655181884766
169.45945739746094,8.839601516723633,0.25390687584877014
171.08108520507812,8.839601516723633,0.17944686114788055
172.70269775390625,8.839601516723633,0.12318941950798035
174.32432556152344,8.839601516723633,0.07604071497917175
175.94595336914062,8.839601516723633,0.041123516857624054
177.56756591796875,8.839601516723633,0.06546293944120407
179.18919372558594,8.839601516723633,0.11865921318531036
-179.18919372558594,7.232051849365234,0.3530934154987335
-177.56756591796875,7.232051849365234,0.4101090133190155
-175.94595336914062,7.232051849365234,0.458674818277359
-174.32432556152344,7.232051849365234,0.5064228773117065
-172.70269775390625,7.232051849365234,0.4208412766456604
-171.08108520507812,7.232051849365234,0.2034146636724472
-169.45945739746094,7.232051849365234,0.05803731456398964
-167.8378448486328,7.232051849365234,-0.036615751683712006
-166.21621704101562,7.232051849365234,-0.1075499877333641
-164.59458923339844,7.232051849365234,-0.17215532064437866
-162.9729766845703,7.232051849365234,-0.19399458169937134
-161.35134887695312,7.232051849365234,-0.12653586268424988
-159.729736328125,7.232051849365234,-0.05412972718477249
-158.1081085205078,7.232051849365234,-0.023555120453238487
-156.48648071289062,7.232051849365234,-0.07480666041374207
-154.8648681640625,7.232051849365234,-0.13491401076316833
-153.2432403564453,7.232051849365234,-0.17653077840805054
-151.6216278076172,7.232051849365234,-0.13609161972999573
-150.0,7.232051849365234,-0.06585896760225296
-148.3783721923828,7.232051849365234,0.02021350897848606
-146.7567596435547,7.232051849365234,0.038407135754823685
-145.1351318359375,7.232051849365234,0.03589528426527977
-143.51351928710938,7.232051849365234,0.019667688757181168
-141.8918914794922,7.232051849365234,0.040860366076231
-140.270263671875,7.232051849365234,0.04261201247572899
-138.64865112304688,7.232051849365234,0.04100169986486435
-137.0270233154297,7.232051849365234,0.03593870624899864
-135.40541076660156,7.232051849365234,0.05182806774973869
-133.78378295898438,7.232051849365234,0.10638014227151871
-132.1621551513672,7.232051849365234,0.17711620032787323
-130.54054260253906,7.232051849365234,0.24860769510269165
-128.91891479492188,7.232051849365234,0.30161869525909424
-127.29729461669922,7.232051849365234,0.3606904447078705
-125.67567443847656,7.232051849365234,0.4094589352607727
-124.0540542602539,7.232051849365234,0.45696285367012024
-122.43243408203125,7.232051849365234,0.492180198431015
-120.8108139038086,7.232051849365234,0.5278872847557068
-119.1891860961914,7.232051849365234,0.5600534081459045
-117.56756591796875,7.232051849365234,0.5474510788917542
-115.9459457397461,7.232051849365234,0.49988263845443726
-114.32432556152344,7.232051849365234,0.4590264558792114
-112.70270538330078,7.232051849365234,0.39028581976890564
-111.0810775756836,7.232051849365234,0.2696059048175812
-109.45945739746094,7.232051849365234,0.11011473089456558
-107.83783721923828,7.232051849365234,0.007990074343979359
-106.21621704101562,7.232051849365234,0.01235046423971653
-104.59459686279297,7.232051849365234,0.01752471923828125
-102.97297668457031,7.232051849365234,0.07588723301887512
-101.35134887695312,7.232051849365234,0.21262098848819733
-99.72972869873047,7.232051849365234,0.35824674367904663
-98.10810852050781,7.232051849365234,0.48899275064468384
-96.48648834228516,7.232051849365234,0.6102330684661865
-94.8648681640625,7.232051849365234,0.6775075197219849
-93.24324035644531,7.232051849365234,0.7012000679969788
-91.62162017822266,7.232051849365234,0.6457505822181702
-90.0,7.232051849365234,0.5649639964103699
-88.37837982177734,7.232051849365234,0.47722694277763367
-86.75675964355469,7.232051849365234,0.5082885026931763
-85.1351318359375,7.232051849365234,0.5006504654884338
-83.51351165771484,7.232051849365234,0.45417022705078125
-81.89189147949219,7.232051849365234,0.445881724357605
-80.27027130126953,7.232051849365234,0.4367028474807739
-78.64865112304688,7.232051849365234,0.43796786665916443
-77.02702331542969,7.232051849365234,0.30806154012680054
-75.40540313720703,7.232051849365234,0.24503828585147858
-73.78378295898438,7.232051849365234,0.15975436568260193
-72.16216278076172,7.232051849365234,0.07728824764490128
-70.54054260253906,7.232051849365234,0.3701935410499573
-68.9189224243164,7.232051849365234,0.5185630917549133
-67.29729461669922,7.232051849365234,0.5197631120681763
-65.67567443847656,7.232051849365234,0.6157703995704651
-64.0540542602539,7.232051849365234,0.7061769366264343
-62.43243408203125,7.232051849365234,0.4249320328235626
-60.81081008911133,7.232051849365234,0.1807091385126114
-59.18918991088867,7.232051849365234,0.11928005516529083
-57.56756591796875,7.232051849365234,0.09401105344295502
-55.945945739746094,7.232051849365234,0.09208227694034576
-54.32432556152344,7.232051849365234,0.10408299416303635
-52.702701568603516,7.232051849365234,0.1401831954717636
-51.08108139038086,7.232051849365234,0.20107975602149963
-49.4594612121582,7.232051849365234,0.30912449955940247
-47.83783721923828,7.232051849365234,0.4087968170642853
-46.216217041015625,7.232051849365234,0.46675682067871094
-44.5945930480957,7.232051849365234,0.5424267053604126
-42.97297286987305,7.232051849365234,0.6196048855781555
-41.35135269165039,7.232051849365234,0.676271378993988
-39.72972869873047,7.232051849365234,0.7128905653953552
-38.10810852050781,7.232051849365234,0.7311589121818542
-36.486488342285156,7.232051849365234,0.7585205435752869
-34.864864349365234,7.232051849365234,0.7806643843650818
-33.24324417114258,7.232051849365234,0.7963498830795288
-31.62162208557129,7.232051849365234,0.8006318211555481
-30.0,7.232051849365234,0.7887755632400513
-28.37837791442871,7.232051849365234,0.7553350925445557
-26.756755828857422,7.232051849365234,0.6761343479156494
-25.135135650634766,7.232051849365234,0.5749343633651733
-23.513513565063477,7.232051849365234,0.45281702280044556
-21.891891479492188,7.232051849365234,0.306077778339386
-20.2702693939209,7.232051849365234,0.13610585033893585
-18.648649215698242,7.232051849365234,-0.03314806520938873
-17.027027130126953,7.232051849365234,-0.02855631522834301
-15.405405044555664,7.232051849365234,0.0029554367065429688
-13.783783912658691,7.232051849365234,0.05133527144789696
-12.162161827087402,7.232051849365234,0.2905685305595398
-10.54054069519043,7.232051849365234,0.4606693387031555
-8.91891860961914,7.232051849365234,0.377117782831192
-7.297297477722168,7.232051849365234,0.4148699939250946
-5.675675868988037,7.232051849365234,0.17432944476604462
-4.054054260253906,7.232051849365234,0.16981284320354462
-2.4324324131011963,7.232051849365234,0.2533082365989685
-0.8108108043670654,7.232051849365234,0.1051797866821289
0.8108108043670654,7.232051849365234,-0.02573954313993454
2.4324324131011963,7.232051849365234,-0.10975398868322372
4.054054260253906,7.232051849365234,-0.11681601405143738
5.675675868988037,7.232051849365234,-0.11965389549732208
7.297297477722168,7.232051849365234,-0.07130756229162216
8.91891860961914,7.232051849365234,-0.06408520042896271
10.54054069519043,7.232051849365234,0.03702761232852936
12.162161827087402,7.232051849365234,0.07762374728918076
13.783783912658691,7.232051849365234,0.09909064322710037
15.405405044555664,7.232051849365234,-0.04146607592701912
17.027027130126953,7.232051849365234,-0.07558587193489075
18.648649215698242,7.232051849365234,-0.01710459403693676
20.2702693939209,7.232051849365234,0.06701602786779404
21.891891479492188,7.232051849365234,0.14501863718032837
23.513513565063477,7.232051849365234,0.19511286914348602
25.135135650634766,7.232051849365234,0.1642501801252365
26.756755828857422,7.232051849365234,0.11470387876033783
28.37837791442871,7.232051849365234,0.05372721329331398
30.0,7.232051849365234,-0.03265972062945366
31.62162208557129,7.232051849365234,-0.14499251544475555
33.24324417114258,7.232051849365234,-0.086217500269413
34.864864349365234,7.232051849365234,0.00999476108700037
36.486488342285156,7.232051849365234,0.18609218299388885
38.10810852050781,7.232051849365234,0.32796746492385864
39.72972869873047,7.232051849365234,0.3403335511684418
41.35135269165039,7.232051849365234,0.5072927474975586
42.97297286987305,7.232051849365234,0.7435562014579773
44.5945930480957,7.232051849365234,0.972623884677887
46.216217041015625,7.232051849365234,0.973550021648407
47.83783721923828,7.232051849365234,0.9273539781570435
49.4594612121582,7.232051849365234,0.6587098836898804
51.08108139038086,7.232051849365234,0.42392298579216003
52.702701568603516,7.232051849365234,0.41518256068229675
54.32432556152344,7.232051849365234,0.38805046677589417
55.945945739746094,7.232051849365234,0.3864682614803314
57.56756591796875,7.232051849365234,0.42456600069999695
59.18918991088867,7.232051849365234,0.4709588885307312
60.81081008911133,7.232051849365234,0.5051097869873047
62.43243408203125,7.232051849365234,0.443311870098114
64.0540542602539,7.232051849365234,0.31679075956344604
65.67567443847656,7.232051849365234,0.19891656935214996
67.29729461669922,7.232051849365234,0.1383601576089859
68.9189224243164,7.232051849365234,0.13273589313030243
70.54054260253906,7.232051849365234,0.12649746239185333
72.16216278076172,7.232051849365234,0.12591920793056488
73.78378295898438,7.232051849365234,0.12153371423482895
75.40540313720703,7.232051849365234,0.11222369223833084
77.02702331542969,7.232051849365234,0.11684595793485641
78.64865112304688,7.232051849365234,0.14505036175251007
80.27027130126953,7.232051849365234,0.38400599360466003
81.89189147949219,7.232051849365234,0.14445705711841583
83.51351165771484,7.232051849365234,0.06537043303251266
85.1351318359375,7.232051849365234,-0.0006500243907794356
86.75675964355469,7.232051849365234,-0.03929615020751953
88.37837982177734,7.232051849365234,-0.01742890663444996
90.0,7.232051849365234,0.016756948083639145
91.62162017822266,7.232051849365234,0.06689224392175674
93.24324035644531,7.232051849365234,0.14652779698371887
94.8648681640625,7.232051849365234,0.20746059715747833
96.48648834228516,7.232051849365234,0.2764472961425781
98.10810852050781,7.232051849365234,0.29868513345718384
99.72972869873047,7.232051849365234,0.4281521439552307
101.35134887695312,7.232051849365234,0.39348194003105164
102.97297668457031,7.232051849365234,0.43491432070732117
104.59459686279297,7.232051849365234,0.4694613814353943
106.21621704101562,7.232051849365234,0.4874191880226135
107.83783721923828,7.232051849365234,0.46579310297966003
109.45945739746094,7.232051849365234,0.4391412138938904
111.0810775756836,7.232051849365234,0.40410709381103516
112.70270538330078,7.232051849365234,0.40354329347610474
114.32432556152344,7.232051849365234,0.3917132616043091
115.9459457397461,7.232051849365234,0.3313232958316803
117.56756591796875,7.232051849365234,0.33015650510787964
119.1891860961914,7.232051849365234,0.3627288043498993
120.8108139038086,7.232051849365234,0.3936934173107147
122.43243408203125,7.232051849365234,0.4444889724254608
124.0540542602539,7.232051849365234,0.5081058144569397
125.67567443847656,7.232051849365234,0.46858322620391846
127.29729461669922,7.232051849365234,0.5673869252204895
128.91891479492188,7.232051849365234,0.4871376156806946
130.54054260253906,7.232051849365234,0.3864096403121948
132.1621551513672,7.232051849365234,0.2582637071609497
133.78378295898438,7.232051849365234,0.11009464412927628
135.40541076660156,7.232051849365234,-0.01631336286664009
137.0270233154297,7.232051849365234,-0.10810992121696472
138.64865112304688,7.232051849365234,-0.133781298995018
140.270263671875,7.232051849365234,-0.1477668732404709
141.8918914794922,7.232051849365234,-0.1301066130399704
143.51351928710938,7.232051849365234,0.0012763977283611894
145.1351318359375,7.232051849365234,0.1191607192158699
146.7567596435547,7.232051849365234,0.20604775846004486
148.3783721923828,7.232051849365234,0.2468891739845276
150.0,7.232051849365234,0.28865846991539
151.6216278076172,7.232051849365234,0.3203403353691101
153.2432403564453,7.232051849365234,0.05944855883717537
154.8648681640625,7.232051849365234,-0.12261530756950378
156.48648071289062,7.232051849365234,-0.2092444747686386
158.1081085205078,7.232051849365234,-0.15793412923812866
159.729736328125,7.232051849365234,-0.06663220375776291
161.35134887695312,7.232051849365234,0.05151869356632233
162.9729766845703,7.232051849365234,0.19114793837070465
164.59458923339844,7.232051849365234,0.3312412202358246
166.21621704101562,7.232051849365234,0.4780845046043396
167.8378448486328,7.232051849365234,0.422465056180954
169.45945739746094,7.232051849365234,0.33508503437042236
171.08108520507812,7.232051849365234,0.24722722172737122
172.70269775390625,7.232051849365234,0.1970425248146057
174.32432556152344,7.232051849365234,0.1561698317527771
175.94595336914062,7.232051849365234,0.11359259486198425
177.56756591796875,7.232051849365234,0.18171094357967377
179.18919372558594,7.232051849365234,0.2849615812301636
-179.1928253173828,5.626613616943359,0.5434744954109192
-177.57847595214844,5.626613616943359,0.5884349942207336
-175.96412658691406,5.626613616943359,0.6017913222312927
-174.3497772216797,5.626613616943359,0.5653529763221741
-172.7354278564453,5.626613616943359,0.4512372314929962
-171.12107849121094,5.626613616943359,0.28555724024772644
-169.50672912597656,5.626613616943359,0.15603598952293396
-167.8923797607422,5.626613616943359,0.06201222911477089
-166.2780303955078,5.626613616943359,-0.0066925049759447575
-164.66368103027344,5.626613616943359,-0.05243517458438873
-163.04933166503906,5.626613616943359,-0.0581171028316021
-161.4349822998047,5.626613616943359,-0.010271326638758183
-159.8206329345703,5.626613616943359,0.0474775955080986
-158.20628356933594,5.626613616943359,0.0574595145881176
-156.59193420410156,5.626613616943359,0.013519223779439926
-154.9775848388672,5.626613616943359,-0.04541721194982529
-153.3632354736328,5.626613616943359,-0.09381281584501266
-151.74888610839844,5.626613616943359,-0.08869253844022751
-150.13453674316406,5.626613616943359,-0.03952401503920555
-148.52017211914062,5.626613616943359,0.028678830713033676
-146.90582275390625,5.626613616943359,0.07146065682172775
-145.29147338867188,5.626613616943359,0.09543634951114655
-143.6771240234375,5.626613616943359,0.10621757805347443
-142.06277465820312,5.626613616943359,0.09824015200138092
-140.44842529296875,5.626613616943359,0.07017593085765839
-138.83407592773438,5.626613616943359,0.04627729952335358
-137.2197265625,5.626613616943359,0.03820864483714104
-135.60537719726562,5.626613616943359,0.05989132076501846
-133.99102783203125,5.626613616943359,0.1107238158583641
-132.37667846679688,5.626613616943359,0.17435932159423828
-130.7623291015625,5.626613616943359,0.2507111132144928
-129.14797973632812,5.626613616943359,0.31532153487205505
-127.53363037109375,5.626613616943359,0.37161749601364136
-125.91928100585938,5.626613616943359,0.4085090756416321
-124.304931640625,5.626613616943359,0.44577059149742126
-122.69058227539062,5.626613616943359,0.5026761889457703
-121.07623291015625,5.626613616943359,0.5706921219825745
-119.46188354492188,5.626613616943359,0.6166994571685791
-117.8475341796875,5.626613616943359,0.6332120895385742
-116.23318481445312,5.626613616943359,0.6190465092658997
-114.61883544921875,5.626613616943359,0.5918046832084656
-113.00448608398438,5.626613616943359,0.5587696433067322
-111.39013671875,5.626613616943359,0.4984472990036011
-109.77578735351562,5.626613616943359,0.40796202421188354
-108.16143798828125,5.626613616943359,0.31111156940460205
-106.54708862304688,5.626613616943359,0.22647450864315033
-104.93273162841797,5.626613616943359,0.16184888780117035
-103.3183822631836,5.626613616943359,0.17951379716396332
-101.70403289794922,5.626613616943359,0.3007330596446991
-100.08968353271484,5.626613616943359,0.4634464383125305
-98.47533416748047,5.626613616943359,0.5900877118110657
-96.8609848022461,5.626613616943359,0.6394747495651245
-95.24663543701172,5.626613616943359,0.6378481984138489
-93.63228607177734,5.626613616943359,0.6124379634857178
-92.01793670654297,5.626613616943359,0.5757452845573425
-90.4035873413086,5.626613616943359,0.5332525372505188
-88.78923797607422,5.626613616943359,0.4966438412666321
-87.17488861083984,5.626613616943359,0.4908542037010193
-85.56053924560547,5.626613616943359,0.48882433772087097
-83.9461898803711,5.626613616943359,0.46383246779441833
-82.33184051513672,5.626613616943359,0.4529333710670471
-80.71749114990234,5.626613616943359,0.45347386598587036
-79.10314178466797,5.626613616943359,0.44393494725227356
-77.4887924194336,5.626613616943359,0.3397502899169922
-75.87444305419922,5.626613616943359,0.15816250443458557
-74.26008605957031,5.626613616943359,0.1693052351474762
-72.64573669433594,5.626613616943359,0.20370598137378693
-71.03138732910156,5.626613616943359,0.24440905451774597
-69.41703796386719,5.626613616943359,0.3652338683605194
-67.80268859863281,5.626613616943359,0.42492160201072693
-66.18833923339844,5.626613616943359,0.5127325654029846
-64.57398986816406,5.626613616943359,0.5895519256591797
-62.95964050292969,5.626613616943359,0.4774209260940552
-61.34529113769531,5.626613616943359,0.3276465833187103
-59.73094177246094,5.626613616943359,0.26306089758872986
-58.11659240722656,5.626613616943359,0.33510640263557434
-56.50224304199219,5.626613616943359,0.4261692762374878
-54.88789367675781,5.626613616943359,0.5721644759178162
-53.27354431152344,5.626613616943359,0.12212289124727249
-51.6591911315918,5.626613616943359,-0.02662779577076435
-50.04484176635742,5.626613616943359,0.05238176882266998
-48.43049240112305,5.626613616943359,0.1536591798067093
-46.81614303588867,5.626613616943359,0.25202611088752747
-45.2017936706543,5.626613616943359,0.3480035662651062
-43.58744430541992,5.626613616943359,0.43749865889549255
-41.97309494018555,5.626613616943359,0.5052270889282227
-40.35874557495117,5.626613616943359,0.5504596829414368
-38.7443962097168,5.626613616943359,0.5766504406929016
-37.130043029785156,5.626613616943359,0.6014752984046936
-35.51569366455078,5.626613616943359,0.6307758092880249
-33.901344299316406,5.626613616943359,0.6587427854537964
-32.28699493408203,5.626613616943359,0.6859048008918762
-30.672645568847656,5.626613616943359,0.7011301517486572
-29.05829620361328,5.626613616943359,0.6929155588150024
-27.443946838378906,5.626613616943359,0.6523712277412415
-25.8295955657959,5.626613616943359,0.5755733847618103
-24.215246200561523,5.626613616943359,0.46772506833076477
-22.60089683532715,5.626613616943359,0.3289804458618164
-20.986547470092773,5.626613616943359,0.16282311081886292
-19.3721981048584,5.626613616943359,0.008441353216767311
-17.75784683227539,5.626613616943359,-0.0673753097653389
-16.143497467041016,5.626613616943359,-0.060644593089818954
-14.52914810180664,5.626613616943359,-0.01791960373520851
-12.91479778289795,5.626613616943359,0.021446799859404564
-11.300448417663574,5.626613616943359,0.04845339432358742
-9.6860990524292,5.626613616943359,0.22825513780117035
-8.071748733520508,5.626613616943359,0.3181288540363312
-6.457398891448975,5.626613616943359,0.16102300584316254
-4.8430495262146,5.626613616943359,0.034393057227134705
-3.2286994457244873,5.626613616943359,0.04461625590920448
-1.6143497228622437,5.626613616943359,0.01978963240981102
0.0,5.626613616943359,0.09711913764476776
1.6143497228622437,5.626613616943359,0.19621975719928741
3.2286994457244873,5.626613616943359,0.20515798032283783
4.8430495262146,5.626613616943359,0.16211585700511932
6.457398891448975,5.626613616943359,0.024838002398610115
8.071748733520508,5.626613616943359,0.11240978538990021
9.6860990524292,5.626613616943359,0.15011189877986908
11.300448417663574,5.626613616943359,0.12907510995864868
12.91479778289795,5.626613616943359,0.10457337647676468
14.52914810180664,5.626613616943359,0.011719894595444202
16.143497467041016,5.626613616943359,-0.059520404785871506
17.75784683227539,5.626613616943359,0.0023719151504337788
19.3721981048584,5.626613616943359,0.0687345489859581
20.986547470092773,5.626613616943359,0.15060977637767792
22.60089683532715,5.626613616943359,0.2516736388206482
24.215246200561523,5.626613616943359,0.32248395681381226
25.8295955657959,5.626613616943359,0.2882222533226013
27.443946838378906,5.626613616943359,0.24984461069107056
29.05829620361328,5.626613616943359,0.22172273695468903
30.672645568847656,5.626613616943359,0.21390356123447418
32.28699493408203,5.626613616943359,0.19301217794418335
33.901344299316406,5.626613616943359,0.19636192917823792
35.51569366455078,5.626613616943359,0.2720198929309845
37.130043029785156,5.626613616943359,0.3544694185256958
38.7443962097168,5.626613616943359,0.513206422328949
40.35874557495117,5.626613616943359,0.5846800208091736
41.97309494018555,5.626613616943359,0.7119344472885132
43.58744430541992,5.626613616943359,0.9487686157226562
45.2017936706543,5.626613616943359,0.9448338747024536
46.81614303588867,5.626613616943359,0.93387770652771
48.43049240112305,5.626613616943359,0.7526770830154419
50.04484176635742,5.626613616943359,0.3752439618110657
51.6591911315918,5.626613616943359,0.40501269698143005
53.27354431152344,5.626613616943359,0.3993155062198639
54.88789367675781,5.626613616943359,0.39459800720214844
56.50224304199219,5.626613616943359,0.4125787615776062
58.11659240722656,5.626613616943359,0.44586390256881714
59.73094177246094,5.626613616943359,0.4696245789527893
61.34529113769531,5.626613616943359,0.4660714566707611
62.95964050292969,5.626613616943359,0.41354331374168396
64.57398986816406,5.626613616943359,0.3346567749977112
66.18833923339844,5.626613616943359,0.26522350311279297
67.80268859863281,5.626613616943359,0.22564798593521118
69.41703796386719,5.626613616943359,0.20585696399211884
71.03138732910156,5.626613616943359,0.19327163696289062
72.64573669433594,5.626613616943359,0.18643887341022491
74.26008605957031,5.626613616943359,0.1787944734096527
75.87444305419922,5.626613616943359,0.1746305525302887
77.4887924194336,5.626613616943359,0.18082618713378906
79.10314178466797,5.626613616943359,0.1885351836681366
80.71749114990234,5.626613616943359,0.20796164870262146
82.33184051513672,5.626613616943359,0.15096956491470337
83.9461898803711,5.626613616943359,0.08306051790714264
85.56053924560547,5.626613616943359,0.01811014860868454
87.17488861083984,5.626613616943359,-0.006329091265797615
88.78923797607422,5.626613616943359,0.0169460941106081
90.4035873413086,5.626613616943359,0.06154028698801994
92.01793670654297,5.626613616943359,0.1269657164812088
93.63228607177734,5.626613616943359,0.20171387493610382
95.24663543701172,5.626613616943359,0.28168582916259766
96.8609848022461,5.626613616943359,0.3362354338169098
98.47533416748047,5.626613616943359,0.3533245027065277
100.08968353271484,5.626613616943359,0.3625490069389343
101.70403289794922,5.626613616943359,0.2890434265136719
103.3183822631836,5.626613616943359,0.4537277817726135
104.93273162841797,5.626613616943359,0.49663570523262024
106.54708862304688,5.626613616943359,0.501356840133667
108.16143798828125,5.626613616943359,0.47801849246025085
109.77578735351562,5.626613616943359,0.45856067538261414
111.39013671875,5.626613616943359,0.45512694120407104
113.00448608398438,5.626613616943359,0.4845779538154602
114.61883544921875,5.626613616943359,0.5123364925384521
116.23318481445312,5.626613616943359,0.3999517560005188
117.8475341796875,5.626613616943359,0.45220717787742615
119.46188354492188,5.626613616943359,0.47534191608428955
121.07623291015625,5.626613616943359,0.4656248092651367
122.69058227539062,5.626613616943359,0.46806755661964417
124.304931640625,5.626613616943359,0.4982103407382965
125.91928100585938,5.626613616943359,0.5223105549812317
127.53363037109375,5.626613616943359,0.4972226321697235
129.14797973632812,5.626613616943359,0.43481770157814026
130.7623291015625,5.626613616943359,0.3421270251274109
132.37667846679688,5.626613616943359,0.2273990660905838
133.99102783203125,5.626613616943359,0.10707887262105942
135.60537719726562,5.626613616943359,0.015313911251723766
137.2197265625,5.626613616943359,-0.03994426876306534
138.83407592773438,5.626613616943359,-0.07458420097827911
140.44842529296875,5.626613616943359,-0.08567981421947479
142.06277465820312,5.626613616943359,-0.055088743567466736
143.6771240234375,5.626613616943359,0.029796727001667023
145.29147338867188,5.626613616943359,0.1296856552362442
146.90582275390625,5.626613616943359,0.21593411266803741
148.52017211914062,5.626613616943359,0.2789360582828522
150.13453674316406,5.626613616943359,0.31564173102378845
151.74888610839844,5.626613616943359,0.27999815344810486
153.3632354736328,5.626613616943359,0.13247528672218323
154.9775848388672,5.626613616943359,-0.008532078936696053
156.59193420410156,5.626613616943359,-0.08022384345531464
158.20628356933594,5.626613616943359,-0.06947918236255646
159.8206329345703,5.626613616943359,0.006026331800967455
161.4349822998047,5.626613616943359,0.10554917901754379
163.04933166503906,5.626613616943359,0.2059633880853653
164.66368103027344,5.626613616943359,0.2963521182537079
166.2780303955078,5.626613616943359,0.36867231130599976
167.8923797607422,5.626613616943359,0.38230738043785095
169.50672912597656,5.626613616943359,0.3593530058860779
171.12107849121094,5.626613616943359,0.3329479992389679
172.7354278564453,5.626613616943359,0.3085244596004486
174.3497772216797,5.626613616943359,0.2939212918281555
175.96412658691406,5.626613616943359,0.30839723348617554
177.57847595214844,5.626613616943359,0.3725837171077728
179.1928253173828,5.626613616943359,0.46503767371177673
-179.19642639160156,4.018409252166748,0.7274137139320374
-177.5892791748047,4.018409252166748,0.7358224987983704
-175.98214721679688,4.018409252166748,0.6566493511199951
-174.375,4.018409252166748,0.5419559478759766
-172.76785278320312,4.018409252166748,0.411674439907074
-171.1607208251953,4.018409252166748,0.3028298616409302
-169.55357360839844,4.018409252166748,0.2012793868780136
-167.94642639160156,4.018409252166748,0.12756507098674774
-166.3392791748047,4.018409252166748,0.09773425757884979
-164.73214721679688,4.018409252166748,0.08223991096019745
-163.125,4.018409252166748,0.0859273299574852
-161.51785278320312,4.018409252166748,0.11939487606287003
-159.9107208251953,4.018409252166748,0.15539632737636566
-158.30357360839844,4.018409252166748,0.14580193161964417
-156.69642639160156,4.018409252166748,0.07877915352582932
-155.0892791748047,4.018409252166748,0.0066549936309456825
-153.48214721679688,4.018409252166748,-0.04613857343792915
-151.875,4.018409252166748,-0.03926989063620567
-150.26785278320312,4.018409252166748,0.008766237646341324
-148.6607208251953,4.018409252166748,0.07058162987232208
-147.05357360839844,4.018409252166748,0.11325429379940033
-145.44642639160156,4.018409252166748,0.15115751326084137
-143.8392791748047,4.018409252166748,0.18663406372070312
-142.23214721679688,4.018409252166748,0.1679256409406662
-140.625,4.018409252166748,0.11614049226045609
-139.01785278320312,4.018409252166748,0.06464195251464844
-137.4107208251953,4.018409252166748,0.048001863062381744
-135.80357360839844,4.018409252166748,0.06576824188232422
-134.19642639160156,4.018409252166748,0.09814453125
-132.5892791748047,4.018409252166748,0.14884541928768158
-130.98214721679688,4.018409252166748,0.22383257746696472
-129.375,4.018409252166748,0.307399183511734
-127.76786041259766,4.018409252166748,0.37641575932502747
-126.16071319580078,4.018409252166748,0.4189187288284302
-124.55357360839844,4.018409252166748,0.4487796723842621
-122.94642639160156,4.018409252166748,0.5195407271385193
-121.33928680419922,4.018409252166748,0.6247848272323608
-119.73213958740234,4.018409252166748,0.688836395740509
-118.125,4.018409252166748,0.7223249077796936
-116.51786041259766,4.018409252166748,0.7489087581634521
-114.91071319580078,4.018409252166748,0.7456089854240417
-113.30357360839844,4.018409252166748,0.7322605848312378
-111.69642639160156,4.018409252166748,0.7232328057289124
-110.08928680419922,4.018409252166748,0.710895836353302
-108.48213958740234,4.018409252166748,0.663967490196228
-106.875,4.018409252166748,0.5069946646690369
-105.26786041259766,4.018409252166748,0.3274143934249878
-103.66071319580078,4.018409252166748,0.24650388956069946
-102.05357360839844,4.018409252166748,0.35813674330711365
-100.44642639160156,4.018409252166748,0.5660098791122437
-98.83928680419922,4.018409252166748,0.7434298992156982
-97.23213958740234,4.018409252166748,0.7342417240142822
-95.625,4.018409252166748,0.6286324858665466
-94.01786041259766,4.018409252166748,0.5276302099227905
-92.41071319580078,4.018409252166748,0.4877709746360779
-90.80357360839844,4.018409252166748,0.48909512162208557
-89.19642639160156,4.018409252166748,0.4888034760951996
-87.58928680419922,4.018409252166748,0.48373496532440186
-85.98213958740234,4.018409252166748,0.4704289734363556
-84.375,4.018409252166748,0.4500879943370819
-82.76786041259766,4.018409252166748,0.4336243271827698
-81.16071319580078,4.018409252166748,0.4281105697154999
-79.55357360839844,4.018409252166748,0.4196799099445343
-77.94642639160156,4.018409252166748,0.3921523988246918
-76.33928680419922,4.018409252166748,0.01986916922032833
-74.73213958740234,4.018409252166748,0.09575404971837997
-73.125,4.018409252166748,0.22012697160243988
-71.51786041259766,4.018409252166748,0.21608975529670715
-69.91071319580078,4.018409252166748,0.26795336604118347
-68.30357360839844,4.018409252166748,0.37194791436195374
-66.69642639160156,4.018409252166748,0.43215879797935486
-65.08928680419922,4.018409252166748,0.4465171694755554
-63.48214340209961,4.018409252166748,0.42660000920295715
-61.875,4.018409252166748,0.42634087800979614
-60.26785659790039,4.018409252166748,0.4044545590877533
-58.66071319580078,4.018409252166748,0.4405263364315033
-57.05356979370117,4.018409252166748,0.5265749096870422
-55.44643020629883,4.018409252166748,0.5511327385902405
-53.83928680419922,4.018409252166748,0.4824118912220001
-52.23214340209961,4.018409252166748,0.4204915463924408
-50.625,4.018409252166748,-0.2337324172258377
-49.01785659790039,4.018409252166748,-0.15108928084373474
-47.41071319580078,4.018409252166748,-0.034967485815286636
-45.80356979370117,4.018409252166748,0.10215937346220016
-44.19643020629883,4.018409252166748,0.24173907935619354
-42.58928680419922,4.018409252166748,0.3317016661167145
-40.98214340209961,4.018409252166748,0.37580540776252747
-39.375,4.018409252166748,0.4148009121417999
-37.76785659790039,4.018409252166748,0.4450940489768982
-36.16071319580078,4.018409252166748,0.4675421416759491
-34.55356979370117,4.018409252166748,0.4904671907424927
-32.94643020629883,4.018409252166748,0.5254786014556885
-31.339284896850586,4.018409252166748,0.5718433260917664
-29.73214340209961,4.018409252166748,0.6111419796943665
-28.125,4.018409252166748,0.6203938722610474
-26.51785659790039,4.018409252166748,0.580265998840332
-24.910715103149414,4.018409252166748,0.5054019689559937
-23.303571701049805,4.018409252166748,0.39730897545814514
-21.696428298950195,4.018409252166748,0.24177640676498413
-20.089284896850586,4.018409252166748,0.06778977811336517
-18.48214340209961,4.018409252166748,-0.06439501792192459
-16.875,4.018409252166748,-0.08602822571992874
-15.267857551574707,4.018409252166748,-0.05447298660874367
-13.660714149475098,4.018409252166748,-0.014373397454619408
-12.053571701049805,4.018409252166748,0.01877663843333721
-10.446428298950195,4.018409252166748,0.03883495181798935
-8.839285850524902,4.018409252166748,0.05189196392893791
-7.232142925262451,4.018409252166748,0.08571338653564453
-5.625,4.018409252166748,0.11260376125574112
-4.017857074737549,4.018409252166748,0.13593743741512299
-2.4107143878936768,4.018409252166748,0.16069857776165009
-0.8035714030265808,4.018409252166748,0.1863451600074768
0.8035714030265808,4.018409252166748,0.19903920590877533
2.4107143878936768,4.018409252166748,0.19905605912208557
4.017857074737549,4.018409252166748,0.19461651146411896
5.625,4.018409252166748,0.19636255502700806
7.232142925262451,4.018409252166748,0.22147992253303528
8.839285850524902,4.018409252166748,0.28790390491485596
10.446428298950195,4.018409252166748,0.347880095243454
12.053571701049805,4.018409252166748,0.24030736088752747
13.660714149475098,4.018409252166748,0.16320355236530304
15.267857551574707,4.018409252166748,0.09848181158304214
16.875,4.018409252166748,0.11445681005716324
18.48214340209961,4.018409252166748,0.13738460838794708
20.089284896850586,4.018409252166748,0.18841718137264252
21.696428298950195,4.018409252166748,0.2656054198741913
23.303571701049805,4.018409252166748,0.39148274064064026
24.910715103149414,4.018409252166748,0.4362029433250427
26.51785659790039,4.018409252166748,0.4286455810070038
28.125,4.018409252166748,0.4008079469203949
29.73214340209961,4.018409252166748,0.34802117943763733
31.339284896850586,4.018409252166748,0.33250415325164795
32.94643020629883,4.018409252166748,0.31869086623191833
34.55356979370117,4.018409252166748,0.3405319154262543
36.16071319580078,4.018409252166748,0.19812233746051788
37.76785659790039,4.018409252166748,0.4347907304763794
39.375,4.018409252166748,0.5494359731674194
40.98214340209961,4.018409252166748,0.5774006247520447
42.58928680419922,4.018409252166748,0.6807340979576111
44.19643020629883,4.018409252166748,0.7748141884803772
45.80356979370117,4.018409252166748,0.8125436902046204
47.41071319580078,4.018409252166748,0.5833272933959961
49.01785659790039,4.018409252166748,0.3661712110042572
50.625,4.018409252166748,0.38798388838768005
52.23214340209961,4.018409252166748,0.3967490494251251
53.83928680419922,4.018409252166748,0.39475658535957336
55.44643020629883,4.018409252166748,0.3963242769241333
57.05356979370117,4.018409252166748,0.4085713028907776
58.66071319580078,4.018409252166748,0.4252999722957611
60.26785659790039,4.018409252166748,0.4261477291584015
61.875,4.018409252166748,0.4133760333061218
63.48214340209961,4.018409252166748,0.39554959535598755
65.08928680419922,4.018409252166748,0.3660757839679718
66.69642639160156,4.018409252166748,0.3350159823894501
68.30357360839844,4.018409252166748,0.3001011610031128
69.91071319580078,4.018409252166748,0.27551499009132385
71.51786041259766,4.018409252166748,0.25823530554771423
73.125,4.018409252166748,0.2385817915201187
74.73213958740234,4.018409252166748,0.2228298783302307
76.33928680419922,4.018409252166748,0.21480712294578552
77.94642639160156,4.018409252166748,0.20549379289150238
79.55357360839844,4.018409252166748,0.2057211548089981
81.16071319580078,4.018409252166748,0.2082957625389099
82.76786041259766,4.018409252166748,0.16244029998779297
84.375,4.018409252166748,0.08306846767663956
85.98213958740234,4.018409252166748,0.009770202450454235
87.58928680419922,4.018409252166748,0.005232048220932484
89.19642639160156,4.018409252166748,0.04990927502512932
90.80357360839844,4.018409252166748,0.10713310539722443
92.41071319580078,4.018409252166748,0.18128128349781036
94.01786041259766,4.018409252166748,0.2644379436969757
95.625,4.018409252166748,0.333625853061676
97.23213958740234,4.018409252166748,0.3612247407436371
98.83928680419922,4.018409252166748,0.41936010122299194
100.44642639160156,4.018409252166748,0.42590096592903137
102.05357360839844,4.018409252166748,0.4509054124355316
103.66071319580078,4.018409252166748,0.4760053753852844
105.26786041259766,4.018409252166748,0.526796281337738
106.875,4.018409252166748,0.5267159938812256
108.48213958740234,4.018409252166748,0.48542341589927673
110.08928680419922,4.018409252166748,0.4642180800437927
111.69642639160156,4.018409252166748,0.4788007140159607
113.30357360839844,4.018409252166748,0.5454357862472534
114.91071319580078,4.018409252166748,0.37219974398612976
116.51786041259766,4.018409252166748,0.45113861560821533
118.125,4.018409252166748,0.6284911036491394
119.73213958740234,4.018409252166748,0.5950354337692261
121.33928680419922,4.018409252166748,0.5257434844970703
122.94642639160156,4.018409252166748,0.49811357259750366
124.55357360839844,4.018409252166748,0.49139639735221863
126.16071319580078,4.018409252166748,0.4806785583496094
127.76786041259766,4.018409252166748,0.44012197852134705
129.375,4.018409252166748,0.3740578293800354
130.98214721679688,4.018409252166748,0.2826698422431946
132.5892791748047,4.018409252166748,0.17661425471305847
134.19642639160156,4.018409252166748,0.07523129880428314
135.80357360839844,4.018409252166748,0.006399472709745169
137.4107208251953,4.018409252166748,-0.031932514160871506
139.01785278320312,4.018409252166748,-0.05477091297507286
140.625,4.018409252166748,-0.05480232089757919
142.23214721679688,4.018409252166748,-0.018407821655273438
143.8392791748047,4.018409252166748,0.040115103125572205
145.44642639160156,4.018409252166748,0.11104831844568253
147.05357360839844,4.018409252166748,0.17578016221523285
148.6607208251953,4.018409252166748,0.22664782404899597
150.26785278320312,4.018409252166748,0.2642492353916168
151.875,4.018409252166748,0.24877586960792542
153.48214721679688,4.018409252166748,0.1468208283185959
155.0892791748047,4.018409252166748,0.025632476434111595
156.69642639160156,4.018409252166748,-0.04641691967844963
158.30357360839844,4.018409252166748,-0.030048878863453865
159.9107208251953,4.018409252166748,0.027290979400277138
161.51785278320312,4.018409252166748,0.09072316437959671
163.125,4.018409252166748,0.15373000502586365
164.73214721679688,4.018409252166748,0.19846013188362122
166.3392791748047,4.018409252166748,0.24409490823745728
167.94642639160156,4.018409252166748,0.3026082217693329
169.55357360839844,4.018409252166748,0.3590598404407501
171.1607208251953,4.018409252166748,0.4076157808303833
172.76785278320312,4.018409252166748,0.427517831325531
174.375,4.018409252166748,0.4389452636241913
175.98214721679688,4.018409252166748,0.473811537027359
177.5892791748047,4.018409252166748,0.5344749093055725
179.19642639160156,4.018409252166748,0.6263942122459412
-179.19642639160156,2.4097790718078613,0.8733674883842468
-177.5892791748047,2.4097790718078613,0.8338073492050171
-175.98214721679688,2.4097790718078613,0.6548239588737488
-174.375,2.4097790718078613,0.4772286117076874
-172.76785278320312,2.4097790718078613,0.3541894853115082
-171.1607208251953,2.4097790718078613,0.29690468311309814
-169.55357360839844,2.4097790718078613,0.21730855107307434
-167.94642639160156,2.4097790718078613,0.16096872091293335
-166.3392791748047,2.4097790718078613,0.17803846299648285
-164.73214721679688,2.4097790718078613,0.18564319610595703
-163.125,2.4097790718078613,0.19570782780647278
-161.51785278320312,2.4097790718078613,0.21824385225772858
-159.9107208251953,2.4097790718078613,0.2303500473499298
-158.30357360839844,2.4097790718078613,0.21786537766456604
-156.69642639160156,2.4097790718078613,0.1118876114487648
-155.0892791748047,2.4097790718078613,0.01943174935877323
-153.48214721679688,2.4097790718078613,-0.050560060888528824
-151.875,2.4097790718078613,-0.014304478652775288
-150.26785278320312,2.4097790718078613,0.04859701916575432
-148.6607208251953,2.4097790718078613,0.12399959564208984
-147.05357360839844,2.4097790718078613,0.16883645951747894
-145.44642639160156,2.4097790718078613,0.2059771865606308
-143.8392791748047,2.4097790718078613,0.2588954269886017
-142.23214721679688,2.4097790718078613,0.23224830627441406
-140.625,2.4097790718078613,0.17992959916591644
-139.01785278320312,2.4097790718078613,0.11519800871610641
-137.4107208251953,2.4097790718078613,0.09097156673669815
-135.80357360839844,2.4097790718078613,0.0914061889052391
-134.19642639160156,2.4097790718078613,0.09167302399873734
-132.5892791748047,2.4097790718078613,0.13182544708251953
-130.98214721679688,2.4097790718078613,0.2134527862071991
-129.375,2.4097790718078613,0.31555062532424927
-127.76786041259766,2.4097790718078613,0.4088934063911438
-126.16071319580078,2.4097790718078613,0.4777548611164093
-124.55357360839844,2.4097790718078613,0.5207586288452148
-122.94642639160156,2.4097790718078613,0.6033166646957397
-121.33928680419922,2.4097790718078613,0.7563937902450562
-119.73213958740234,2.4097790718078613,0.8350924253463745
-118.125,2.4097790718078613,0.8650879263877869
-116.51786041259766,2.4097790718078613,0.9238144159317017
-114.91071319580078,2.4097790718078613,0.9329162836074829
-113.30357360839844,2.4097790718078613,0.9220622777938843
-111.69642639160156,2.4097790718078613,0.933738112449646
-110.08928680419922,2.4097790718078613,0.9648533463478088
-108.48213958740234,2.4097790718078613,1.017527461051941
-106.875,2.4097790718078613,0.7222402691841125
-105.26786041259766,2.4097790718078613,0.4713684022426605
-103.66071319580078,2.4097790718078613,0.27761122584342957
-102.05357360839844,2.4097790718078613,0.42922237515449524
-100.44642639160156,2.4097790718078613,0.6551246047019958
-98.83928680419922,2.4097790718078613,0.9280938506126404
-97.23213958740234,2.4097790718078613,0.7999295592308044
-95.625,2.4097790718078613,0.6068755984306335
-94.01786041259766,2.4097790718078613,0.44958165287971497
-92.41071319580078,2.4097790718078613,0.4366004168987274
-90.80357360839844,2.4097790718078613,0.4762789309024811
-89.19642639160156,2.4097790718078613,0.497160404920578
-87.58928680419922,2.4097790718078613,0.4932478070259094
-85.98213958740234,2.4097790718078613,0.47483253479003906
-84.375,2.4097790718078613,0.44692835211753845
-82.76786041259766,2.4097790718078613,0.4219222962856293
-81.16071319580078,2.4097790718078613,0.40749791264533997
-79.55357360839844,2.4097790718078613,0.3886879086494446
-77.94642639160156,2.4097790718078613,0.2128220945596695
-76.33928680419922,2.4097790718078613,0.033181190490722656
-74.73213958740234,2.4097790718078613,0.07969900965690613
-73.125,2.4097790718078613,0.21051566302776337
-71.51786041259766,2.4097790718078613,0.2902935743331909
-69.91071319580078,2.4097790718078613,0.3236640989780426
-68.30357360839844,2.4097790718078613,0.31858259439468384
-66.69642639160156,2.4097790718078613,0.31717708706855774
-65.08928680419922,2.4097790718078613,0.33650386333465576
-63.48214340209961,2.4097790718078613,0.3968883454799652
-61.875,2.4097790718078613,0.41243013739585876
-60.26785659790039,2.4097790718078613,0.42164096236228943
-58.66071319580078,2.4097790718078613,0.43184998631477356
-57.05356979370117,2.4097790718078613,0.4372612535953522
-55.44643020629883,2.4097790718078613,0.40053340792655945
-53.83928680419922,2.4097790718078613,0.3784494996070862
-52.23214340209961,2.4097790718078613,0.3780096769332886
-50.625,2.4097790718078613,-0.18877124786376953
-49.01785659790039,2.4097790718078613,-0.4284319579601288
-47.41071319580078,2.4097790718078613,-0.3032754957675934
-45.80356979370117,2.4097790718078613,-0.13539619743824005
-44.19643020629883,2.4097790718078613,0.061262067407369614
-42.58928680419922,2.4097790718078613,0.16204789280891418
-40.98214340209961,2.4097790718078613,0.19595368206501007
-39.375,2.4097790718078613,0.25313690304756165
-37.76785659790039,2.4097790718078613,0.2997252643108368
-36.16071319580078,2.4097790718078613,0.32131054997444153
-34.55356979370117,2.4097790718078613,0.3458269238471985
-32.94643020629883,2.4097790718078613,0.3877440094947815
-31.339284896850586,2.4097790718078613,0.4674738645553589
-29.73214340209961,2.4097790718078613,0.5449278354644775
-28.125,2.4097790718078613,0.5972050428390503
-26.51785659790039,2.4097790718078613,0.5631092190742493
-24.910715103149414,2.4097790718078613,0.5063124895095825
-23.303571701049805,2.4097790718078613,0.42957809567451477
-21.696428298950195,2.4097790718078613,0.2801693081855774
-20.089284896850586,2.4097790718078613,0.10780219733715057
-18.48214340209961,2.4097790718078613,-0.08605384826660156
-16.875,2.4097790718078613,-0.04602864757180214
-15.267857551574707,2.4097790718078613,-0.01923300512135029
-13.660714149475098,2.4097790718078613,0.004862785339355469
-12.053571701049805,2.4097790718078613,0.0158730186522007
-10.446428298950195,2.4097790718078613,0.01607481576502323
-8.839285850524902,2.4097790718078613,0.00016078949556685984
-7.232142925262451,2.4097790718078613,0.0450478233397007
-5.625,2.4097790718078613,0.09299729764461517
-4.017857074737549,2.4097790718078613,0.11603279411792755
-2.4107143878936768,2.4097790718078613,0.1736920028924942
-0.8035714030265808,2.4097790718078613,0.2254091203212738
0.8035714030265808,2.4097790718078613,0.24341335892677307
2.4107143878936768,2.4097790718078613,0.23239275813102722
4.017857074737549,2.4097790718078613,0.209530770778656
5.625,2.4097790718078613,0.19127579033374786
7.232142925262451,2.4097790718078613,0.20780672132968903
8.839285850524902,2.4097790718078613,0.25291767716407776
10.446428298950195,2.4097790718078613,0.41881561279296875
12.053571701049805,2.4097790718078613,0.3467671573162079
13.660714149475098,2.4097790718078613,0.33318451046943665
15.267857551574707,2.4097790718078613,0.23530146479606628
16.875,2.4097790718078613,0.23807519674301147
18.48214340209961,2.4097790718078613,0.31481602787971497
20.089284896850586,2.4097790718078613,0.3213825225830078
21.696428298950195,2.4097790718078613,0.3182721436023712
23.303571701049805,2.4097790718078613,0.39477163553237915
24.910715103149414,2.4097790718078613,0.4862199127674103
26.51785659790039,2.4097790718078613,0.48822885751724243
28.125,2.4097790718078613,0.4833931624889374
29.73214340209961,2.4097790718078613,0.44861355423927307
31.339284896850586,2.4097790718078613,0.33429521322250366
32.94643020629883,2.4097790718078613,0.302249014377594
34.55356979370117,2.4097790718078613,0.2966713607311249
36.16071319580078,2.4097790718078613,0.2470736801624298
37.76785659790039,2.4097790718078613,0.2852288484573364
39.375,2.4097790718078613,0.3155101239681244
40.98214340209961,2.4097790718078613,0.38333937525749207
42.58928680419922,2.4097790718078613,0.49887382984161377
44.19643020629883,2.4097790718078613,0.5822919011116028
45.80356979370117,2.4097790718078613,0.4478236436843872
47.41071319580078,2.4097790718078613,0.38512173295021057
49.01785659790039,2.4097790718078613,0.40213096141815186
50.625,2.4097790718078613,0.40499699115753174
52.23214340209961,2.4097790718078613,0.4000747799873352
53.83928680419922,2.4097790718078613,0.3888104259967804
55.44643020629883,2.4097790718078613,0.3759523928165436
57.05356979370117,2.4097790718078613,0.3705945312976837
58.66071319580078,2.4097790718078613,0.3894658386707306
60.26785659790039,2.4097790718078613,0.3846152722835541
61.875,2.4097790718078613,0.3695107102394104
63.48214340209961,2.4097790718078613,0.3886863589286804
65.08928680419922,2.4097790718078613,0.39170175790786743
66.69642639160156,2.4097790718078613,0.38538429141044617
68.30357360839844,2.4097790718078613,0.3390004336833954
69.91071319580078,2.4097790718078613,0.3108815550804138
71.51786041259766,2.4097790718078613,0.3007977306842804
73.125,2.4097790718078613,0.26440975069999695
74.73213958740234,2.4097790718078613,0.2357158660888672
76.33928680419922,2.4097790718078613,0.20452269911766052
77.94642639160156,2.4097790718078613,0.18155333399772644
79.55357360839844,2.4097790718078613,0.1782047301530838
81.16071319580078,2.4097790718078613,0.21013221144676208
82.76786041259766,2.4097790718078613,0.1522577852010727
84.375,2.4097790718078613,0.0748826339840889
85.98213958740234,2.4097790718078613,-0.009929974563419819
87.58928680419922,2.4097790718078613,0.013655154034495354
89.19642639160156,2.4097790718078613,0.0837426483631134
90.80357360839844,2.4097790718078613,0.14373238384723663
92.41071319580078,2.4097790718078613,0.2265312224626541
94.01786041259766,2.4097790718078613,0.3230743408203125
95.625,2.4097790718078613,0.3794900178909302
97.23213958740234,2.4097790718078613,0.424239844083786
98.83928680419922,2.4097790718078613,0.34580257534980774
100.44642639160156,2.4097790718078613,0.4802665710449219
102.05357360839844,2.4097790718078613,0.4966273009777069
103.66071319580078,2.4097790718078613,0.43375149369239807
105.26786041259766,2.4097790718078613,0.5547485947608948
106.875,2.4097790718078613,0.5609468221664429
108.48213958740234,2.4097790718078613,0.511576235294342
110.08928680419922,2.4097790718078613,0.4629116654396057
111.69642639160156,2.4097790718078613,0.5761864185333252
113.30357360839844,2.4097790718078613,0.501590371131897
114.91071319580078,2.4097790718078613,0.5358116626739502
116.51786041259766,2.4097790718078613,0.5472670793533325
118.125,2.4097790718078613,0.7436675429344177
119.73213958740234,2.4097790718078613,0.6994771957397461
121.33928680419922,2.4097790718078613,0.5829430222511292
122.94642639160156,2.4097790718078613,0.5374708771705627
124.55357360839844,2.4097790718078613,0.497593492269516
126.16071319580078,2.4097790718078613,0.45967426896095276
127.76786041259766,2.4097790718078613,0.41358503699302673
129.375,2.4097790718078613,0.32499492168426514
130.98214721679688,2.4097790718078613,0.21977297961711884
132.5892791748047,2.4097790718078613,0.11421457678079605
134.19642639160156,2.4097790718078613,0.023224767297506332
135.80357360839844,2.4097790718078613,-0.04052925109863281
137.4107208251953,2.4097790718078613,-0.06728528439998627
139.01785278320312,2.4097790718078613,-0.0677286759018898
140.625,2.4097790718078613,-0.05751476436853409
142.23214721679688,2.4097790718078613,-0.029257647693157196
143.8392791748047,2.4097790718078613,0.002802085829898715
145.44642639160156,2.4097790718078613,0.04204724729061127
147.05357360839844,2.4097790718078613,0.08814284205436707
148.6607208251953,2.4097790718078613,0.14288507401943207
150.26785278320312,2.4097790718078613,0.2055298537015915
151.875,2.4097790718078613,0.2360895723104477
153.48214721679688,2.4097790718078613,0.14581362903118134
155.0892791748047,2.4097790718078613,0.029423141852021217
156.69642639160156,2.4097790718078613,-0.07753003388643265
158.30357360839844,2.4097790718078613,-0.0284754429012537
159.9107208251953,2.4097790718078613,0.01119893416762352
161.51785278320312,2.4097790718078613,0.029317092150449753
163.125,2.4097790718078613,0.09355824440717697
164.73214721679688,2.4097790718078613,0.12372786551713943
166.3392791748047,2.4097790718078613,0.13891544938087463
167.94642639160156,2.4097790718078613,0.24098791182041168
169.55357360839844,2.4097790718078613,0.3489532470703125
171.1607208251953,2.4097790718078613,0.46886417269706726
172.76785278320312,2.4097790718078613,0.5158150792121887
174.375,2.4097790718078613,0.5471641421318054
175.98214721679688,2.4097790718078613,0.5850712060928345
177.5892791748047,2.4097790718078613,0.6429311037063599
179.19642639160156,2.4097790718078613,0.740909993648529
-179.19642639160156,0.8030490279197693,0.8224138021469116
-177.5892791748047,0.8030490279197693,0.763998806476593
-175.98214721679688,0.8030490279197693,0.6029821634292603
-174.375,0.8030490279197693,0.43987077474594116
-172.76785278320312,0.8030490279197693,0.3382036089897156
-171.1607208251953,0.8030490279197693,0.28826433420181274
-169.55357360839844,0.8030490279197693,0.24715480208396912
-167.94642639160156,0.8030490279197693,0.22794272005558014
-166.3392791748047,0.8030490279197693,0.2408706694841385
-164.73214721679688,0.8030490279197693,0.25350406765937805
-163.125,0.8030490279197693,0.2581912875175476
-161.51785278320312,0.8030490279197693,0.2551843523979187
-159.9107208251953,0.8030490279197693,0.23017393052577972
-158.30357360839844,0.8030490279197693,0.18098881840705872
-156.69642639160156,0.8030490279197693,0.09373658150434494
-155.0892791748047,0.8030490279197693,0.00512377405539155
-153.48214721679688,0.8030490279197693,-0.03338775783777237
-151.875,0.8030490279197693,-0.0011805216781795025
-150.26785278320312,0.8030490279197693,0.07502670586109161
-148.6607208251953,0.8030490279197693,0.15233281254768372
-147.05357360839844,0.8030490279197693,0.2033999115228653
-145.44642639160156,0.8030490279197693,0.23345986008644104
-143.8392791748047,0.8030490279197693,0.2598079741001129
-142.23214721679688,0.8030490279197693,0.26963627338409424
-140.625,0.8030490279197693,0.26176363229751587
-139.01785278320312,0.8030490279197693,0.23758316040039062
-137.4107208251953,0.8030490279197693,0.20000609755516052
-135.80357360839844,0.8030490279197693,0.1568513810634613
-134.19642639160156,0.8030490279197693,0.1275835633277893
-132.5892791748047,0.8030490279197693,0.15924294292926788
-130.98214721679688,0.8030490279197693,0.24836355447769165
-129.375,0.8030490279197693,0.36554330587387085
-127.76786041259766,0.8030490279197693,0.48965802788734436
-126.16071319580078,0.8030490279197693,0.6121781468391418
-124.55357360839844,0.8030490279197693,0.724807620048523
-122.94642639160156,0.8030490279197693,0.8438202142715454
-121.33928680419922,0.8030490279197693,0.9789137244224548
-119.73213958740234,0.8030490279197693,1.0807684659957886
-118.125,0.8030490279197693,1.137294888496399
-116.51786041259766,0.8030490279197693,1.1607153415679932
-114.91071319580078,0.8030490279197693,1.1573975086212158
-113.30357360839844,0.8030490279197693,1.1385987997055054
-111.69642639160156,0.8030490279197693,1.1133711338043213
-110.08928680419922,0.8030490279197693,1.0883234739303589
-108.48213958740234,0.8030490279197693,1.0047597885131836
-106.875,0.8030490279197693,0.8200356364250183
-105.26786041259766,0.8030490279197693,0.6262087225914001
-103.66071319580078,0.8030490279197693,0.5091114044189453
-102.05357360839844,0.8030490279197693,0.53575199842453
-100.44642639160156,0.8030490279197693,0.637279212474823
-98.83928680419922,0.8030490279197693,0.7210388779640198
-97.23213958740234,0.8030490279197693,0.674724817276001
-95.625,0.8030490279197693,0.5605083703994751
-94.01786041259766,0.8030490279197693,0.4788181185722351
-92.41071319580078,0.8030490279197693,0.4734204113483429
-90.80357360839844,0.8030490279197693,0.5178115963935852
-89.19642639160156,0.8030490279197693,0.5533042550086975
-87.58928680419922,0.8030490279197693,0.551038384437561
-85.98213958740234,0.8030490279197693,0.5231828093528748
-84.375,0.8030490279197693,0.4864356219768524
-82.76786041259766,0.8030490279197693,0.44736969470977783
-81.16071319580078,0.8030490279197693,0.4062695801258087
-79.55357360839844,0.8030490279197693,0.30416247248649597
-77.94642639160156,0.8030490279197693,0.24627825617790222
-76.33928680419922,0.8030490279197693,0.15518614649772644
-74.73213958740234,0.8030490279197693,0.17330996692180634
-73.125,0.8030490279197693,0.2437412291765213
-71.51786041259766,0.8030490279197693,0.2843904495239258
-69.91071319580078,0.8030490279197693,0.31863582134246826
-68.30357360839844,0.8030490279197693,0.2733451724052429
-66.69642639160156,0.8030490279197693,0.21698538959026337
-65.08928680419922,0.8030490279197693,0.27863794565200806
-63.48214340209961,0.8030490279197693,0.35672467947006226
-61.875,0.8030490279197693,0.3776649534702301
-60.26785659790039,0.8030490279197693,0.38453319668769836
-58.66071319580078,0.8030490279197693,0.43806254863739014
-57.05356979370117,0.8030490279197693,0.3803098797798157
-55.44643020629883,0.8030490279197693,0.3754924237728119
-53.83928680419922,0.8030490279197693,0.3873850405216217
-52.23214340209961,0.8030490279197693,0.3466724455356598
-50.625,0.8030490279197693,0.14980748295783997
-49.01785659790039,0.8030490279197693,-0.6973353624343872
-47.41071319580078,0.8030490279197693,-0.5753774046897888
-45.80356979370117,0.8030490279197693,-0.40665408968925476
-44.19643020629883,0.8030490279197693,-0.23189575970172882
-42.58928680419922,0.8030490279197693,-0.10457178950309753
-40.98214340209961,0.8030490279197693,-0.01887696608901024
-39.375,0.8030490279197693,0.06400813907384872
-37.76785659790039,0.8030490279197693,0.13993899524211884
-36.16071319580078,0.8030490279197693,0.19878476858139038
-34.55356979370117,0.8030490279197693,0.2535027265548706
-32.94643020629883,0.8030490279197693,0.32250702381134033
-31.339284896850586,0.8030490279197693,0.4114941358566284
-29.73214340209961,0.8030490279197693,0.5005189180374146
-28.125,0.8030490279197693,0.547735333442688
-26.51785659790039,0.8030490279197693,0.530518114566803
-24.910715103149414,0.8030490279197693,0.48309484124183655
-23.303571701049805,0.8030490279197693,0.42068201303482056
-21.696428298950195,0.8030490279197693,0.334369033575058
-20.089284896850586,0.8030490279197693,0.2309713363647461
-18.48214340209961,0.8030490279197693,0.13338273763656616
-16.875,0.8030490279197693,0.0882251113653183
-15.267857551574707,0.8030490279197693,0.06107056885957718
-13.660714149475098,0.8030490279197693,0.04329598695039749
-12.053571701049805,0.8030490279197693,0.03260866925120354
-10.446428298950195,0.8030490279197693,0.023541005328297615
-8.839285850524902,0.8030490279197693,0.02501475065946579
-7.232142925262451,0.8030490279197693,0.06306222081184387
-5.625,0.8030490279197693,0.1204502135515213
-4.017857074737549,0.8030490279197693,0.17484982311725616
-2.4107143878936768,0.8030490279197693,0.23608098924160004
-0.8035714030265808,0.8030490279197693,0.28924885392189026
0.8035714030265808,0.8030490279197693,0.31602445244789124
2.4107143878936768,0.8030490279197693,0.30147844552993774
4.017857074737549,0.8030490279197693,0.2566726803779602
5.625,0.8030490279197693,0.21978364884853363
7.232142925262451,0.8030490279197693,0.22099564969539642
8.839285850524902,0.8030490279197693,0.2582303285598755
10.446428298950195,0.8030490279197693,0.44645747542381287
12.053571701049805,0.8030490279197693,0.4062531888484955
13.660714149475098,0.8030490279197693,0.35824859142303467
15.267857551574707,0.8030490279197693,0.3272141218185425
16.875,0.8030490279197693,0.37559834122657776
18.48214340209961,0.8030490279197693,0.363438218832016
20.089284896850586,0.8030490279197693,0.4149698317050934
21.696428298950195,0.8030490279197693,0.40797290205955505
23.303571701049805,0.8030490279197693,0.3932874798774719
24.910715103149414,0.8030490279197693,0.405931293964386
26.51785659790039,0.8030490279197693,0.4168708026409149
28.125,0.8030490279197693,0.4180123507976532
29.73214340209961,0.8030490279197693,0.40387389063835144
31.339284896850586,0.8030490279197693,0.3154361844062805
32.94643020629883,0.8030490279197693,0.2435256987810135
34.55356979370117,0.8030490279197693,0.13926060497760773
36.16071319580078,0.8030490279197693,0.09479065239429474
37.76785659790039,0.8030490279197693,0.060744475573301315
39.375,0.8030490279197693,0.010736719705164433
40.98214340209961,0.8030490279197693,0.13767121732234955
42.58928680419922,0.8030490279197693,0.2529904544353485
44.19643020629883,0.8030490279197693,0.25872600078582764
45.80356979370117,0.8030490279197693,0.36155813932418823
47.41071319580078,0.8030490279197693,0.42224571108818054
49.01785659790039,0.8030490279197693,0.438148558139801
50.625,0.8030490279197693,0.43284231424331665
52.23214340209961,0.8030490279197693,0.41540324687957764
53.83928680419922,0.8030490279197693,0.3919052183628082
55.44643020629883,0.8030490279197693,0.369918555021286
57.05356979370117,0.8030490279197693,0.3543338179588318
58.66071319580078,0.8030490279197693,0.35938289761543274
60.26785659790039,0.8030490279197693,0.3663179278373718
61.875,0.8030490279197693,0.37019819021224976
63.48214340209961,0.8030490279197693,0.37627550959587097
65.08928680419922,0.8030490279197693,0.3748994767665863
66.69642639160156,0.8030490279197693,0.35836219787597656
68.30357360839844,0.8030490279197693,0.32294419407844543
69.91071319580078,0.8030490279197693,0.28806552290916443
71.51786041259766,0.8030490279197693,0.2645471692085266
73.125,0.8030490279197693,0.23317381739616394
74.73213958740234,0.8030490279197693,0.2014898955821991
76.33928680419922,0.8030490279197693,0.1590530425310135
77.94642639160156,0.8030490279197693,0.111968994140625
79.55357360839844,0.8030490279197693,0.07954610139131546
81.16071319580078,0.8030490279197693,0.0667802169919014
82.76786041259766,0.8030490279197693,0.050217438489198685
84.375,0.8030490279197693,0.03830986097455025
85.98213958740234,0.8030490279197693,0.036033377051353455
87.58928680419922,0.8030490279197693,0.07076479494571686
89.19642639160156,0.8030490279197693,0.1396753340959549
90.80357360839844,0.8030490279197693,0.2207520753145218
92.41071319580078,0.8030490279197693,0.3049408495426178
94.01786041259766,0.8030490279197693,0.3852199614048004
95.625,0.8030490279197693,0.44675204157829285
97.23213958740234,0.8030490279197693,0.4369812607765198
98.83928680419922,0.8030490279197693,0.4419897794723511
100.44642639160156,0.8030490279197693,0.4444518983364105
102.05357360839844,0.8030490279197693,0.5468522906303406
103.66071319580078,0.8030490279197693,0.5621775984764099
105.26786041259766,0.8030490279197693,0.5759036540985107
106.875,0.8030490279197693,0.5659704804420471
108.48213958740234,0.8030490279197693,0.5299093723297119
110.08928680419922,0.8030490279197693,0.45733317732810974
111.69642639160156,0.8030490279197693,0.49857738614082336
113.30357360839844,0.8030490279197693,0.5475622415542603
114.91071319580078,0.8030490279197693,0.5225155353546143
116.51786041259766,0.8030490279197693,0.5177538394927979
118.125,0.8030490279197693,0.6704912185668945
119.73213958740234,0.8030490279197693,0.7352043390274048
121.33928680419922,0.8030490279197693,0.4219736158847809
122.94642639160156,0.8030490279197693,0.43961766362190247
124.55357360839844,0.8030490279197693,0.4854639768600464
126.16071319580078,0.8030490279197693,0.46233126521110535
127.76786041259766,0.8030490279197693,0.4625738859176636
129.375,0.8030490279197693,0.28836485743522644
130.98214721679688,0.8030490279197693,0.16886559128761292
132.5892791748047,0.8030490279197693,0.04640718922019005
134.19642639160156,0.8030490279197693,-0.06027698516845703
135.80357360839844,0.8030490279197693,-0.13697293400764465
137.4107208251953,0.8030490279197693,-0.15636354684829712
139.01785278320312,0.8030490279197693,-0.12012335658073425
140.625,0.8030490279197693,-0.07790527492761612
142.23214721679688,0.8030490279197693,-0.05571861192584038
143.8392791748047,0.8030490279197693,-0.06313133239746094
145.44642639160156,0.8030490279197693,-0.06673971563577652
147.05357360839844,0.8030490279197693,-0.03351828083395958
148.6607208251953,0.8030490279197693,0.035869088023900986
150.26785278320312,0.8030490279197693,0.11559193581342697
151.875,0.8030490279197693,0.1501285582780838
153.48214721679688,0.8030490279197693,0.11056938022375107
155.0892791748047,0.8030490279197693,0.03919938579201698
156.69642639160156,0.8030490279197693,-0.012881469912827015
158.30357360839844,0.8030490279197693,-0.008919461630284786
159.9107208251953,0.8030490279197693,0.012785657308995724
161.51785278320312,0.8030490279197693,0.040749676525592804
163.125,0.8030490279197693,0.07735124975442886
164.73214721679688,0.8030490279197693,0.10144545137882233
166.3392791748047,0.8030490279197693,0.1380007416009903
167.94642639160156,0.8030490279197693,0.21831543743610382
169.55357360839844,0.8030490279197693,0.32828018069267273
171.1607208251953,0.8030490279197693,0.4424079954624176
172.76785278320312,0.8030490279197693,0.5282180309295654
174.375,0.8030490279197693,0.596748411655426
175.98214721679688,0.8030490279197693,0.6579315662384033
177.5892791748047,0.8030490279197693,0.7107064127922058
179.19642639160156,0.8030490279197693,0.7712699174880981
-179.19642639160156,-0.8030490279197693,0.7361894249916077
-177.5892791748047,-0.8030490279197693,0.6517603397369385
-175.98214721679688,-0.8030490279197693,0.5122609734535217
-174.375,-0.8030490279197693,0.36838093400001526
-172.76785278320312,-0.8030490279197693,0.288299560546875
-171.1607208251953,-0.8030490279197693,0.2622031569480896
-169.55357360839844,-0.8030490279197693,0.2587001919746399
-167.94642639160156,-0.8030490279197693,0.2649007737636566
-166.3392791748047,-0.8030490279197693,0.2684983015060425
-164.73214721679688,-0.8030490279197693,0.2836116850376129
-163.125,-0.8030490279197693,0.2815394699573517
-161.51785278320312,-0.8030490279197693,0.24512532353401184
-159.9107208251953,-0.8030490279197693,0.19243158400058746
-158.30357360839844,-0.8030490279197693,0.13527196645736694
-156.69642639160156,-0.8030490279197693,0.052693240344524384
-155.0892791748047,-0.8030490279197693,-0.022557003423571587
-153.48214721679688,-0.8030490279197693,-0.03949190676212311
-151.875,-0.8030490279197693,0.022512372583150864
-150.26785278320312,-0.8030490279197693,0.1225915253162384
-148.6607208251953,-0.8030490279197693,0.2086559236049652
-147.05357360839844,-0.8030490279197693,0.25452545285224915
-145.44642639160156,-0.8030490279197693,0.2631497085094452
-143.8392791748047,-0.8030490279197693,0.2586638629436493
-142.23214721679688,-0.8030490279197693,0.3065582811832428
-140.625,-0.8030490279197693,0.35994401574134827
-139.01785278320312,-0.8030490279197693,0.37580081820487976
-137.4107208251953,-0.8030490279197693,0.34437745809555054
-135.80357360839844,-0.8030490279197693,0.26803213357925415
-134.19642639160156,-0.8030490279197693,0.1923849731683731
-132.5892791748047,-0.8030490279197693,0.22088679671287537
-130.98214721679688,-0.8030490279197693,0.349699467420578
-129.375,-0.8030490279197693,0.4838959276676178
-127.76786041259766,-0.8030490279197693,0.6273029446601868
-126.16071319580078,-0.8030490279197693,0.7878826260566711
-124.55357360839844,-0.8030490279197693,0.9524516463279724
-122.94642639160156,-0.8030490279197693,1.0896896123886108
-121.33928680419922,-0.8030490279197693,1.2130684852600098
-119.73213958740234,-0.8030490279197693,1.344400405883789
-118.125,-0.8030490279197693,1.421340823173523
-116.51786041259766,-0.8030490279197693,1.402370572090149
-114.91071319580078,-0.8030490279197693,1.374099612236023
-113.30357360839844,-0.8030490279197693,1.3334697484970093
-111.69642639160156,-0.8030490279197693,1.2481536865234375
-110.08928680419922,-0.8030490279197693,1.1346274614334106
-108.48213958740234,-0.8030490279197693,0.9935397505760193
-106.875,-0.8030490279197693,0.8564203977584839
-105.26786041259766,-0.8030490279197693,0.7466706037521362
-103.66071319580078,-0.8030490279197693,0.6723164319992065
-102.05357360839844,-0.8030490279197693,0.6102895140647888
-100.44642639160156,-0.8030490279197693,0.5707530975341797
-98.83928680419922,-0.8030490279197693,0.5394273996353149
-97.23213958740234,-0.8030490279197693,0.5278796553611755
-95.625,-0.8030490279197693,0.5094400644302368
-94.01786041259766,-0.8030490279197693,0.49067065119743347
-92.41071319580078,-0.8030490279197693,0.514548122882843
-90.80357360839844,-0.8030490279197693,0.5344058275222778
-89.19642639160156,-0.8030490279197693,0.650653064250946
-87.58928680419922,-0.8030490279197693,0.6523668169975281
-85.98213958740234,-0.8030490279197693,0.579377293586731
-84.375,-0.8030490279197693,0.5217172503471375
-82.76786041259766,-0.8030490279197693,0.4669334292411804
-81.16071319580078,-0.8030490279197693,0.39884763956069946
-79.55357360839844,-0.8030490279197693,0.24162743985652924
-77.94642639160156,-0.8030490279197693,0.1421123445034027
-76.33928680419922,-0.8030490279197693,0.21750888228416443
-74.73213958740234,-0.8030490279197693,0.2525642514228821
-73.125,-0.8030490279197693,0.26776739954948425
-71.51786041259766,-0.8030490279197693,0.28194937109947205
-69.91071319580078,-0.8030490279197693,0.2822722792625427
-68.30357360839844,-0.8030490279197693,0.23483949899673462
-66.69642639160156,-0.8030490279197693,0.1875120848417282
-65.08928680419922,-0.8030490279197693,0.25276997685432434
-63.48214340209961,-0.8030490279197693,0.31741923093795776
-61.875,-0.8030490279197693,0.3493361175060272
-60.26785659790039,-0.8030490279197693,0.37374287843704224
-58.66071319580078,-0.8030490279197693,0.3491000533103943
-57.05356979370117,-0.8030490279197693,0.3165585696697235
-55.44643020629883,-0.8030490279197693,0.32864633202552795
-53.83928680419922,-0.8030490279197693,0.33865419030189514
-52.23214340209961,-0.8030490279197693,0.32658323645591736
-50.625,-0.8030490279197693,-0.026045609265565872
-49.01785659790039,-0.8030490279197693,0.2186332643032074
-47.41071319580078,-0.8030490279197693,-0.13251495361328125
-45.80356979370117,-0.8030490279197693,-0.6113394498825073
-44.19643020629883,-0.8030490279197693,-0.5266294479370117
-42.58928680419922,-0.8030490279197693,-0.3748178482055664
-40.98214340209961,-0.8030490279197693,-0.2268543243408203
-39.375,-0.8030490279197693,-0.09606323391199112
-37.76785659790039,-0.8030490279197693,0.018622906878590584
-36.16071319580078,-0.8030490279197693,0.11391684412956238
-34.55356979370117,-0.8030490279197693,0.20243726670742035
-32.94643020629883,-0.8030490279197693,0.2950248122215271
-31.339284896850586,-0.8030490279197693,0.39567920565605164
-29.73214340209961,-0.8030490279197693,0.4817184507846832
-28.125,-0.8030490279197693,0.5205700993537903
-26.51785659790039,-0.8030490279197693,0.4958409070968628
-24.910715103149414,-0.8030490279197693,0.44571539759635925
-23.303571701049805,-0.8030490279197693,0.39908555150032043
-21.696428298950195,-0.8030490279197693,0.3774007260799408
-20.089284896850586,-0.8030490279197693,0.3690076172351837
-18.48214340209961,-0.8030490279197693,0.3437613248825073
-16.875,-0.8030490279197693,0.2572457492351532
-15.267857551574707,-0.8030490279197693,0.15866483747959137
-13.660714149475098,-0.8030490279197693,0.08466657251119614
-12.053571701049805,-0.8030490279197693,0.05489711835980415
-10.446428298950195,-0.8030490279197693,0.05028476566076279
-8.839285850524902,-0.8030490279197693,0.0650915801525116
-7.232142925262451,-0.8030490279197693,0.10096747428178787
-5.625,-0.8030490279197693,0.16226348280906677
-4.017857074737549,-0.8030490279197693,0.24474169313907623
-2.4107143878936768,-0.8030490279197693,0.30920836329460144
-0.8035714030265808,-0.8030490279197693,0.3561668395996094
0.8035714030265808,-0.8030490279197693,0.3924403488636017
2.4107143878936768,-0.8030490279197693,0.37905603647232056
4.017857074737549,-0.8030490279197693,0.3195001482963562
5.625,-0.8030490279197693,0.25482285022735596
7.232142925262451,-0.8030490279197693,0.23763345181941986
8.839285850524902,-0.8030490279197693,0.3346705138683319
10.446428298950195,-0.8030490279197693,0.5834290385246277
12.053571701049805,-0.8030490279197693,0.5098942518234253
13.660714149475098,-0.8030490279197693,0.38276880979537964
15.267857551574707,-0.8030490279197693,0.3947114944458008
16.875,-0.8030490279197693,0.4214898943901062
18.48214340209961,-0.8030490279197693,0.4868010878562927
20.089284896850586,-0.8030490279197693,0.44963061809539795
21.696428298950195,-0.8030490279197693,0.4091053009033203
23.303571701049805,-0.8030490279197693,0.36761531233787537
24.910715103149414,-0.8030490279197693,0.34785258769989014
26.51785659790039,-0.8030490279197693,0.3397206664085388
28.125,-0.8030490279197693,0.2969118058681488
29.73214340209961,-0.8030490279197693,0.25709179043769836
31.339284896850586,-0.8030490279197693,0.23633244633674622
32.94643020629883,-0.8030490279197693,-0.01043879147619009
34.55356979370117,-0.8030490279197693,0.08040352165699005
36.16071319580078,-0.8030490279197693,0.062448058277368546
37.76785659790039,-0.8030490279197693,-0.07107067108154297
39.375,-0.8030490279197693,-0.17258402705192566
40.98214340209961,-0.8030490279197693,-0.04106661304831505
42.58928680419922,-0.8030490279197693,0.23971214890480042
44.19643020629883,-0.8030490279197693,0.3555343747138977
45.80356979370117,-0.8030490279197693,0.4269491136074066
47.41071319580078,-0.8030490279197693,0.46616408228874207
49.01785659790039,-0.8030490279197693,0.4690188765525818
50.625,-0.8030490279197693,0.4516867995262146
52.23214340209961,-0.8030490279197693,0.42362526059150696
53.83928680419922,-0.8030490279197693,0.39472681283950806
55.44643020629883,-0.8030490279197693,0.35940393805503845
57.05356979370117,-0.8030490279197693,0.33375340700149536
58.66071319580078,-0.8030490279197693,0.3304111361503601
60.26785659790039,-0.8030490279197693,0.3350512683391571
61.875,-0.8030490279197693,0.34306958317756653
63.48214340209961,-0.8030490279197693,0.352463036775589
65.08928680419922,-0.8030490279197693,0.34211045503616333
66.69642639160156,-0.8030490279197693,0.31221312284469604
68.30357360839844,-0.8030490279197693,0.2755105197429657
69.91071319580078,-0.8030490279197693,0.2359050065279007
71.51786041259766,-0.8030490279197693,0.20124118030071259
73.125,-0.8030490279197693,0.16496111452579498
74.73213958740234,-0.8030490279197693,0.13825397193431854
76.33928680419922,-0.8030490279197693,0.09865856170654297
77.94642639160156,-0.8030490279197693,0.015365155413746834
79.55357360839844,-0.8030490279197693,-0.07146784663200378
81.16071319580078,-0.8030490279197693,-0.12271697074174881
82.76786041259766,-0.8030490279197693,-0.1091616302728653
84.375,-0.8030490279197693,-0.03941383212804794
85.98213958740234,-0.8030490279197693,0.05324230343103409
87.58928680419922,-0.8030490279197693,0.11891917884349823
89.19642639160156,-0.8030490279197693,0.18026860058307648
90.80357360839844,-0.8030490279197693,0.27000337839126587
92.41071319580078,-0.8030490279197693,0.35018399357795715
94.01786041259766,-0.8030490279197693,0.4172198474407196
95.625,-0.8030490279197693,0.4906297028064728
97.23213958740234,-0.8030490279197693,0.5371349453926086
98.83928680419922,-0.8030490279197693,0.5122727155685425
100.44642639160156,-0.8030490279197693,0.44712549448013306
102.05357360839844,-0.8030490279197693,0.5051636099815369
103.66071319580078,-0.8030490279197693,0.5539313554763794
105.26786041259766,-0.8030490279197693,0.6065369248390198
106.875,-0.8030490279197693,0.5948507189750671
108.48213958740234,-0.8030490279197693,0.5686318278312683
110.08928680419922,-0.8030490279197693,0.4091436266899109
111.69642639160156,-0.8030490279197693,0.43270766735076904
113.30357360839844,-0.8030490279197693,0.3615000545978546
114.91071319580078,-0.8030490279197693,0.3694652020931244
116.51786041259766,-0.8030490279197693,0.43719756603240967
118.125,-0.8030490279197693,0.8087761998176575
119.73213958740234,-0.8030490279197693,0.6061565279960632
121.33928680419922,-0.8030490279197693,0.6782452464103699
122.94642639160156,-0.8030490279197693,0.6007920503616333
124.55357360839844,-0.8030490279197693,0.5559999346733093
126.16071319580078,-0.8030490279197693,0.4673963487148285
127.76786041259766,-0.8030490279197693,0.48395538330078125
129.375,-0.8030490279197693,0.256248414516449
130.98214721679688,-0.8030490279197693,0.36609235405921936
132.5892791748047,-0.8030490279197693,0.7004331946372986
134.19642639160156,-0.8030490279197693,0.0076044718734920025
135.80357360839844,-0.8030490279197693,-0.1467234343290329
137.4107208251953,-0.8030490279197693,-0.2779880464076996
139.01785278320312,-0.8030490279197693,-0.1905575394630432
140.625,-0.8030490279197693,-0.09885800629854202
142.23214721679688,-0.8030490279197693,-0.0800536498427391
143.8392791748047,-0.8030490279197693,-0.13912613689899445
145.44642639160156,-0.8030490279197693,-0.1893669068813324
147.05357360839844,-0.8030490279197693,-0.17159467935562134
148.6607208251953,-0.8030490279197693,-0.07543011009693146
150.26785278320312,-0.8030490279197693,0.02776508405804634
151.875,-0.8030490279197693,0.07824388891458511
153.48214721679688,-0.8030490279197693,0.06305433809757233
155.0892791748047,-0.8030490279197693,0.034368641674518585
156.69642639160156,-0.8030490279197693,0.014099947176873684
158.30357360839844,-0.8030490279197693,0.007901064120233059
159.9107208251953,-0.8030490279197693,0.02352682687342167
161.51785278320312,-0.8030490279197693,0.05195115506649017
163.125,-0.8030490279197693,0.07867260277271271
164.73214721679688,-0.8030490279197693,0.10441461950540543
166.3392791748047,-0.8030490279197693,0.1413019746541977
167.94642639160156,-0.8030490279197693,0.21974614262580872
169.55357360839844,-0.8030490279197693,0.3113950192928314
171.1607208251953,-0.8030490279197693,0.40155690908432007
172.76785278320312,-0.8030490279197693,0.5046933889389038
174.375,-0.8030490279197693,0.6157476305961609
175.98214721679688,-0.8030490279197693,0.7120116949081421
177.5892791748047,-0.8030490279197693,0.7531718015670776
179.19642639160156,-0.8030490279197693,0.7615523934364319
-179.19642639160156,-2.4097790718078613,0.6350275874137878
-177.5892791748047,-2.4097790718078613,0.5295606255531311
-175.98214721679688,-2.4097790718078613,0.3976760804653168
-174.375,-2.4097790718078613,0.26853039860725403
-172.76785278320312,-2.4097790718078613,0.20490188896656036
-171.1607208251953,-2.4097790718078613,0.21622930467128754
-169.55357360839844,-2.4097790718078613,0.2552179992198944
-167.94642639160156,-2.4097790718078613,0.28657183051109314
-166.3392791748047,-2.4097790718078613,0.26816698908805847
-164.73214721679688,-2.4097790718078613,0.27852097153663635
-163.125,-2.4097790718078613,0.27848944067955017
-161.51785278320312,-2.4097790718078613,0.18909600377082825
-159.9107208251953,-2.4097790718078613,0.13554750382900238
-158.30357360839844,-2.4097790718078613,0.10853011161088943
-156.69642639160156,-2.4097790718078613,0.031355857849121094
-155.0892791748047,-2.4097790718078613,-0.01508305873721838
-153.48214721679688,-2.4097790718078613,-0.030715052038431168
-151.875,-2.4097790718078613,0.10134156793355942
-150.26785278320312,-2.4097790718078613,0.2301827073097229
-148.6607208251953,-2.4097790718078613,0.32648760080337524
-147.05357360839844,-2.4097790718078613,0.3705407381057739
-145.44642639160156,-2.4097790718078613,0.3582606613636017
-143.8392791748047,-2.4097790718078613,0.28863880038261414
-142.23214721679688,-2.4097790718078613,0.39660751819610596
-140.625,-2.4097790718078613,0.5078536868095398
-139.01785278320312,-2.4097790718078613,0.5524699687957764
-137.4107208251953,-2.4097790718078613,0.5371484756469727
-135.80357360839844,-2.4097790718078613,0.45063018798828125
-134.19642639160156,-2.4097790718078613,0.3118956983089447
-132.5892791748047,-2.4097790718078613,0.36295413970947266
-130.98214721679688,-2.4097790718078613,0.5575408935546875
-129.375,-2.4097790718078613,0.689644992351532
-127.76786041259766,-2.4097790718078613,0.8187651038169861
-126.16071319580078,-2.4097790718078613,0.9686998128890991
-124.55357360839844,-2.4097790718078613,1.1202729940414429
-122.94642639160156,-2.4097790718078613,1.2541453838348389
-121.33928680419922,-2.4097790718078613,1.345821499824524
-119.73213958740234,-2.4097790718078613,1.50357985496521
-118.125,-2.4097790718078613,1.6330504417419434
-116.51786041259766,-2.4097790718078613,1.5287121534347534
-114.91071319580078,-2.4097790718078613,1.4871069192886353
-113.30357360839844,-2.4097790718078613,1.463140845298767
-111.69642639160156,-2.4097790718078613,1.2911882400512695
-110.08928680419922,-2.4097790718078613,1.1146061420440674
-108.48213958740234,-2.4097790718078613,0.9280272722244263
-106.875,-2.4097790718078613,0.8509473204612732
-105.26786041259766,-2.4097790718078613,0.7990871071815491
-103.66071319580078,-2.4097790718078613,0.7815477252006531
-102.05357360839844,-2.4097790718078613,0.6440345048904419
-100.44642639160156,-2.4097790718078613,0.5222077965736389
-98.83928680419922,-2.4097790718078613,0.39213454723358154
-97.23213958740234,-2.4097790718078613,0.4343777894973755
-95.625,-2.4097790718078613,0.46943002939224243
-94.01786041259766,-2.4097790718078613,0.4627090394496918
-92.41071319580078,-2.4097790718078613,0.5098426342010498
-90.80357360839844,-2.4097790718078613,0.6114084720611572
-89.19642639160156,-2.4097790718078613,0.7528058886528015
-87.58928680419922,-2.4097790718078613,0.7232164144515991
-85.98213958740234,-2.4097790718078613,0.5831316709518433
-84.375,-2.4097790718078613,0.5071241855621338
-82.76786041259766,-2.4097790718078613,0.44036561250686646
-81.16071319580078,-2.4097790718078613,0.34814390540122986
-79.55357360839844,-2.4097790718078613,0.30865007638931274
-77.94642639160156,-2.4097790718078613,0.18432852625846863
-76.33928680419922,-2.4097790718078613,0.2756200134754181
-74.73213958740234,-2.4097790718078613,0.31139060854911804
-73.125,-2.4097790718078613,0.3577876389026642
-71.51786041259766,-2.4097790718078613,0.31214460730552673
-69.91071319580078,-2.4097790718078613,0.25900527834892273
-68.30357360839844,-2.4097790718078613,0.239292711019516
-66.69642639160156,-2.4097790718078613,0.20917721092700958
-65.08928680419922,-2.4097790718078613,0.27695828676223755
-63.48214340209961,-2.4097790718078613,0.40721404552459717
-61.875,-2.4097790718078613,0.4371833801269531
-60.26785659790039,-2.4097790718078613,0.25721022486686707
-58.66071319580078,-2.4097790718078613,0.2652406096458435
-57.05356979370117,-2.4097790718078613,0.16165180504322052
-55.44643020629883,-2.4097790718078613,0.03317146375775337
-53.83928680419922,-2.4097790718078613,0.1526383012533188
-52.23214340209961,-2.4097790718078613,0.05726223066449165
-50.625,-2.4097790718078613,0.16114826500415802
-49.01785659790039,-2.4097790718078613,0.0978708267211914
-47.41071319580078,-2.4097790718078613,0.30674952268600464
-45.80356979370117,-2.4097790718078613,0.2838386595249176
-44.19643020629883,-2.4097790718078613,-0.47186025977134705
-42.58928680419922,-2.4097790718078613,-0.4501248598098755
-40.98214340209961,-2.4097790718078613,-0.3782253861427307
-39.375,-2.4097790718078613,-0.20817215740680695
-37.76785659790039,-2.4097790718078613,-0.06393922120332718
-36.16071319580078,-2.4097790718078613,0.05958188325166702
-34.55356979370117,-2.4097790718078613,0.17061220109462738
-32.94643020629883,-2.4097790718078613,0.2770270109176636
-31.339284896850586,-2.4097790718078613,0.3742919862270355
-29.73214340209961,-2.4097790718078613,0.4601564407348633
-28.125,-2.4097790718078613,0.5039237141609192
-26.51785659790039,-2.4097790718078613,0.4491661787033081
-24.910715103149414,-2.4097790718078613,0.38861414790153503
-23.303571701049805,-2.4097790718078613,0.3417062759399414
-21.696428298950195,-2.4097790718078613,0.39014771580696106
-20.089284896850586,-2.4097790718078613,0.4619751572608948
-18.48214340209961,-2.4097790718078613,0.559903085231781
-16.875,-2.4097790718078613,0.389808714389801
-15.267857551574707,-2.4097790718078613,0.24371764063835144
-13.660714149475098,-2.4097790718078613,0.09902000427246094
-12.053571701049805,-2.4097790718078613,0.08619887381792068
-10.446428298950195,-2.4097790718078613,0.08868401497602463
-8.839285850524902,-2.4097790718078613,0.10921128839254379
-7.232142925262451,-2.4097790718078613,0.1290607452392578
-5.625,-2.4097790718078613,0.1872759461402893
-4.017857074737549,-2.4097790718078613,0.29825860261917114
-2.4107143878936768,-2.4097790718078613,0.3503117263317108
-0.8035714030265808,-2.4097790718078613,0.38581398129463196
0.8035714030265808,-2.4097790718078613,0.4430018663406372
2.4107143878936768,-2.4097790718078613,0.4314669370651245
4.017857074737549,-2.4097790718078613,0.3519144058227539
5.625,-2.4097790718078613,0.26119232177734375
7.232142925262451,-2.4097790718078613,0.22081470489501953
8.839285850524902,-2.4097790718078613,0.24838072061538696
10.446428298950195,-2.4097790718078613,0.637524425983429
12.053571701049805,-2.4097790718078613,0.5500681400299072
13.660714149475098,-2.4097790718078613,0.42904454469680786
15.267857551574707,-2.4097790718078613,0.5008650422096252
16.875,-2.4097790718078613,0.5577146410942078
18.48214340209961,-2.4097790718078613,0.5093876719474792
20.089284896850586,-2.4097790718078613,0.4346827268600464
21.696428298950195,-2.4097790718078613,0.40544256567955017
23.303571701049805,-2.4097790718078613,0.35862478613853455
24.910715103149414,-2.4097790718078613,0.3132631182670593
26.51785659790039,-2.4097790718078613,0.31149375438690186
28.125,-2.4097790718078613,0.28352439403533936
29.73214340209961,-2.4097790718078613,0.22348937392234802
31.339284896850586,-2.4097790718078613,0.1613742858171463
32.94643020629883,-2.4097790718078613,0.04564819484949112
34.55356979370117,-2.4097790718078613,-0.044397734105587006
36.16071319580078,-2.4097790718078613,-0.1678360551595688
37.76785659790039,-2.4097790718078613,-0.3262519836425781
39.375,-2.4097790718078613,-0.2563043534755707
40.98214340209961,-2.4097790718078613,0.17184798419475555
42.58928680419922,-2.4097790718078613,0.37097853422164917
44.19643020629883,-2.4097790718078613,0.42360609769821167
45.80356979370117,-2.4097790718078613,0.47816815972328186
47.41071319580078,-2.4097790718078613,0.49958693981170654
49.01785659790039,-2.4097790718078613,0.4813576340675354
50.625,-2.4097790718078613,0.44767919182777405
52.23214340209961,-2.4097790718078613,0.41278108954429626
53.83928680419922,-2.4097790718078613,0.3833863437175751
55.44643020629883,-2.4097790718078613,0.34040921926498413
57.05356979370117,-2.4097790718078613,0.3079596161842346
58.66071319580078,-2.4097790718078613,0.3019312024116516
60.26785659790039,-2.4097790718078613,0.29375120997428894
61.875,-2.4097790718078613,0.2912955582141876
63.48214340209961,-2.4097790718078613,0.31859511137008667
65.08928680419922,-2.4097790718078613,0.3104246258735657
66.69642639160156,-2.4097790718078613,0.26788145303726196
68.30357360839844,-2.4097790718078613,0.23682111501693726
69.91071319580078,-2.4097790718078613,0.19127781689167023
71.51786041259766,-2.4097790718078613,0.13860727846622467
73.125,-2.4097790718078613,0.09173545986413956
74.73213958740234,-2.4097790718078613,0.06545880436897278
76.33928680419922,-2.4097790718078613,0.06354586035013199
77.94642639160156,-2.4097790718078613,-0.10341663658618927
79.55357360839844,-2.4097790718078613,-0.25351181626319885
81.16071319580078,-2.4097790718078613,-0.3427138030529022
82.76786041259766,-2.4097790718078613,-0.2966052293777466
84.375,-2.4097790718078613,-0.16401787102222443
85.98213958740234,-2.4097790718078613,0.030609512701630592
87.58928680419922,-2.4097790718078613,0.0970240905880928
89.19642639160156,-2.4097790718078613,0.13891245424747467
90.80357360839844,-2.4097790718078613,0.2520916759967804
92.41071319580078,-2.4097790718078613,0.32799798250198364
94.01786041259766,-2.4097790718078613,0.38389262557029724
95.625,-2.4097790718078613,0.49494653940200806
97.23213958740234,-2.4097790718078613,0.552881121635437
98.83928680419922,-2.4097790718078613,0.5396724343299866
100.44642639160156,-2.4097790718078613,0.5495564341545105
102.05357360839844,-2.4097790718078613,0.3646402955055237
103.66071319580078,-2.4097790718078613,0.41036441922187805
105.26786041259766,-2.4097790718078613,0.48927295207977295
106.875,-2.4097790718078613,0.6196157932281494
108.48213958740234,-2.4097790718078613,0.6111070513725281
110.08928680419922,-2.4097790718078613,0.486429899930954
111.69642639160156,-2.4097790718078613,0.30338937044143677
113.30357360839844,-2.4097790718078613,0.3297801911830902
114.91071319580078,-2.4097790718078613,0.3586125671863556
116.51786041259766,-2.4097790718078613,0.610194981098175
118.125,-2.4097790718078613,0.7741854190826416
119.73213958740234,-2.4097790718078613,0.5457280874252319
121.33928680419922,-2.4097790718078613,0.6990826725959778
122.94642639160156,-2.4097790718078613,0.6644813418388367
124.55357360839844,-2.4097790718078613,0.5786998271942139
126.16071319580078,-2.4097790718078613,0.49798813462257385
127.76786041259766,-2.4097790718078613,0.3582342267036438
129.375,-2.4097790718078613,0.2870362102985382
130.98214721679688,-2.4097790718078613,0.12834542989730835
132.5892791748047,-2.4097790718078613,0.4449227750301361
134.19642639160156,-2.4097790718078613,0.27092811465263367
135.80357360839844,-2.4097790718078613,-0.3064902126789093
137.4107208251953,-2.4097790718078613,0.32014599442481995
139.01785278320312,-2.4097790718078613,0.29868748784065247
140.625,-2.4097790718078613,0.07914562523365021
142.23214721679688,-2.4097790718078613,-0.09201564639806747
143.8392791748047,-2.4097790718078613,-0.20971158146858215
145.44642639160156,-2.4097790718078613,-0.2903459668159485
147.05357360839844,-2.4097790718078613,-0.2292107194662094
148.6607208251953,-2.4097790718078613,-0.15175190567970276
150.26785278320312,-2.4097790718078613,-0.02109699323773384
151.875,-2.4097790718078613,0.05983791500329971
153.48214721679688,-2.4097790718078613,0.04305305331945419
155.0892791748047,-2.4097790718078613,0.028128115460276604
156.69642639160156,-2.4097790718078613,0.0276628490537405
158.30357360839844,-2.4097790718078613,0.01162592601031065
159.9107208251953,-2.4097790718078613,0.02650044672191143
161.51785278320312,-2.4097790718078613,0.07193374633789062
163.125,-2.4097790718078613,0.0857037827372551
164.73214721679688,-2.4097790718078613,0.11904595792293549
166.3392791748047,-2.4097790718078613,0.15579243004322052
167.94642639160156,-2.4097790718078613,0.2330341935157776
169.55357360839844,-2.4097790718078613,0.3009718060493469
171.1607208251953,-2.4097790718078613,0.34586480259895325
172.76785278320312,-2.4097790718078613,0.4704340100288391
174.375,-2.4097790718078613,0.6108748316764832
175.98214721679688,-2.4097790718078613,0.7527496814727783
177.5892791748047,-2.4097790718078613,0.7584546804428101
179.19642639160156,-2.4097790718078613,0.7041095495223999
-179.19642639160156,-4.018409252166748,0.5048421025276184
-177.5892791748047,-4.018409252166748,0.3982548415660858
-175.98214721679688,-4.018409252166748,0.28143569827079773
-174.375,-4.018409252166748,0.1798362135887146
-172.76785278320312,-4.018409252166748,0.1388639509677887
-171.1607208251953,-4.018409252166748,0.16655711829662323
-169.55357360839844,-4.018409252166748,0.2125808149576187
-167.94642639160156,-4.018409252166748,0.2418002486228943
-166.3392791748047,-4.018409252166748,0.2297997772693634
-164.73214721679688,-4.018409252166748,0.2103680968284607
-163.125,-4.018409252166748,0.17191390693187714
-161.51785278320312,-4.018409252166748,0.10244261473417282
-159.9107208251953,-4.018409252166748,0.047695476561784744
-158.30357360839844,-4.018409252166748,0.01811167411506176
-156.69642639160156,-4.018409252166748,0.014648882672190666
-155.0892791748047,-4.018409252166748,0.05220184475183487
-153.48214721679688,-4.018409252166748,0.13596057891845703
-151.875,-4.018409252166748,0.2737160921096802
-150.26785278320312,-4.018409252166748,0.41286545991897583
-148.6607208251953,-4.018409252166748,0.514633059501648
-147.05357360839844,-4.018409252166748,0.5689500570297241
-145.44642639160156,-4.018409252166748,0.5676589608192444
-143.8392791748047,-4.018409252166748,0.5556586980819702
-142.23214721679688,-4.018409252166748,0.6233446002006531
-140.625,-4.018409252166748,0.7344614863395691
-139.01785278320312,-4.018409252166748,0.8115869164466858
-137.4107208251953,-4.018409252166748,0.8249185085296631
-135.80357360839844,-4.018409252166748,0.7673318982124329
-134.19642639160156,-4.018409252166748,0.7023535370826721
-132.5892791748047,-4.018409252166748,0.7421606779098511
-130.98214721679688,-4.018409252166748,0.8740702271461487
-129.375,-4.018409252166748,0.9892046451568604
-127.76786041259766,-4.018409252166748,1.0720534324645996
-126.16071319580078,-4.018409252166748,1.1275227069854736
-124.55357360839844,-4.018409252166748,1.1755632162094116
-122.94642639160156,-4.018409252166748,1.2325819730758667
-121.33928680419922,-4.018409252166748,1.299207091331482
-119.73213958740234,-4.018409252166748,1.4019919633865356
-118.125,-4.018409252166748,1.4670149087905884
-116.51786041259766,-4.018409252166748,1.4363633394241333
-114.91071319580078,-4.018409252166748,1.4038082361221313
-113.30357360839844,-4.018409252166748,1.3511888980865479
-111.69642639160156,-4.018409252166748,1.2146586179733276
-110.08928680419922,-4.018409252166748,1.0430406332015991
-108.48213958740234,-4.018409252166748,0.9011793732643127
-106.875,-4.018409252166748,0.8212231993675232
-105.26786041259766,-4.018409252166748,0.7753688097000122
-103.66071319580078,-4.018409252166748,0.7243019938468933
-102.05357360839844,-4.018409252166748,0.6359078884124756
-100.44642639160156,-4.018409252166748,0.5354387760162354
-98.83928680419922,-4.018409252166748,0.4527449309825897
-97.23213958740234,-4.018409252166748,0.4358082413673401
-95.625,-4.018409252166748,0.44703713059425354
-94.01786041259766,-4.018409252166748,0.45514029264450073
-92.41071319580078,-4.018409252166748,0.48923856019973755
-90.80357360839844,-4.018409252166748,0.5534095168113708
-89.19642639160156,-4.018409252166748,0.6184273362159729
-87.58928680419922,-4.018409252166748,0.5881770253181458
-85.98213958740234,-4.018409252166748,0.4794784486293793
-84.375,-4.018409252166748,0.38792261481285095
-82.76786041259766,-4.018409252166748,0.31448155641555786
-81.16071319580078,-4.018409252166748,0.1540774703025818
-79.55357360839844,-4.018409252166748,0.12563349306583405
-77.94642639160156,-4.018409252166748,0.18787676095962524
-76.33928680419922,-4.018409252166748,0.27951934933662415
-74.73213958740234,-4.018409252166748,0.3982234299182892
-73.125,-4.018409252166748,0.4842812716960907
-71.51786041259766,-4.018409252166748,0.38479939103126526
-69.91071319580078,-4.018409252166748,0.23443825542926788
-68.30357360839844,-4.018409252166748,0.289253294467926
-66.69642639160156,-4.018409252166748,0.28410452604293823
-65.08928680419922,-4.018409252166748,0.3237344026565552
-63.48214340209961,-4.018409252166748,0.39959779381752014
-61.875,-4.018409252166748,0.5263131856918335
-60.26785659790039,-4.018409252166748,0.3209332823753357
-58.66071319580078,-4.018409252166748,0.24979515373706818
-57.05356979370117,-4.018409252166748,0.18694642186164856
-55.44643020629883,-4.018409252166748,0.13640442490577698
-53.83928680419922,-4.018409252166748,0.07641830295324326
-52.23214340209961,-4.018409252166748,0.005588531494140625
-50.625,-4.018409252166748,0.11658026278018951
-49.01785659790039,-4.018409252166748,0.2013023942708969
-47.41071319580078,-4.018409252166748,0.24088503420352936
-45.80356979370117,-4.018409252166748,0.2535264194011688
-44.19643020629883,-4.018409252166748,0.17337150871753693
-42.58928680419922,-4.018409252166748,0.028800329193472862
-40.98214340209961,-4.018409252166748,-0.09838937222957611
-39.375,-4.018409252166748,0.03387196734547615
-37.76785659790039,-4.018409252166748,-0.04123827442526817
-36.16071319580078,-4.018409252166748,0.029264768585562706
-34.55356979370117,-4.018409252166748,0.14381065964698792
-32.94643020629883,-4.018409252166748,0.2411869615316391
-31.339284896850586,-4.018409252166748,0.324185311794281
-29.73214340209961,-4.018409252166748,0.3865205645561218
-28.125,-4.018409252166748,0.4055328965187073
-26.51785659790039,-4.018409252166748,0.3752475082874298
-24.910715103149414,-4.018409252166748,0.3305259048938751
-23.303571701049805,-4.018409252166748,0.3135780394077301
-21.696428298950195,-4.018409252166748,0.3589816987514496
-20.089284896850586,-4.018409252166748,0.43113651871681213
-18.48214340209961,-4.018409252166748,0.4721170961856842
-16.875,-4.018409252166748,0.4104622006416321
-15.267857551574707,-4.018409252166748,0.31526845693588257
-13.660714149475098,-4.018409252166748,0.22142499685287476
-12.053571701049805,-4.018409252166748,0.16346676647663116
-10.446428298950195,-4.018409252166748,0.1267111450433731
-8.839285850524902,-4.018409252166748,0.11144021153450012
-7.232142925262451,-4.018409252166748,0.12379474937915802
-5.625,-4.018409252166748,0.16951115429401398
-4.017857074737549,-4.018409252166748,0.24327398836612701
-2.4107143878936768,-4.018409252166748,0.30110397934913635
-0.8035714030265808,-4.018409252166748,0.3484613299369812
0.8035714030265808,-4.018409252166748,0.3888542950153351
2.4107143878936768,-4.018409252166748,0.37407931685447693
4.017857074737549,-4.018409252166748,0.3100510835647583
5.625,-4.018409252166748,0.23632386326789856
7.232142925262451,-4.018409252166748,0.1948077529668808
8.839285850524902,-4.018409252166748,0.19174645841121674
10.446428298950195,-4.018409252166748,0.19399547576904297
12.053571701049805,-4.018409252166748,0.5249801874160767
13.660714149475098,-4.018409252166748,0.520488977432251
15.267857551574707,-4.018409252166748,0.539620578289032
16.875,-4.018409252166748,0.56820148229599
18.48214340209961,-4.018409252166748,0.49454358220100403
20.089284896850586,-4.018409252166748,0.44962865114212036
21.696428298950195,-4.018409252166748,0.40667006373405457
23.303571701049805,-4.018409252166748,0.3563743531703949
24.910715103149414,-4.018409252166748,0.30369579792022705
26.51785659790039,-4.018409252166748,0.3205626904964447
28.125,-4.018409252166748,0.3029434084892273
29.73214340209961,-4.018409252166748,0.2342214584350586
31.339284896850586,-4.018409252166748,0.12238813936710358
32.94643020629883,-4.018409252166748,-0.04294872283935547
34.55356979370117,-4.018409252166748,-0.13537107408046722
36.16071319580078,-4.018409252166748,-0.2977699935436249
37.76785659790039,-4.018409252166748,-0.30599460005760193
39.375,-4.018409252166748,-0.14590345323085785
40.98214340209961,-4.018409252166748,0.29611530900001526
42.58928680419922,-4.018409252166748,0.3824743926525116
44.19643020629883,-4.018409252166748,0.44339847564697266
45.80356979370117,-4.018409252166748,0.4899832308292389
47.41071319580078,-4.018409252166748,0.4983973205089569
49.01785659790039,-4.018409252166748,0.4675901532173157
50.625,-4.018409252166748,0.4246523678302765
52.23214340209961,-4.018409252166748,0.3889804780483246
53.83928680419922,-4.018409252166748,0.3619917035102844
55.44643020629883,-4.018409252166748,0.32575348019599915
57.05356979370117,-4.018409252166748,0.29656341671943665
58.66071319580078,-4.018409252166748,0.28080806136131287
60.26785659790039,-4.018409252166748,0.2716342806816101
61.875,-4.018409252166748,0.27677592635154724
63.48214340209961,-4.018409252166748,0.2969875931739807
65.08928680419922,-4.018409252166748,0.2991819977760315
66.69642639160156,-4.018409252166748,0.27109095454216003
68.30357360839844,-4.018409252166748,0.2252904325723648
69.91071319580078,-4.018409252166748,0.16012464463710785
71.51786041259766,-4.018409252166748,0.08893413841724396
73.125,-4.018409252166748,0.02133515663444996
74.73213958740234,-4.018409252166748,-0.04109249264001846
76.33928680419922,-4.018409252166748,-0.12095584720373154
77.94642639160156,-4.018409252166748,-0.27668508887290955
79.55357360839844,-4.018409252166748,-0.4461669921875
81.16071319580078,-4.018409252166748,-0.5411174297332764
82.76786041259766,-4.018409252166748,-0.5031962990760803
84.375,-4.018409252166748,-0.36275094747543335
85.98213958740234,-4.018409252166748,-0.19388751685619354
87.58928680419922,-4.018409252166748,-0.07849311828613281
89.19642639160156,-4.018409252166748,-0.006037966348230839
90.80357360839844,-4.018409252166748,0.08239193260669708
92.41071319580078,-4.018409252166748,0.17088133096694946
94.01786041259766,-4.018409252166748,0.2609090805053711
95.625,-4.018409252166748,0.3651381731033325
97.23213958740234,-4.018409252166748,0.427113801240921
98.83928680419922,-4.018409252166748,0.4415954053401947
100.44642639160156,-4.018409252166748,0.47160860896110535
102.05357360839844,-4.018409252166748,0.44789841771125793
103.66071319580078,-4.018409252166748,0.28734487295150757
105.26786041259766,-4.018409252166748,0.4010964632034302
106.875,-4.018409252166748,0.6694526076316833
108.48213958740234,-4.018409252166748,0.6716744899749756
110.08928680419922,-4.018409252166748,0.6362740993499756
111.69642639160156,-4.018409252166748,0.59870445728302
113.30357360839844,-4.018409252166748,0.601603090763092
114.91071319580078,-4.018409252166748,0.49706441164016724
116.51786041259766,-4.018409252166748,0.632185161113739
118.125,-4.018409252166748,0.7218948006629944
119.73213958740234,-4.018409252166748,0.5900557041168213
121.33928680419922,-4.018409252166748,0.703329861164093
122.94642639160156,-4.018409252166748,0.7071481347084045
124.55357360839844,-4.018409252166748,0.5664913058280945
126.16071319580078,-4.018409252166748,0.5131734013557434
127.76786041259766,-4.018409252166748,0.38908493518829346
129.375,-4.018409252166748,0.2610071897506714
130.98214721679688,-4.018409252166748,0.22494086623191833
132.5892791748047,-4.018409252166748,0.1620929092168808
134.19642639160156,-4.018409252166748,0.17475548386573792
135.80357360839844,-4.018409252166748,0.5447632074356079
137.4107208251953,-4.018409252166748,0.4685874879360199
139.01785278320312,-4.018409252166748,0.45564988255500793
140.625,-4.018409252166748,0.4029809236526489
142.23214721679688,-4.018409252166748,0.3084833025932312
143.8392791748047,-4.018409252166748,0.17146141827106476
145.44642639160156,-4.018409252166748,-0.2744494676589966
147.05357360839844,-4.018409252166748,-0.28013044595718384
148.6607208251953,-4.018409252166748,-0.17519213259220123
150.26785278320312,-4.018409252166748,-0.048498596996068954
151.875,-4.018409252166748,0.02242959290742874
153.48214721679688,-4.018409252166748,0.05028317868709564
155.0892791748047,-4.018409252166748,0.038410186767578125
156.69642639160156,-4.018409252166748,0.01783822290599346
158.30357360839844,-4.018409252166748,0.005285326857119799
159.9107208251953,-4.018409252166748,0.0030120848678052425
161.51785278320312,-4.018409252166748,0.022244008257985115
163.125,-4.018409252166748,0.07721487432718277
164.73214721679688,-4.018409252166748,0.15757903456687927
166.3392791748047,-4.018409252166748,0.22964993119239807
167.94642639160156,-4.018409252166748,0.285266250371933
169.55357360839844,-4.018409252166748,0.3326147198677063
171.1607208251953,-4.018409252166748,0.374703586101532
172.76785278320312,-4.018409252166748,0.4547373354434967
174.375,-4.018409252166748,0.549125611782074
175.98214721679688,-4.018409252166748,0.6222763061523438
177.5892791748047,-4.018409252166748,0.6339102387428284
179.19642639160156,-4.018409252166748,0.5860417485237122
-179.1928253173828,-5.626613616943359,0.3622579574584961
-177.57847595214844,-5.626613616943359,0.27199772000312805
-175.96412658691406,-5.626613616943359,0.1661139875650406
-174.3497772216797,-5.626613616943359,0.07484092563390732
-172.7354278564453,-5.626613616943359,0.05770282819867134
-171.12107849121094,-5.626613616943359,0.12023302912712097
-169.50672912597656,-5.626613616943359,0.1868138611316681
-167.8923797607422,-5.626613616943359,0.21597105264663696
-166.2780303955078,-5.626613616943359,0.2015617936849594
-164.66368103027344,-5.626613616943359,0.1642339676618576
-163.04933166503906,-5.626613616943359,0.10639960318803787
-161.4349822998047,-5.626613616943359,0.021307626739144325
-159.8206329345703,-5.626613616943359,-0.06794166564941406
-158.20628356933594,-5.626613616943359,-0.09326585382223129
-156.59193420410156,-5.626613616943359,0.005003039259463549
-154.9775848388672,-5.626613616943359,0.16225197911262512
-153.3632354736328,-5.626613616943359,0.3330661654472351
-151.74888610839844,-5.626613616943359,0.48533713817596436
-150.13453674316406,-5.626613616943359,0.6293935775756836
-148.52017211914062,-5.626613616943359,0.7391645312309265
-146.90582275390625,-5.626613616943359,0.7877216935157776
-145.29147338867188,-5.626613616943359,0.8009271621704102
-143.6771240234375,-5.626613616943359,0.8313118815422058
-142.06277465820312,-5.626613616943359,0.8981878757476807
-140.44842529296875,-5.626613616943359,1.0113199949264526
-138.83407592773438,-5.626613616943359,1.1239100694656372
-137.2197265625,-5.626613616943359,1.153338074684143
-135.60537719726562,-5.626613616943359,1.1356943845748901
-133.99102783203125,-5.626613616943359,1.1366875171661377
-132.37667846679688,-5.626613616943359,1.1629399061203003
-130.7623291015625,-5.626613616943359,1.2210310697555542
-129.14797973632812,-5.626613616943359,1.2922354936599731
-127.53363037109375,-5.626613616943359,1.2924087047576904
-125.91928100585938,-5.626613616943359,1.221487283706665
-124.304931640625,-5.626613616943359,1.1551928520202637
-122.69058227539062,-5.626613616943359,1.138109803199768
-121.07623291015625,-5.626613616943359,1.1602038145065308
-119.46188354492188,-5.626613616943359,1.1850303411483765
-117.8475341796875,-5.626613616943359,1.2018882036209106
-116.23318481445312,-5.626613616943359,1.2113229036331177
-114.61883544921875,-5.626613616943359,1.2013986110687256
-113.00448608398438,-5.626613616943359,1.1465164422988892
-111.39013671875,-5.626613616943359,1.0353550910949707
-109.77578735351562,-5.626613616943359,0.9064456820487976
-108.16143798828125,-5.626613616943359,0.8086315989494324
-106.54708862304688,-5.626613616943359,0.755584180355072
-104.93273162841797,-5.626613616943359,0.7082664370536804
-103.3183822631836,-5.626613616943359,0.6555955410003662
-101.70403289794922,-5.626613616943359,0.6059262752532959
-100.08968353271484,-5.626613616943359,0.5439809560775757
-98.47533416748047,-5.626613616943359,0.4871353209018707
-96.8609848022461,-5.626613616943359,0.4606412351131439
-95.24663543701172,-5.626613616943359,0.45356446504592896
-93.63228607177734,-5.626613616943359,0.45633411407470703
-92.01793670654297,-5.626613616943359,0.45051008462905884
-90.4035873413086,-5.626613616943359,0.44093894958496094
-88.78923797607422,-5.626613616943359,0.41859206557273865
-87.17488861083984,-5.626613616943359,0.36842694878578186
-85.56053924560547,-5.626613616943359,0.2867254912853241
-83.9461898803711,-5.626613616943359,0.1978420913219452
-82.33184051513672,-5.626613616943359,0.14532089233398438
-80.71749114990234,-5.626613616943359,-0.18688984215259552
-79.10314178466797,-5.626613616943359,0.012258021160960197
-77.4887924194336,-5.626613616943359,0.24687251448631287
-75.87444305419922,-5.626613616943359,0.3412730395793915
-74.26008605957031,-5.626613616943359,0.4381389617919922
-72.64573669433594,-5.626613616943359,0.47812339663505554
-71.03138732910156,-5.626613616943359,0.46189963817596436
-69.41703796386719,-5.626613616943359,0.42700499296188354
-67.80268859863281,-5.626613616943359,0.3540474474430084
-66.18833923339844,-5.626613616943359,0.28913751244544983
-64.57398986816406,-5.626613616943359,0.3123984634876251
-62.95964050292969,-5.626613616943359,0.40759170055389404
-61.34529113769531,-5.626613616943359,0.3936885893344879
-59.73094177246094,-5.626613616943359,0.2939244508743286
-58.11659240722656,-5.626613616943359,0.17665214836597443
-56.50224304199219,-5.626613616943359,0.06108048930764198
-54.88789367675781,-5.626613616943359,0.022608883678913116
-53.27354431152344,-5.626613616943359,0.005262947175651789
-51.6591911315918,-5.626613616943359,0.027344893664121628
-50.04484176635742,-5.626613616943359,0.07540105283260345
-48.43049240112305,-5.626613616943359,0.14045295119285583
-46.81614303588867,-5.626613616943359,0.2048313170671463
-45.2017936706543,-5.626613616943359,0.17544002830982208
-43.58744430541992,-5.626613616943359,0.09551156312227249
-41.97309494018555,-5.626613616943359,-0.09842586517333984
-40.35874557495117,-5.626613616943359,-0.12308362126350403
-38.7443962097168,-5.626613616943359,0.113794706761837
-37.130043029785156,-5.626613616943359,0.2584916353225708
-35.51569366455078,-5.626613616943359,0.23547840118408203
-33.901344299316406,-5.626613616943359,0.14633426070213318
-32.28699493408203,-5.626613616943359,0.21822388470172882
-30.672645568847656,-5.626613616943359,0.2701054811477661
-29.05829620361328,-5.626613616943359,0.2870713472366333
-27.443946838378906,-5.626613616943359,0.2905465364456177
-25.8295955657959,-5.626613616943359,0.2781197726726532
-24.215246200561523,-5.626613616943359,0.26003679633140564
-22.60089683532715,-5.626613616943359,0.27338340878486633
-20.986547470092773,-5.626613616943359,0.31626853346824646
-19.3721981048584,-5.626613616943359,0.35098832845687866
-17.75784683227539,-5.626613616943359,0.367321640253067
-16.143497467041016,-5.626613616943359,0.3706310987472534
-14.52914810180664,-5.626613616943359,0.36445337533950806
-12.91479778289795,-5.626613616943359,0.3105649948120117
-11.300448417663574,-5.626613616943359,0.20557047426700592
-9.6860990524292,-5.626613616943359,0.11612460017204285
-8.071748733520508,-5.626613616943359,0.08261788636445999
-6.457398891448975,-5.626613616943359,0.11321080476045609
-4.8430495262146,-5.626613616943359,0.16480064392089844
-3.2286994457244873,-5.626613616943359,0.21576398611068726
-1.6143497228622437,-5.626613616943359,0.2591882050037384
0.0,-5.626613616943359,0.27911001443862915
1.6143497228622437,-5.626613616943359,0.26807868480682373
3.2286994457244873,-5.626613616943359,0.2302227020263672
4.8430495262146,-5.626613616943359,0.169625923037529
6.457398891448975,-5.626613616943359,0.11349868774414062
8.071748733520508,-5.626613616943359,0.094666987657547
9.6860990524292,-5.626613616943359,0.0920526534318924
11.300448417663574,-5.626613616943359,0.07241948693990707
12.91479778289795,-5.626613616943359,0.48049381375312805
14.52914810180664,-5.626613616943359,0.5879129767417908
16.143497467041016,-5.626613616943359,0.5762996673583984
17.75784683227539,-5.626613616943359,0.5483959317207336
19.3721981048584,-5.626613616943359,0.4724004864692688
20.986547470092773,-5.626613616943359,0.4024239182472229
22.60089683532715,-5.626613616943359,0.35292327404022217
24.215246200561523,-5.626613616943359,0.3300706744194031
25.8295955657959,-5.626613616943359,0.33575674891471863
27.443946838378906,-5.626613616943359,0.31614062190055847
29.05829620361328,-5.626613616943359,0.22488492727279663
30.672645568847656,-5.626613616943359,0.20624606311321259
32.28699493408203,-5.626613616943359,-0.015687942504882812
33.901344299316406,-5.626613616943359,-0.12987276911735535
35.51569366455078,-5.626613616943359,-0.19196847081184387
37.130043029785156,-5.626613616943359,-0.18504168093204498
38.7443962097168,-5.626613616943359,-0.021306991577148438
40.35874557495117,-5.626613616943359,0.2422325760126114
41.97309494018555,-5.626613616943359,0.3249756991863251
43.58744430541992,-5.626613616943359,0.4044848084449768
45.2017936706543,-5.626613616943359,0.4711240231990814
46.81614303588867,-5.626613616943359,0.49451765418052673
48.43049240112305,-5.626613616943359,0.45280349254608154
50.04484176635742,-5.626613616943359,0.3959389328956604
51.6591911315918,-5.626613616943359,0.3561613857746124
53.27354431152344,-5.626613616943359,0.340009868144989
54.88789367675781,-5.626613616943359,0.31406471133232117
56.50224304199219,-5.626613616943359,0.28046855330467224
58.11659240722656,-5.626613616943359,0.2586430311203003
59.73094177246094,-5.626613616943359,0.2538002133369446
61.34529113769531,-5.626613616943359,0.25979411602020264
62.95964050292969,-5.626613616943359,0.2744714021682739
64.57398986816406,-5.626613616943359,0.28964126110076904
66.18833923339844,-5.626613616943359,0.28800836205482483
67.80268859863281,-5.626613616943359,0.24384790658950806
69.41703796386719,-5.626613616943359,0.16951002180576324
71.03138732910156,-5.626613616943359,0.08390229195356369
72.64573669433594,-5.626613616943359,-0.011423365212976933
74.26008605957031,-5.626613616943359,-0.11277008056640625
75.87444305419922,-5.626613616943359,-0.22498232126235962
77.4887924194336,-5.626613616943359,-0.3827809691429138
79.10314178466797,-5.626613616943359,-0.5796039700508118
80.71749114990234,-5.626613616943359,-0.7474057674407959
82.33184051513672,-5.626613616943359,-0.7630463242530823
83.9461898803711,-5.626613616943359,-0.627149760723114
85.56053924560547,-5.626613616943359,-0.46577879786491394
87.17488861083984,-5.626613616943359,-0.32303255796432495
88.78923797607422,-5.626613616943359,-0.21668872237205505
90.4035873413086,-5.626613616943359,-0.14113126695156097
92.01793670654297,-5.626613616943359,-0.051879629492759705
93.63228607177734,-5.626613616943359,0.05703907087445259
95.24663543701172,-5.626613616943359,0.16283638775348663
96.8609848022461,-5.626613616943359,0.2437218278646469
98.47533416748047,-5.626613616943359,0.2901693284511566
100.08968353271484,-5.626613616943359,0.31573328375816345
101.70403289794922,-5.626613616943359,0.3599218428134918
103.3183822631836,-5.626613616943359,0.4664202928543091
104.93273162841797,-5.626613616943359,0.490712434053421
106.54708862304688,-5.626613616943359,0.6598296761512756
108.16143798828125,-5.626613616943359,0.7186233401298523
109.77578735351562,-5.626613616943359,0.714333713054657
111.39013671875,-5.626613616943359,0.6823338866233826
113.00448608398438,-5.626613616943359,0.6324135065078735
114.61883544921875,-5.626613616943359,0.6009542346000671
116.23318481445312,-5.626613616943359,0.6011466979980469
117.8475341796875,-5.626613616943359,0.6451476812362671
119.46188354492188,-5.626613616943359,0.6112931966781616
121.07623291015625,-5.626613616943359,0.7087331414222717
122.69058227539062,-5.626613616943359,0.6724079847335815
124.304931640625,-5.626613616943359,0.5749152898788452
125.91928100585938,-5.626613616943359,0.4692366421222687
127.53363037109375,-5.626613616943359,0.37468254566192627
129.14797973632812,-5.626613616943359,0.3005879819393158
130.7623291015625,-5.626613616943359,0.23412850499153137
132.37667846679688,-5.626613616943359,0.16654255986213684
133.99102783203125,-5.626613616943359,0.09534689784049988
135.60537719726562,-5.626613616943359,-0.0658695250749588
137.2197265625,-5.626613616943359,-0.12498035281896591
138.83407592773438,-5.626613616943359,0.37454211711883545
140.44842529296875,-5.626613616943359,0.3614679276943207
142.06277465820312,-5.626613616943359,0.3007338345050812
143.6771240234375,-5.626613616943359,0.26248443126678467
145.29147338867188,-5.626613616943359,0.23192913830280304
146.90582275390625,-5.626613616943359,-0.14001159369945526
148.52017211914062,-5.626613616943359,-0.08837947994470596
150.13453674316406,-5.626613616943359,0.035334713757038116
151.74888610839844,-5.626613616943359,0.03381411358714104
153.3632354736328,-5.626613616943359,0.09626611322164536
154.9775848388672,-5.626613616943359,0.03170382231473923
156.59193420410156,-5.626613616943359,0.04567661136388779
158.20628356933594,-5.626613616943359,0.009941482916474342
159.8206329345703,-5.626613616943359,-0.02610301971435547
161.4349822998047,-5.626613616943359,-0.031834159046411514
163.04933166503906,-5.626613616943359,0.058286093175411224
164.66368103027344,-5.626613616943359,0.19742615520954132
166.2780303955078,-5.626613616943359,0.31421229243278503
167.8923797607422,-5.626613616943359,0.3587668240070343
169.50672912597656,-5.626613616943359,0.3701971173286438
171.12107849121094,-5.626613616943359,0.38217708468437195
172.7354278564453,-5.626613616943359,0.4108101427555084
174.3497772216797,-5.626613616943359,0.43616345524787903
175.96412658691406,-5.626613616943359,0.45359376072883606
177.57847595214844,-5.626613616943359,0.45472267270088196
179.1928253173828,-5.626613616943359,0.42281895875930786
-179.18919372558594,-7.232051849365234,0.22252267599105835
-177.56756591796875,-7.232051849365234,0.17077922821044922
-175.94595336914062,-7.232051849365234,0.08505687862634659
-174.32432556152344,-7.232051849365234,-0.03077475167810917
-172.70269775390625,-7.232051849365234,-0.03316478803753853
-171.08108520507812,-7.232051849365234,0.0918121337890625
-169.45945739746094,-7.232051849365234,0.18174965679645538
-167.8378448486328,-7.232051849365234,0.21838614344596863
-166.21621704101562,-7.232051849365234,0.20116882026195526
-164.59458923339844,-7.232051849365234,0.16865704953670502
-162.9729766845703,-7.232051849365234,0.10682570189237595
-161.35134887695312,-7.232051849365234,-0.004727554507553577
-159.729736328125,-7.232051849365234,-0.15041758120059967
-158.1081085205078,-7.232051849365234,-0.22249017655849457
-156.48648071289062,-7.232051849365234,0.0194943118840456
-154.8648681640625,-7.232051849365234,0.2682165205478668
-153.2432403564453,-7.232051849365234,0.5089588761329651
-151.6216278076172,-7.232051849365234,0.6224252581596375
-150.0,-7.232051849365234,0.7766644954681396
-148.3783721923828,-7.232051849365234,0.9311026930809021
-146.7567596435547,-7.232051849365234,0.9335448741912842
-145.1351318359375,-7.232051849365234,0.9640255570411682
-143.51351928710938,-7.232051849365234,1.0394176244735718
-141.8918914794922,-7.232051849365234,1.0978244543075562
-140.270263671875,-7.232051849365234,1.2247745990753174
-138.64865112304688,-7.232051849365234,1.4142991304397583
-137.0270233154297,-7.232051849365234,1.3944569826126099
-135.40541076660156,-7.232051849365234,1.4075143337249756
-133.78378295898438,-7.232051849365234,1.4971717596054077
-132.1621551513672,-7.232051849365234,1.4559389352798462
-130.54054260253906,-7.232051849365234,1.4578025341033936
-128.91891479492188,-7.232051849365234,1.523999810218811
-127.29729461669922,-7.232051849365234,1.3939073085784912
-125.67567443847656,-7.232051849365234,1.2118035554885864
-124.0540542602539,-7.232051849365234,1.0496610403060913
-122.43243408203125,-7.232051849365234,0.998771607875824
-120.8108139038086,-7.232051849365234,0.986139714717865
-119.1891860961914,-7.232051849365234,0.9466979503631592
-117.56756591796875,-7.232051849365234,0.965119481086731
-115.9459457397461,-7.232051849365234,1.0093973875045776
-114.32432556152344,-7.232051849365234,0.9974324703216553
-112.70270538330078,-7.232051849365234,0.9432572722434998
-111.0810775756836,-7.232051849365234,0.8624595999717712
-109.45945739746094,-7.232051849365234,0.7682380676269531
-107.83783721923828,-7.232051849365234,0.7108771204948425
-106.21621704101562,-7.232051849365234,0.7092697620391846
-104.59459686279297,-7.232051849365234,0.6735129952430725
-102.97297668457031,-7.232051849365234,0.635071873664856
-101.35134887695312,-7.232051849365234,0.6114440560340881
-99.72972869873047,-7.232051849365234,0.5585997700691223
-98.10810852050781,-7.232051849365234,0.5023998022079468
-96.48648834228516,-7.232051849365234,0.4742462933063507
-94.8648681640625,-7.232051849365234,0.45945465564727783
-93.24324035644531,-7.232051849365234,0.4441174864768982
-91.62162017822266,-7.232051849365234,0.3647044003009796
-90.0,-7.232051849365234,0.28569862246513367
-88.37837982177734,-7.232051849365234,0.2015983611345291
-86.75675964355469,-7.232051849365234,0.17974242568016052
-85.1351318359375,-7.232051849365234,0.11231040954589844
-83.51351165771484,-7.232051849365234,0.001195208285935223
-81.89189147949219,-7.232051849365234,0.01702524907886982
-80.27027130126953,-7.232051849365234,0.030716069042682648
-78.64865112304688,-7.232051849365234,0.037304338067770004
-77.02702331542969,-7.232051849365234,0.23919804394245148
-75.40540313720703,-7.232051849365234,0.3330134153366089
-73.78378295898438,-7.232051849365234,0.4066186845302582
-72.16216278076172,-7.232051849365234,0.4482470154762268
-70.54054260253906,-7.232051849365234,0.5450292229652405
-68.9189224243164,-7.232051849365234,0.49628493189811707
-67.29729461669922,-7.232051849365234,0.36441001296043396
-65.67567443847656,-7.232051849365234,0.21806660294532776
-64.0540542602539,-7.232051849365234,0.21603813767433167
-62.43243408203125,-7.232051849365234,0.2929671108722687
-60.81081008911133,-7.232051849365234,0.2906515896320343
-59.18918991088867,-7.232051849365234,0.20865917205810547
-57.56756591796875,-7.232051849365234,0.06368643790483475
-55.945945739746094,-7.232051849365234,-0.021129989996552467
-54.32432556152344,-7.232051849365234,-0.03881702572107315
-52.702701568603516,-7.232051849365234,-0.03708241879940033
-51.08108139038086,-7.232051849365234,-0.019114304333925247
-49.4594612121582,-7.232051849365234,0.004538472276180983
-47.83783721923828,-7.232051849365234,0.14693114161491394
-46.216217041015625,-7.232051849365234,0.1707354187965393
-44.5945930480957,-7.232051849365234,0.1259082853794098
-42.97297286987305,-7.232051849365234,0.10351110994815826
-41.35135269165039,-7.232051849365234,-0.07822068780660629
-39.72972869873047,-7.232051849365234,-0.027572060003876686
-38.10810852050781,-7.232051849365234,-0.051253192126750946
-36.486488342285156,-7.232051849365234,0.010998408310115337
-34.864864349365234,-7.232051849365234,0.09684906154870987
-33.24324417114258,-7.232051849365234,0.12364063411951065
-31.62162208557129,-7.232051849365234,0.19483636319637299
-30.0,-7.232051849365234,0.20931822061538696
-28.37837791442871,-7.232051849365234,0.1774899810552597
-26.756755828857422,-7.232051849365234,0.21669673919677734
-25.135135650634766,-7.232051849365234,0.2183607667684555
-23.513513565063477,-7.232051849365234,0.20507660508155823
-21.891891479492188,-7.232051849365234,0.2326958328485489
-20.2702693939209,-7.232051849365234,0.24586181342601776
-18.648649215698242,-7.232051849365234,0.23850791156291962
-17.027027130126953,-7.232051849365234,0.3011832535266876
-15.405405044555664,-7.232051849365234,0.3814840316772461
-13.783783912658691,-7.232051849365234,0.4831100404262543
-12.162161827087402,-7.232051849365234,0.3471212387084961
-10.54054069519043,-7.232051849365234,0.18896299600601196
-8.91891860961914,-7.232051849365234,0.06234296038746834
-7.297297477722168,-7.232051849365234,0.07487589865922928
-5.675675868988037,-7.232051849365234,0.1314992904663086
-4.054054260253906,-7.232051849365234,0.17838217318058014
-2.4324324131011963,-7.232051849365234,0.19767825305461884
-0.8108108043670654,-7.232051849365234,0.19241657853126526
0.8108108043670654,-7.232051849365234,0.15863774716854095
2.4324324131011963,-7.232051849365234,0.1287064254283905
4.054054260253906,-7.232051849365234,0.08612721413373947
5.675675868988037,-7.232051849365234,0.00431035365909338
7.297297477722168,-7.232051849365234,-0.03972034528851509
8.91891860961914,-7.232051849365234,-0.03365987166762352
10.54054069519043,-7.232051849365234,-0.022896576672792435
12.162161827087402,-7.232051849365234,-0.06392892450094223
13.783783912658691,-7.232051849365234,0.5489183664321899
15.405405044555664,-7.232051849365234,0.6442869305610657
17.027027130126953,-7.232051849365234,0.5722177624702454
18.648649215698242,-7.232051849365234,0.4772152602672577
20.2702693939209,-7.232051849365234,0.38185399770736694
21.891891479492188,-7.232051849365234,0.34385618567466736
23.513513565063477,-7.232051849365234,0.3038625121116638
25.135135650634766,-7.232051849365234,0.3146640658378601
26.756755828857422,-7.232051849365234,0.31601423025131226
28.37837791442871,-7.232051849365234,0.30558350682258606
30.0,-7.232051849365234,0.1055273711681366
31.62162208557129,-7.232051849365234,0.11109371483325958
33.24324417114258,-7.232051849365234,-0.03173421323299408
34.864864349365234,-7.232051849365234,-0.1436813920736313
36.486488342285156,-7.232051849365234,-0.12160880118608475
38.10810852050781,-7.232051849365234,-0.07044252008199692
39.72972869873047,-7.232051849365234,0.1809483915567398
41.35135269165039,-7.232051849365234,0.26971951127052307
42.97297286987305,-7.232051849365234,0.35224106907844543
44.5945930480957,-7.232051849365234,0.43421369791030884
46.216217041015625,-7.232051849365234,0.5124890804290771
47.83783721923828,-7.232051849365234,0.4537143111228943
49.4594612121582,-7.232051849365234,0.37099406123161316
51.08108139038086,-7.232051849365234,0.3053130507469177
52.702701568603516,-7.232051849365234,0.29684722423553467
54.32432556152344,-7.232051849365234,0.2914085388183594
55.945945739746094,-7.232051849365234,0.25812047719955444
57.56756591796875,-7.232051849365234,0.2414693832397461
59.18918991088867,-7.232051849365234,0.236689954996109
60.81081008911133,-7.232051849365234,0.24046140909194946
62.43243408203125,-7.232051849365234,0.24145443737506866
64.0540542602539,-7.232051849365234,0.24591007828712463
65.67567443847656,-7.232051849365234,0.26845473051071167
67.29729461669922,-7.232051849365234,0.2454470992088318
68.9189224243164,-7.232051849365234,0.16542059183120728
70.54054260253906,-7.232051849365234,0.09058793634176254
72.16216278076172,-7.232051849365234,-0.007254219148308039
73.78378295898438,-7.232051849365234,-0.13356418907642365
75.40540313720703,-7.232051849365234,-0.2645641267299652
77.02702331542969,-7.232051849365234,-0.42755934596061707
78.64865112304688,-7.232051849365234,-0.6420372724533081
80.27027130126953,-7.232051849365234,-0.8932669758796692
81.89189147949219,-7.232051849365234,-1.0413157939910889
83.51351165771484,-7.232051849365234,-0.8417139053344727
85.1351318359375,-7.232051849365234,-0.6742690205574036
86.75675964355469,-7.232051849365234,-0.5451745986938477
88.37837982177734,-7.232051849365234,-0.407218873500824
90.0,-7.232051849365234,-0.33100172877311707
91.62162017822266,-7.232051849365234,-0.286596417427063
93.24324035644531,-7.232051849365234,-0.16132430732250214
94.8648681640625,-7.232051849365234,-0.05590343475341797
96.48648834228516,-7.232051849365234,0.02739734575152397
98.10810852050781,-7.232051849365234,0.11415837705135345
99.72972869873047,-7.232051849365234,0.16066226363182068
101.35134887695312,-7.232051849365234,0.16315682232379913
102.97297668457031,-7.232051849365234,0.3405635952949524
104.59459686279297,-7.232051849365234,0.5169495344161987
106.21621704101562,-7.232051849365234,0.5693838596343994
107.83783721923828,-7.232051849365234,0.18599796295166016
109.45945739746094,-7.232051849365234,0.08592338860034943
111.0810775756836,-7.232051849365234,0.07491601258516312
112.70270538330078,-7.232051849365234,0.30663636326789856
114.32432556152344,-7.232051849365234,0.5880628824234009
115.9459457397461,-7.232051849365234,0.5438612103462219
117.56756591796875,-7.232051849365234,0.5797214508056641
119.1891860961914,-7.232051849365234,0.6536646485328674
120.8108139038086,-7.232051849365234,0.6770668029785156
122.43243408203125,-7.232051849365234,0.6503009796142578
124.0540542602539,-7.232051849365234,0.5723025798797607
125.67567443847656,-7.232051849365234,0.46768924593925476
127.29729461669922,-7.232051849365234,0.3875619173049927
128.91891479492188,-7.232051849365234,0.33798840641975403
130.54054260253906,-7.232051849365234,0.3049248456954956
132.1621551513672,-7.232051849365234,0.2726535201072693
133.78378295898438,-7.232051849365234,0.16233393549919128
135.40541076660156,-7.232051849365234,0.06038004532456398
137.0270233154297,-7.232051849365234,-0.012661297805607319
138.64865112304688,-7.232051849365234,0.13652528822422028
140.270263671875,-7.232051849365234,0.2720593810081482
141.8918914794922,-7.232051849365234,0.25100594758987427
143.51351928710938,-7.232051849365234,0.2379174530506134
145.1351318359375,-7.232051849365234,0.24689573049545288
146.7567596435547,-7.232051849365234,0.15064837038516998
148.3783721923828,-7.232051849365234,-0.2057369202375412
150.0,-7.232051849365234,-0.05625743791460991
151.6216278076172,-7.232051849365234,0.08870824426412582
153.2432403564453,-7.232051849365234,0.13251890242099762
154.8648681640625,-7.232051849365234,0.12881292402744293
156.48648071289062,-7.232051849365234,0.06855246424674988
158.1081085205078,-7.232051849365234,0.048093605786561966
159.729736328125,-7.232051849365234,-0.022764461115002632
161.35134887695312,-7.232051849365234,-0.11158682405948639
162.9729766845703,-7.232051849365234,0.045307859778404236
164.59458923339844,-7.232051849365234,0.22239017486572266
166.21621704101562,-7.232051849365234,0.3919011354446411
167.8378448486328,-7.232051849365234,0.4036180377006531
169.45945739746094,-7.232051849365234,0.3685644865036011
171.08108520507812,-7.232051849365234,0.3356177508831024
172.70269775390625,-7.232051849365234,0.3221435546875
174.32432556152344,-7.232051849365234,0.30129584670066833
175.94595336914062,-7.232051849365234,0.265507310628891
177.56756591796875,-7.232051849365234,0.256433367729187
179.18919372558594,-7.232051849365234,0.25185203552246094
-179.18919372558594,-8.839601516723633,0.11929213255643845
-177.56756591796875,-8.839601516723633,0.10762182623147964
-175.94595336914062,-8.839601516723633,0.06220283359289169
-174.32432556152344,-8.839601516723633,0.002277946565300226
-172.70269775390625,-8.839601516723633,0.019798023626208305
-171.08108520507812,-8.839601516723633,0.11850649863481522
-169.45945739746094,-8.839601516723633,0.2094128280878067
-167.8378448486328,-8.839601516723633,0.2396983504295349
-166.21621704101562,-8.839601516723633,0.20960603654384613
-164.59458923339844,-8.839601516723633,0.1636577546596527
-162.9729766845703,-8.839601516723633,0.10488395392894745
-161.35134887695312,-8.839601516723633,0.03523267060518265
-159.729736328125,-8.839601516723633,-0.04425353929400444
-158.1081085205078,-8.839601516723633,-0.05484994128346443
-156.48648071289062,-8.839601516723633,0.08719615638256073
-154.8648681640625,-8.839601516723633,0.28130850195884705
-153.2432403564453,-8.839601516723633,0.4670023024082184
-151.6216278076172,-8.839601516723633,0.6119102239608765
-150.0,-8.839601516723633,0.7646189332008362
-148.3783721923828,-8.839601516723633,0.8933661580085754
-146.7567596435547,-8.839601516723633,0.9418584704399109
-145.1351318359375,-8.839601516723633,0.9893993735313416
-143.51351928710938,-8.839601516723633,1.0599597692489624
-141.8918914794922,-8.839601516723633,1.133158802986145
-140.270263671875,-8.839601516723633,1.2093079090118408
-138.64865112304688,-8.839601516723633,1.3608956336975098
-137.0270233154297,-8.839601516723633,1.405784249305725
-135.40541076660156,-8.839601516723633,1.4439294338226318
-133.78378295898438,-8.839601516723633,1.4877694845199585
-132.1621551513672,-8.839601516723633,1.480548620223999
-130.54054260253906,-8.839601516723633,1.471655249595642
-128.91891479492188,-8.839601516723633,1.4589627981185913
-127.29729461669922,-8.839601516723633,1.334344744682312
-125.67567443847656,-8.839601516723633,1.1505188941955566
-124.0540542602539,-8.839601516723633,0.980387806892395
-122.43243408203125,-8.839601516723633,0.8940802812576294
-120.8108139038086,-8.839601516723633,0.8606182932853699
-119.1891860961914,-8.839601516723633,0.8331010937690735
-117.56756591796875,-8.839601516723633,0.8423165678977966
-115.9459457397461,-8.839601516723633,0.8630407452583313
-114.32432556152344,-8.839601516723633,0.8446124792098999
-112.70270538330078,-8.839601516723633,0.8101509213447571
-111.0810775756836,-8.839601516723633,0.7707372903823853
-109.45945739746094,-8.839601516723633,0.7366741895675659
-107.83783721923828,-8.839601516723633,0.7289695739746094
-106.21621704101562,-8.839601516723633,0.7456833124160767
-104.59459686279297,-8.839601516723633,0.7312077283859253
-102.97297668457031,-8.839601516723633,0.6964548230171204
-101.35134887695312,-8.839601516723633,0.6513710618019104
-99.72972869873047,-8.839601516723633,0.5949680209159851
-98.10810852050781,-8.839601516723633,0.5404841899871826
-96.48648834228516,-8.839601516723633,0.4932553470134735
-94.8648681640625,-8.839601516723633,0.4461904466152191
-93.24324035644531,-8.839601516723633,0.3793782591819763
-91.62162017822266,-8.839601516723633,0.27636685967445374
-90.0,-8.839601516723633,0.17492897808551788
-88.37837982177734,-8.839601516723633,0.10233065485954285
-86.75675964355469,-8.839601516723633,0.08490670472383499
-85.1351318359375,-8.839601516723633,0.05971202999353409
-83.51351165771484,-8.839601516723633,0.007736587431281805
-81.89189147949219,-8.839601516723633,-0.02102896384894848
-80.27027130126953,-8.839601516723633,-0.061409950256347656
-78.64865112304688,-8.839601516723633,-0.08179918676614761
-77.02702331542969,-8.839601516723633,0.12224699556827545
-75.40540313720703,-8.839601516723633,0.2656264007091522
-73.78378295898438,-8.839601516723633,0.34899425506591797
-72.16216278076172,-8.839601516723633,0.4240104556083679
-70.54054260253906,-8.839601516723633,0.5246874690055847
-68.9189224243164,-8.839601516723633,0.5303501486778259
-67.29729461669922,-8.839601516723633,0.3940875232219696
-65.67567443847656,-8.839601516723633,0.24938081204891205
-64.0540542602539,-8.839601516723633,0.2452961653470993
-62.43243408203125,-8.839601516723633,0.258590430021286
-60.81081008911133,-8.839601516723633,0.1949654221534729
-59.18918991088867,-8.839601516723633,0.10596752166748047
-57.56756591796875,-8.839601516723633,0.02303956262767315
-55.945945739746094,-8.839601516723633,-0.03999926149845123
-54.32432556152344,-8.839601516723633,-0.06012236326932907
-52.702701568603516,-8.839601516723633,-0.07896111905574799
-51.08108139038086,-8.839601516723633,-0.0674842819571495
-49.4594612121582,-8.839601516723633,-0.06208782270550728
-47.83783721923828,-8.839601516723633,0.06015358120203018
-46.216217041015625,-8.839601516723633,0.12553265690803528
-44.5945930480957,-8.839601516723633,0.0522954948246479
-42.97297286987305,-8.839601516723633,0.03621311113238335
-41.35135269165039,-8.839601516723633,0.16054579615592957
-39.72972869873047,-8.839601516723633,0.15273602306842804
-38.10810852050781,-8.839601516723633,-0.06367836147546768
-36.486488342285156,-8.839601516723633,-0.04704844206571579
-34.864864349365234,-8.839601516723633,0.10873126983642578
-33.24324417114258,-8.839601516723633,0.1471855193376541
-31.62162208557129,-8.839601516723633,0.20554110407829285
-30.0,-8.839601516723633,0.2284708023071289
-28.37837791442871,-8.839601516723633,0.22866153717041016
-26.756755828857422,-8.839601516723633,0.23864351212978363
-25.135135650634766,-8.839601516723633,0.22862039506435394
-23.513513565063477,-8.839601516723633,0.20685894787311554
-21.891891479492188,-8.839601516723633,0.1990126222372055
-20.2702693939209,-8.839601516723633,0.1881495863199234
-18.648649215698242,-8.839601516723633,0.18850453197956085
-17.027027130126953,-8.839601516723633,0.2414882630109787
-15.405405044555664,-8.839601516723633,0.3159269392490387
-13.783783912658691,-8.839601516723633,0.3759385943412781
-12.162161827087402,-8.839601516723633,0.3222876191139221
-10.54054069519043,-8.839601516723633,0.22088757157325745
-8.91891860961914,-8.839601516723633,0.1434398591518402
-7.297297477722168,-8.839601516723633,0.1386125534772873
-5.675675868988037,-8.839601516723633,0.1720598191022873
-4.054054260253906,-8.839601516723633,0.18716436624526978
-2.4324324131011963,-8.839601516723633,0.17918261885643005
-0.8108108043670654,-8.839601516723633,0.14988142251968384
0.8108108043670654,-8.839601516723633,0.10326366126537323
2.4324324131011963,-8.839601516723633,0.057516925036907196
4.054054260253906,-8.839601516723633,0.00564969377592206
5.675675868988037,-8.839601516723633,-0.07262109220027924
7.297297477722168,-8.839601516723633,-0.13488197326660156
8.91891860961914,-8.839601516723633,-0.1691487580537796
10.54054069519043,-8.839601516723633,-0.1943669617176056
12.162161827087402,-8.839601516723633,-0.24852466583251953
13.783783912658691,-8.839601516723633,0.5534594058990479
15.405405044555664,-8.839601516723633,0.6249583959579468
17.027027130126953,-8.839601516723633,0.5488747358322144
18.648649215698242,-8.839601516723633,0.44783222675323486
20.2702693939209,-8.839601516723633,0.401091068983078
21.891891479492188,-8.839601516723633,0.35324108600616455
23.513513565063477,-8.839601516723633,0.31718674302101135
25.135135650634766,-8.839601516723633,0.26473140716552734
26.756755828857422,-8.839601516723633,0.32268983125686646
28.37837791442871,-8.839601516723633,0.15330015122890472
30.0,-8.839601516723633,0.18171100318431854
31.62162208557129,-8.839601516723633,0.14044037461280823
33.24324417114258,-8.839601516723633,-0.012076759710907936
34.864864349365234,-8.839601516723633,-0.08281243592500687
36.486488342285156,-8.839601516723633,-0.08077748864889145
38.10810852050781,-8.839601516723633,-0.013371085748076439
39.72972869873047,-8.839601516723633,0.22092069685459137
41.35135269165039,-8.839601516723633,0.28490149974823
42.97297286987305,-8.839601516723633,0.3282150328159332
44.5945930480957,-8.839601516723633,0.3791247010231018
46.216217041015625,-8.839601516723633,0.41503211855888367
47.83783721923828,-8.839601516723633,0.3853839337825775
49.4594612121582,-8.839601516723633,0.32636210322380066
51.08108139038086,-8.839601516723633,0.28551819920539856
52.702701568603516,-8.839601516723633,0.2774428129196167
54.32432556152344,-8.839601516723633,0.27908560633659363
55.945945739746094,-8.839601516723633,0.26215794682502747
57.56756591796875,-8.839601516723633,0.24059385061264038
59.18918991088867,-8.839601516723633,0.21640409529209137
60.81081008911133,-8.839601516723633,0.19781984388828278
62.43243408203125,-8.839601516723633,0.179598867893219
64.0540542602539,-8.839601516723633,0.1626015305519104
65.67567443847656,-8.839601516723633,0.1615130752325058
67.29729461669922,-8.839601516723633,0.14368756115436554
68.9189224243164,-8.839601516723633,0.09771239012479782
70.54054260253906,-8.839601516723633,0.04245910793542862
72.16216278076172,-8.839601516723633,-0.04332396015524864
73.78378295898438,-8.839601516723633,-0.16397921741008759
75.40540313720703,-8.839601516723633,-0.30487099289894104
77.02702331542969,-8.839601516723633,-0.47158533334732056
78.64865112304688,-8.839601516723633,-0.6641876697540283
80.27027130126953,-8.839601516723633,-0.8603674173355103
81.89189147949219,-8.839601516723633,-0.9514097571372986
83.51351165771484,-8.839601516723633,-0.8610908389091492
85.1351318359375,-8.839601516723633,-0.7327663898468018
86.75675964355469,-8.839601516723633,-0.6124992370605469
88.37837982177734,-8.839601516723633,-0.5027746558189392
90.0,-8.839601516723633,-0.4264208972454071
91.62162017822266,-8.839601516723633,-0.3727908432483673
93.24324035644531,-8.839601516723633,-0.3003087341785431
94.8648681640625,-8.839601516723633,-0.224723681807518
96.48648834228516,-8.839601516723633,-0.1433516889810562
98.10810852050781,-8.839601516723633,-0.0391450896859169
99.72972869873047,-8.839601516723633,0.06279036402702332
101.35134887695312,-8.839601516723633,0.16146863996982574
102.97297668457031,-8.839601516723633,0.31666913628578186
104.59459686279297,-8.839601516723633,0.48340561985969543
106.21621704101562,-8.839601516723633,0.6207894086837769
107.83783721923828,-8.839601516723633,0.7031391859054565
109.45945739746094,-8.839601516723633,0.7461246848106384
111.0810775756836,-8.839601516723633,0.7500607371330261
112.70270538330078,-8.839601516723633,0.672823965549469
114.32432556152344,-8.839601516723633,0.5570678114891052
115.9459457397461,-8.839601516723633,0.4978368878364563
117.56756591796875,-8.839601516723633,0.38881441950798035
119.1891860961914,-8.839601516723633,0.560930073261261
120.8108139038086,-8.839601516723633,0.46187064051628113
122.43243408203125,-8.839601516723633,0.5524520874023438
124.0540542602539,-8.839601516723633,0.5369597673416138
125.67567443847656,-8.839601516723633,0.5544129014015198
127.29729461669922,-8.839601516723633,0.41805335879325867
128.91891479492188,-8.839601516723633,0.3332970440387726
130.54054260253906,-8.839601516723633,0.31298065185546875
132.1621551513672,-8.839601516723633,0.2841137647628784
133.78378295898438,-8.839601516723633,0.2323349565267563
135.40541076660156,-8.839601516723633,0.176095649600029
137.0270233154297,-8.839601516723633,0.12019335478544235
138.64865112304688,-8.839601516723633,0.06393534690141678
140.270263671875,-8.839601516723633,0.01668415032327175
141.8918914794922,-8.839601516723633,0.09905166923999786
143.51351928710938,-8.839601516723633,-0.12009239196777344
145.1351318359375,-8.839601516723633,-0.2853148281574249
146.7567596435547,-8.839601516723633,-0.00975697860121727
148.3783721923828,-8.839601516723633,-0.004395675845444202
150.0,-8.839601516723633,-0.0705333724617958
151.6216278076172,-8.839601516723633,0.05970001220703125
153.2432403564453,-8.839601516723633,0.12343063205480576
154.8648681640625,-8.839601516723633,0.1550987809896469
156.48648071289062,-8.839601516723633,0.14335937798023224
158.1081085205078,-8.839601516723633,0.10735206305980682
159.729736328125,-8.839601516723633,0.06895484775304794
161.35134887695312,-8.839601516723633,0.09040184319019318
162.9729766845703,-8.839601516723633,0.11011282354593277
164.59458923339844,-8.839601516723633,0.22367292642593384
166.21621704101562,-8.839601516723633,0.3272964358329773
167.8378448486328,-8.839601516723633,0.3470953106880188
169.45945739746094,-8.839601516723633,0.30853378772735596
171.08108520507812,-8.839601516723633,0.2598622739315033
172.70269775390625,-8.839601516723633,0.21355222165584564
174.32432556152344,-8.839601516723633,0.1602240949869156
175.94595336914062,-8.839601516723633,0.10666961967945099
177.56756591796875,-8.839601516723633,0.08792216330766678
179.18919372558594,-8.839601516723633,0.10198898613452911
-179.18182373046875,-10.446892738342285,0.03691113740205765
-177.5454559326172,-10.446892738342285,0.05995337292551994
-175.90908813476562,-10.446892738342285,0.06987864524126053
-174.27272033691406,-10.446892738342285,0.07638378441333771
-172.63636779785156,-10.446892738342285,0.11503613740205765
-171.0,-10.446892738342285,0.2034526765346527
-169.36363220214844,-10.446892738342285,0.2919364273548126
-167.72727966308594,-10.446892738342285,0.2998933792114258
-166.09091186523438,-10.446892738342285,0.21437162160873413
-164.4545440673828,-10.446892738342285,0.11271960288286209
-162.81817626953125,-10.446892738342285,0.0641389861702919
-161.18182373046875,-10.446892738342285,0.08237946778535843
-159.5454559326172,-10.446892738342285,0.12233307957649231
-157.90908813476562,-10.446892738342285,0.15850791335105896
-156.27272033691406,-10.446892738342285,0.1983468383550644
-154.63636779785156,-10.446892738342285,0.2835725247859955
-153.0,-10.446892738342285,0.3996514678001404
-151.36363220214844,-10.446892738342285,0.5321563482284546
-149.72727966308594,-10.446892738342285,0.6602271795272827
-148.09091186523438,-10.446892738342285,0.7695478796958923
-146.4545440673828,-10.446892738342285,0.8503952622413635
-144.81817626953125,-10.446892738342285,0.9140746593475342
-143.18182373046875,-10.446892738342285,0.9834651947021484
-141.5454559326172,-10.446892738342285,1.0561257600784302
-139.90908813476562,-10.446892738342285,1.1300605535507202
-138.27272033691406,-10.446892738342285,1.20298171043396
-136.63636779785156,-10.446892738342285,1.2457313537597656
-135.0,-10.446892738342285,1.272119402885437
-133.36363220214844,-10.446892738342285,1.2887699604034424
-131.72727966308594,-10.446892738342285,1.3120182752609253
-130.09091186523438,-10.446892738342285,1.3113954067230225
-128.4545440673828,-10.446892738342285,1.2650871276855469
-126.81818389892578,-10.446892738342285,1.1427443027496338
-125.18181610107422,-10.446892738342285,0.9794009327888489
-123.54545593261719,-10.446892738342285,0.8406431674957275
-121.90908813476562,-10.446892738342285,0.774550199508667
-120.2727279663086,-10.446892738342285,0.7664206027984619
-118.63636016845703,-10.446892738342285,0.7758820056915283
-117.0,-10.446892738342285,0.7843201160430908
-115.36363983154297,-10.446892738342285,0.7623624801635742
-113.7272720336914,-10.446892738342285,0.7334181666374207
-112.09091186523438,-10.446892738342285,0.7309318780899048
-110.45454406738281,-10.446892738342285,0.7541456818580627
-108.81818389892578,-10.446892738342285,0.7897874712944031
-107.18181610107422,-10.446892738342285,0.8221856951713562
-105.54545593261719,-10.446892738342285,0.8200194835662842
-103.90908813476562,-10.446892738342285,0.7913510799407959
-102.2727279663086,-10.446892738342285,0.7346926927566528
-100.63636016845703,-10.446892738342285,0.6666353344917297
-99.0,-10.446892738342285,0.6090124845504761
-97.36363983154297,-10.446892738342285,0.5498669743537903
-95.7272720336914,-10.446892738342285,0.48849359154701233
-94.09091186523438,-10.446892738342285,0.40126127004623413
-92.45454406738281,-10.446892738342285,0.2790469527244568
-90.81818389892578,-10.446892738342285,0.14843164384365082
-89.18181610107422,-10.446892738342285,0.0445326492190361
-87.54545593261719,-10.446892738342285,0.018862342461943626
-85.90908813476562,-10.446892738342285,0.0625699982047081
-84.2727279663086,-10.446892738342285,0.10384280234575272
-82.63636016845703,-10.446892738342285,0.05871410295367241
-81.0,-10.446892738342285,-0.0780675858259201
-79.36363983154297,-10.446892738342285,-0.22379563748836517
-77.7272720336914,-10.446892738342285,-0.1406429260969162
-76.09091186523438,-10.446892738342285,-0.05982424318790436
-74.45454406738281,-10.446892738342285,0.15107746422290802
-72.81818389892578,-10.446892738342285,0.34861862659454346
-71.18181610107422,-10.446892738342285,0.4942053556442261
-69.54545593261719,-10.446892738342285,0.6287561058998108
-67.90908813476562,-10.446892738342285,0.5238218307495117
-66.2727279663086,-10.446892738342285,0.2563271224498749
-64.63636016845703,-10.446892738342285,0.18616822361946106
-63.0,-10.446892738342285,0.24270585179328918
-61.3636360168457,-10.446892738342285,0.230616956949234
-59.727272033691406,-10.446892738342285,0.16829650104045868
-58.09090805053711,-10.446892738342285,0.049051664769649506
-56.45454406738281,-10.446892738342285,-0.06295725703239441
-54.818180084228516,-10.446892738342285,-0.1304466873407364
-53.181819915771484,-10.446892738342285,-0.11928106844425201
-51.54545593261719,-10.446892738342285,-0.10931580513715744
-49.90909194946289,-10.446892738342285,-0.04659773409366608
-48.272727966308594,-10.446892738342285,-0.004411633592098951
-46.6363639831543,-10.446892738342285,0.026493262499570847
-45.0,-10.446892738342285,-0.07094599306583405
-43.3636360168457,-10.446892738342285,-0.06249574199318886
-41.727272033691406,-10.446892738342285,0.15200303494930267
-40.09090805053711,-10.446892738342285,0.4006713926792145
-38.45454406738281,-10.446892738342285,0.22657503187656403
-36.818180084228516,-10.446892738342285,0.09869568794965744
-35.181819915771484,-10.446892738342285,0.0980733260512352
-33.54545593261719,-10.446892738342285,0.17306232452392578
-31.909090042114258,-10.446892738342285,0.24544137716293335
-30.272727966308594,-10.446892738342285,0.3065955340862274
-28.636363983154297,-10.446892738342285,0.3438447415828705
-27.0,-10.446892738342285,0.3328286409378052
-25.363636016845703,-10.446892738342285,0.2831120789051056
-23.727272033691406,-10.446892738342285,0.22591616213321686
-22.090909957885742,-10.446892738342285,0.18880952894687653
-20.454545974731445,-10.446892738342285,0.1703302413225174
-18.81818199157715,-10.446892738342285,0.16650472581386566
-17.18181800842285,-10.446892738342285,0.18903586268424988
-15.545454978942871,-10.446892738342285,0.21647046506404877
-13.909090995788574,-10.446892738342285,0.23615556955337524
-12.272727012634277,-10.446892738342285,0.24928417801856995
-10.636363983154297,-10.446892738342285,0.2554570436477661
-9.0,-10.446892738342285,0.25720787048339844
-7.363636493682861,-10.446892738342285,0.25348541140556335
-5.7272725105285645,-10.446892738342285,0.23716042935848236
-4.090909004211426,-10.446892738342285,0.20869942009449005
-2.454545497894287,-10.446892738342285,0.18301385641098022
-0.8181818127632141,-10.446892738342285,0.15180887281894684
0.8181818127632141,-10.446892738342285,0.10206101834774017
2.454545497894287,-10.446892738342285,0.03750521317124367
4.090909004211426,-10.446892738342285,-0.03840179368853569
5.7272725105285645,-10.446892738342285,-0.12419344484806061
7.363636493682861,-10.446892738342285,-0.21505425870418549
9.0,-10.446892738342285,-0.29877349734306335
10.636363983154297,-10.446892738342285,-0.38050663471221924
12.272727012634277,-10.446892738342285,-0.4516514539718628
13.909090995788574,-10.446892738342285,0.46167442202568054
15.545454978942871,-10.446892738342285,0.5970070958137512
17.18181800842285,-10.446892738342285,0.5098463892936707
18.81818199157715,-10.446892738342285,0.42875373363494873
20.454545974731445,-10.446892738342285,0.3895867168903351
22.090909957885742,-10.446892738342285,0.3622972369194031
23.727272033691406,-10.446892738342285,0.28868788480758667
25.363636016845703,-10.446892738342285,0.22282224893569946
27.0,-10.446892738342285,0.1915152221918106
28.636363983154297,-10.446892738342285,0.15710118412971497
30.272727966308594,-10.446892738342285,0.08484738320112228
31.909090042114258,-10.446892738342285,0.003084627678617835
33.54545593261719,-10.446892738342285,-0.03933340683579445
35.181819915771484,-10.446892738342285,-0.06774260103702545
36.818180084228516,-10.446892738342285,-0.05558516085147858
38.45454406738281,-10.446892738342285,0.03239930421113968
40.09090805053711,-10.446892738342285,0.1852714568376541
41.727272033691406,-10.446892738342285,0.3040991425514221
43.3636360168457,-10.446892738342285,0.29736849665641785
45.0,-10.446892738342285,0.2981277406215668
46.6363639831543,-10.446892738342285,0.2935029864311218
48.272727966308594,-10.446892738342285,0.28501802682876587
49.90909194946289,-10.446892738342285,0.28132933378219604
51.54545593261719,-10.446892738342285,0.2847011685371399
53.181819915771484,-10.446892738342285,0.29060330986976624
54.818180084228516,-10.446892738342285,0.295387327671051
56.45454406738281,-10.446892738342285,0.2835438549518585
58.09090805053711,-10.446892738342285,0.24132899940013885
59.727272033691406,-10.446892738342285,0.17562134563922882
61.3636360168457,-10.446892738342285,0.11629797518253326
63.0,-10.446892738342285,0.08120371401309967
64.63636016845703,-10.446892738342285,0.05565592274069786
66.2727279663086,-10.446892738342285,0.03852793201804161
67.90908813476562,-10.446892738342285,0.024412790313363075
69.54545593261719,-10.446892738342285,0.0038296382408589125
71.18181610107422,-10.446892738342285,-0.03937371447682381
72.81818389892578,-10.446892738342285,-0.12120921164751053
74.45454406738281,-10.446892738342285,-0.2472154051065445
76.09091186523438,-10.446892738342285,-0.39735761284828186
77.7272720336914,-10.446892738342285,-0.5444294214248657
79.36363983154297,-10.446892738342285,-0.6683934926986694
81.0,-10.446892738342285,-0.7513812184333801
82.63636016845703,-10.446892738342285,-0.7809644937515259
84.2727279663086,-10.446892738342285,-0.749437689781189
85.90908813476562,-10.446892738342285,-0.6710330843925476
87.54545593261719,-10.446892738342285,-0.5756677985191345
89.18181610107422,-10.446892738342285,-0.4886449873447418
90.81818389892578,-10.446892738342285,-0.4230629503726959
92.45454406738281,-10.446892738342285,-0.38728001713752747
94.09091186523438,-10.446892738342285,-0.36806073784828186
95.7272720336914,-10.446892738342285,-0.33936387300491333
97.36363983154297,-10.446892738342285,-0.2486259490251541
99.0,-10.446892738342285,-0.09038054198026657
100.63636016845703,-10.446892738342285,0.09135392308235168
102.2727279663086,-10.446892738342285,0.25541776418685913
103.90908813476562,-10.446892738342285,0.3917005658149719
105.54545593261719,-10.446892738342285,0.5125173926353455
107.18181610107422,-10.446892738342285,0.6232252717018127
108.81818389892578,-10.446892738342285,0.684622585773468
110.45454406738281,-10.446892738342285,0.7105377912521362
112.09091186523438,-10.446892738342285,0.6969128251075745
113.7272720336914,-10.446892738342285,0.6520137190818787
115.36363983154297,-10.446892738342285,0.6059178709983826
117.0,-10.446892738342285,0.5866860151290894
118.63636016845703,-10.446892738342285,0.6060552000999451
120.2727279663086,-10.446892738342285,0.5225690007209778
121.90908813476562,-10.446892738342285,0.5920941829681396
123.54545593261719,-10.446892738342285,0.5020090937614441
125.18181610107422,-10.446892738342285,0.4450820982456207
126.81818389892578,-10.446892738342285,0.3702903687953949
128.4545440673828,-10.446892738342285,0.3219122588634491
130.09091186523438,-10.446892738342285,0.2906267046928406
131.72727966308594,-10.446892738342285,0.27950966358184814
133.36363220214844,-10.446892738342285,0.2779124081134796
135.0,-10.446892738342285,0.2878449261188507
136.63636779785156,-10.446892738342285,0.27095139026641846
138.27272033691406,-10.446892738342285,0.1791660338640213
139.90908813476562,-10.446892738342285,0.07515653222799301
141.5454559326172,-10.446892738342285,-0.02559642866253853
143.18182373046875,-10.446892738342285,-0.1486833542585373
144.81817626953125,-10.446892738342285,-0.2626951336860657
146.4545440673828,-10.446892738342285,-0.3053893446922302
148.09091186523438,-10.446892738342285,-0.18716125190258026
149.72727966308594,-10.446892738342285,-0.04388262331485748
151.36363220214844,-10.446892738342285,0.008618163876235485
153.0,-10.446892738342285,0.09425951540470123
154.63636779785156,-10.446892738342285,0.15267924964427948
156.27272033691406,-10.446892738342285,0.17681999504566193
157.90908813476562,-10.446892738342285,0.17128200829029083
159.5454559326172,-10.446892738342285,0.16921666264533997
161.18182373046875,-10.446892738342285,0.20456187427043915
162.81817626953125,-10.446892738342285,0.20199216902256012
164.4545440673828,-10.446892738342285,0.21426290273666382
166.09091186523438,-10.446892738342285,0.23212191462516785
167.72727966308594,-10.446892738342285,0.2371925413608551
169.36363220214844,-10.446892738342285,0.21788737177848816
171.0,-10.446892738342285,0.17730776965618134
172.63636779785156,-10.446892738342285,0.11463985592126846
174.27272033691406,-10.446892738342285,0.042850811034440994
175.90908813476562,-10.446892738342285,-0.02821585349738598
177.5454559326172,-10.446892738342285,-0.04020252078771591
179.18182373046875,-10.446892738342285,-0.0018340428359806538
-179.17808532714844,-12.051555633544922,-0.013206100091338158
-177.53424072265625,-12.051555633544922,0.03702780231833458
-175.89041137695312,-12.051555633544922,0.09266122430562973
-174.24658203125,-12.051555633544922,0.1314048171043396
-172.6027374267578,-12.051555633544922,0.184202641248703
-170.9589080810547,-12.051555633544922,0.27213865518569946
-169.3150634765625,-12.051555633544922,0.38446399569511414
-167.67123413085938,-12.051555633544922,0.3678218126296997
-166.02740478515625,-12.051555633544922,0.1994227021932602
-164.38356018066406,-12.051555633544922,0.020473798736929893
-162.73973083496094,-12.051555633544922,-0.02019112929701805
-161.09588623046875,-12.051555633544922,0.10800667107105255
-159.45205688476562,-12.051555633544922,0.2517800033092499
-157.80821228027344,-12.051555633544922,0.29918715357780457
-156.1643829345703,-12.051555633544922,0.2295166701078415
-154.5205535888672,-12.051555633544922,0.23285655677318573
-152.876708984375,-12.051555633544922,0.30050399899482727
-151.23287963867188,-12.051555633544922,0.4046492874622345
-149.5890350341797,-12.051555633544922,0.4933817684650421
-147.94520568847656,-12.051555633544922,0.5817365050315857
-146.30137634277344,-12.051555633544922,0.6814664006233215
-144.65753173828125,-12.051555633544922,0.745107114315033
-143.01370239257812,-12.051555633544922,0.8118104934692383
-141.36985778808594,-12.051555633544922,0.869687020778656
-139.7260284423828,-12.051555633544922,0.9237080812454224
-138.0821990966797,-12.051555633544922,0.9706808924674988
-136.4383544921875,-12.051555633544922,0.9946497082710266
-134.79452514648438,-12.051555633544922,0.9919939041137695
-133.1506805419922,-12.051555633544922,0.9894868731498718
-131.50685119628906,-12.051555633544922,1.0589383840560913
-129.86300659179688,-12.051555633544922,1.0818074941635132
-128.21917724609375,-12.051555633544922,1.061902403831482
-126.5753402709961,-12.051555633544922,0.945245623588562
-124.93150329589844,-12.051555633544922,0.7953636646270752
-123.28767395019531,-12.051555633544922,0.669974148273468
-121.64383697509766,-12.051555633544922,0.6562986969947815
-120.0,-12.051555633544922,0.6910724639892578
-118.35616302490234,-12.051555633544922,0.7407594323158264
-116.71232604980469,-12.051555633544922,0.7364717721939087
-115.06849670410156,-12.051555633544922,0.698448896408081
-113.4246597290039,-12.051555633544922,0.6624061465263367
-111.78082275390625,-12.051555633544922,0.7293950915336609
-110.1369857788086,-12.051555633544922,0.815005898475647
-108.49314880371094,-12.051555633544922,0.8981307744979858
-106.84931182861328,-12.051555633544922,0.9119377136230469
-105.20548248291016,-12.051555633544922,0.8831273317337036
-103.5616455078125,-12.051555633544922,0.8335580229759216
-101.91780853271484,-12.051555633544922,0.7533122301101685
-100.27397155761719,-12.051555633544922,0.6800115704536438
-98.63013458251953,-12.051555633544922,0.6199561953544617
-96.98629760742188,-12.051555633544922,0.5676920413970947
-95.34246826171875,-12.051555633544922,0.5004570484161377
-93.6986312866211,-12.051555633544922,0.40023332834243774
-92.05479431152344,-12.051555633544922,0.22595635056495667
-90.41095733642578,-12.051555633544922,0.05246995389461517
-88.76712036132812,-12.051555633544922,-0.07962767034769058
-87.123291015625,-12.051555633544922,-0.04497629776597023
-85.47945404052734,-12.051555633544922,0.09476318210363388
-83.83561706542969,-12.051555633544922,0.2591572403907776
-82.19178009033203,-12.051555633544922,0.11457335203886032
-80.54794311523438,-12.051555633544922,-0.1478520780801773
-78.90410614013672,-12.051555633544922,-0.4219140410423279
-77.2602767944336,-12.051555633544922,-0.29132765531539917
-75.61643981933594,-12.051555633544922,-0.010726562701165676
-73.97260284423828,-12.051555633544922,0.14276205003261566
-72.32876586914062,-12.051555633544922,0.318899929523468
-70.68492889404297,-12.051555633544922,0.4977249801158905
-69.04109954833984,-12.051555633544922,0.5785276293754578
-67.39726257324219,-12.051555633544922,0.3761025071144104
-65.75342559814453,-12.051555633544922,0.20125439763069153
-64.10958862304688,-12.051555633544922,0.23644104599952698
-62.46575164794922,-12.051555633544922,0.2632073163986206
-60.82191848754883,-12.051555633544922,0.22708937525749207
-59.17808151245117,-12.051555633544922,0.17991122603416443
-57.53424835205078,-12.051555633544922,0.0655786544084549
-55.890411376953125,-12.051555633544922,-0.14157816767692566
-54.24657440185547,-12.051555633544922,-0.1811669021844864
-52.60274124145508,-12.051555633544922,-0.13978372514247894
-50.95890426635742,-12.051555633544922,-0.05005359649658203
-49.315067291259766,-12.051555633544922,0.05758018419146538
-47.671234130859375,-12.051555633544922,0.1101100891828537
-46.02739715576172,-12.051555633544922,-0.026123110204935074
-44.38356018066406,-12.051555633544922,-0.2517752945423126
-42.73972702026367,-12.051555633544922,-0.11541398614645004
-41.095890045166016,-12.051555633544922,0.08765621483325958
-39.45205307006836,-12.051555633544922,0.29959747195243835
-37.80821990966797,-12.051555633544922,0.20211640000343323
-36.16438293457031,-12.051555633544922,0.06372363120317459
-34.52054977416992,-12.051555633544922,0.15433019399642944
-32.876712799072266,-12.051555633544922,0.24670575559139252
-31.23287582397461,-12.051555633544922,0.34436506032943726
-29.589040756225586,-12.051555633544922,0.4436570405960083
-27.945205688476562,-12.051555633544922,0.4840020537376404
-26.30137062072754,-12.051555633544922,0.40568917989730835
-24.657533645629883,-12.051555633544922,0.3038586974143982
-23.01369857788086,-12.051555633544922,0.2207459807395935
-21.369863510131836,-12.051555633544922,0.19177405536174774
-19.72602653503418,-12.051555633544922,0.17420297861099243
-18.082191467285156,-12.051555633544922,0.1679667830467224
-16.438356399536133,-12.051555633544922,0.15661315619945526
-14.794520378112793,-12.051555633544922,0.13863664865493774
-13.15068531036377,-12.051555633544922,0.1390901505947113
-11.50684928894043,-12.051555633544922,0.2370917648077011
-9.86301326751709,-12.051555633544922,0.32888534665107727
-8.219178199768066,-12.051555633544922,0.3965873122215271
-6.575342655181885,-12.051555633544922,0.3509405255317688
-4.931506633758545,-12.051555633544922,0.2850686311721802
-3.2876713275909424,-12.051555633544922,0.220065176486969
-1.6438356637954712,-12.051555633544922,0.21227963268756866
0.0,-12.051555633544922,0.17068837583065033
1.6438356637954712,-12.051555633544922,0.09759464114904404
3.2876713275909424,-12.051555633544922,0.0018277486087754369
4.931506633758545,-12.051555633544922,-0.10186157375574112
6.575342655181885,-12.051555633544922,-0.21254882216453552
8.219178199768066,-12.051555633544922,-0.34009844064712524
9.86301326751709,-12.051555633544922,-0.467033714056015
11.50684928894043,-12.051555633544922,-0.6081506609916687
13.15068531036377,-12.051555633544922,-0.603581964969635
14.794520378112793,-12.051555633544922,0.6328789591789246
16.438356399536133,-12.051555633544922,0.46964555978775024
18.082191467285156,-12.051555633544922,0.4689120650291443
19.72602653503418,-12.051555633544922,0.43993645906448364
21.369863510131836,-12.051555633544922,0.3933282792568207
23.01369857788086,-12.051555633544922,0.2995885908603668
24.657533645629883,-12.051555633544922,0.17213134467601776
26.30137062072754,-12.051555633544922,0.07054875791072845
27.945205688476562,-12.051555633544922,-0.048489760607481
29.589040756225586,-12.051555633544922,-0.010593414306640625
31.23287582397461,-12.051555633544922,0.024299366399645805
32.876712799072266,-12.051555633544922,-0.06150652468204498
34.52054977416992,-12.051555633544922,0.11544691771268845
36.16438293457031,-12.051555633544922,-0.07166837155818939
37.80821990966797,-12.051555633544922,-0.06865202635526657
39.45205307006836,-12.051555633544922,-0.03426310047507286
41.095890045166016,-12.051555633544922,0.32732468843460083
42.73972702026367,-12.051555633544922,0.27770933508872986
44.38356018066406,-12.051555633544922,0.2298649400472641
46.02739715576172,-12.051555633544922,0.18076133728027344
47.671234130859375,-12.051555633544922,0.18894647061824799
49.315067291259766,-12.051555633544922,0.2928773760795593
50.95890426635742,-12.051555633544922,0.28001341223716736
52.60274124145508,-12.051555633544922,0.3025960922241211
54.24657440185547,-12.051555633544922,0.3208765685558319
55.890411376953125,-12.051555633544922,0.33545488119125366
57.53424835205078,-12.051555633544922,0.2956182360649109
59.17808151245117,-12.051555633544922,0.20690180361270905
60.82191848754883,-12.051555633544922,0.08214397728443146
62.46575164794922,-12.051555633544922,0.017477480694651604
64.10958862304688,-12.051555633544922,-0.0054873148910701275
65.75342559814453,-12.051555633544922,-0.041479237377643585
67.39726257324219,-12.051555633544922,-0.05479501187801361
69.04109954833984,-12.051555633544922,-0.053174398839473724
70.68492889404297,-12.051555633544922,-0.0680990219116211
72.32876586914062,-12.051555633544922,-0.12659874558448792
73.97260284423828,-12.051555633544922,-0.23674412071704865
75.61643981933594,-12.051555633544922,-0.3784943222999573
77.2602767944336,-12.051555633544922,-0.49977511167526245
78.90410614013672,-12.051555633544922,-0.5645953416824341
80.54794311523438,-12.051555633544922,-0.5852470397949219
82.19178009033203,-12.051555633544922,-0.6174160838127136
83.83561706542969,-12.051555633544922,-0.6679866313934326
85.47945404052734,-12.051555633544922,-0.645218014717102
87.123291015625,-12.051555633544922,-0.5717849731445312
88.76712036132812,-12.051555633544922,-0.47543251514434814
90.41095733642578,-12.051555633544922,-0.3978613018989563
92.05479431152344,-12.051555633544922,-0.36994266510009766
93.6986312866211,-12.051555633544922,-0.40392181277275085
95.34246826171875,-12.051555633544922,-0.4614652097225189
96.98629760742188,-12.051555633544922,-0.4415997862815857
98.63013458251953,-12.051555633544922,-0.23714034259319305
100.27397155761719,-12.051555633544922,0.0034588496200740337
101.91780853271484,-12.051555633544922,0.224028080701828
103.5616455078125,-12.051555633544922,0.3142211139202118
105.20548248291016,-12.051555633544922,0.426644504070282
106.84931182861328,-12.051555633544922,0.5341388583183289
108.49314880371094,-12.051555633544922,0.5856832265853882
110.1369857788086,-12.051555633544922,0.6312705278396606
111.78082275390625,-12.051555633544922,0.649932324886322
113.4246597290039,-12.051555633544922,0.6177139282226562
115.06849670410156,-12.051555633544922,0.5790774822235107
116.71232604980469,-12.051555633544922,0.5587453842163086
118.35616302490234,-12.051555633544922,0.5462499260902405
120.0,-12.051555633544922,0.5625709295272827
121.64383697509766,-12.051555633544922,0.5735742449760437
123.28767395019531,-12.051555633544922,0.48032277822494507
124.93150329589844,-12.051555633544922,0.3893512189388275
126.5753402709961,-12.051555633544922,0.3187562823295593
128.21917724609375,-12.051555633544922,0.2818932831287384
129.86300659179688,-12.051555633544922,0.26731643080711365
131.50685119628906,-12.051555633544922,0.3919728100299835
133.1506805419922,-12.051555633544922,0.6080138087272644
134.79452514648438,-12.051555633544922,0.3729378283023834
136.4383544921875,-12.051555633544922,0.32542261481285095
138.0821990966797,-12.051555633544922,0.23120199143886566
139.7260284423828,-12.051555633544922,0.08362960815429688
141.36985778808594,-12.051555633544922,0.009118271060287952
143.01370239257812,-12.051555633544922,0.0009466807241551578
144.65753173828125,-12.051555633544922,-0.27193328738212585
146.30137634277344,-12.051555633544922,-0.3497222363948822
147.94520568847656,-12.051555633544922,-0.2651239335536957
149.5890350341797,-12.051555633544922,-0.13737691938877106
151.23287963867188,-12.051555633544922,-0.019568253308534622
152.876708984375,-12.051555633544922,0.06918532401323318
154.5205535888672,-12.051555633544922,0.13906517624855042
156.1643829345703,-12.051555633544922,0.20481859147548676
157.80821228027344,-12.051555633544922,0.20732708275318146
159.45205688476562,-12.051555633544922,0.23851554095745087
161.09588623046875,-12.051555633544922,0.3051144778728485
162.73973083496094,-12.051555633544922,0.2798236310482025
164.38356018066406,-12.051555633544922,0.2186107635498047
166.02740478515625,-12.051555633544922,0.15064068138599396
167.67123413085938,-12.051555633544922,0.1559215486049652
169.3150634765625,-12.051555633544922,0.16414502263069153
170.9589080810547,-12.051555633544922,0.1419166624546051
172.6027374267578,-12.051555633544922,0.07261479645967484
174.24658203125,-12.051555633544922,-0.019282659515738487
175.89041137695312,-12.051555633544922,-0.13021081686019897
177.53424072265625,-12.051555633544922,-0.12179317325353622
179.17808532714844,-12.051555633544922,-0.047784361988306046
-179.17431640625,-13.658499717712402,0.06363048404455185
-177.52293395996094,-13.658499717712402,0.11566492915153503
-175.87156677246094,-13.658499717712402,0.15930397808551788
-174.22018432617188,-13.658499717712402,0.18405482172966003
-172.5688018798828,-13.658499717712402,0.25035884976387024
-170.9174346923828,-13.658499717712402,0.26655712723731995
-169.26605224609375,-13.658499717712402,0.3244372010231018
-167.61468505859375,-13.658499717712402,0.2983025908470154
-165.9633026123047,-13.658499717712402,0.18394038081169128
-164.31192016601562,-13.658499717712402,0.06205291673541069
-162.66055297851562,-13.658499717712402,0.036886658519506454
-161.00917053222656,-13.658499717712402,0.10697688907384872
-159.35780334472656,-13.658499717712402,0.1949036866426468
-157.7064208984375,-13.658499717712402,0.19828268885612488
-156.05503845214844,-13.658499717712402,0.13233210146427155
-154.40367126464844,-13.658499717712402,0.11221034079790115
-152.75228881835938,-13.658499717712402,0.15116901695728302
-151.10092163085938,-13.658499717712402,0.2269449234008789
-149.4495391845703,-13.658499717712402,0.2922731935977936
-147.7981719970703,-13.658499717712402,0.36580613255500793
-146.14678955078125,-13.658499717712402,0.4445819854736328
-144.4954071044922,-13.658499717712402,0.5033082365989685
-142.8440399169922,-13.658499717712402,0.5656905770301819
-141.19265747070312,-13.658499717712402,0.6273097395896912
-139.54129028320312,-13.658499717712402,0.6746214032173157
-137.88990783691406,-13.658499717712402,0.7015534043312073
-136.238525390625,-13.658499717712402,0.7103224396705627
-134.587158203125,-13.658499717712402,0.7112914323806763
-132.93577575683594,-13.658499717712402,0.7329825758934021
-131.28440856933594,-13.658499717712402,0.7882795333862305
-129.63302612304688,-13.658499717712402,0.8176515102386475
-127.98165130615234,-13.658499717712402,0.7997434735298157
-126.33027648925781,-13.658499717712402,0.717982292175293
-124.67890167236328,-13.658499717712402,0.6087712049484253
-123.02751922607422,-13.658499717712402,0.5346705317497253
-121.37614440917969,-13.658499717712402,0.5457416772842407
-119.72476959228516,-13.658499717712402,0.6083204746246338
-118.07339477539062,-13.658499717712402,0.6739129424095154
-116.4220199584961,-13.658499717712402,0.6978538036346436
-114.77064514160156,-13.658499717712402,0.6970389485359192
-113.1192626953125,-13.658499717712402,0.7184464931488037
-111.46788787841797,-13.658499717712402,0.8045867085456848
-109.81651306152344,-13.658499717712402,0.9095906019210815
-108.1651382446289,-13.658499717712402,0.9741432666778564
-106.51376342773438,-13.658499717712402,0.9692795276641846
-104.86238861083984,-13.658499717712402,0.9193584322929382
-103.21100616455078,-13.658499717712402,0.8454811573028564
-101.55963134765625,-13.658499717712402,0.7596895098686218
-99.90825653076172,-13.658499717712402,0.6903546452522278
-98.25688171386719,-13.658499717712402,0.6377211809158325
-96.60550689697266,-13.658499717712402,0.587777853012085
-94.95413208007812,-13.658499717712402,0.5057830810546875
-93.30274963378906,-13.658499717712402,0.362311989068985
-91.65137481689453,-13.658499717712402,0.15164464712142944
-90.0,-13.658499717712402,-0.056157685816287994
-88.34862518310547,-13.658499717712402,-0.1578482985496521
-86.69725036621094,-13.658499717712402,-0.07489655911922455
-85.04586791992188,-13.658499717712402,0.10493265837430954
-83.39449310302734,-13.658499717712402,0.22236506640911102
-81.74311828613281,-13.658499717712402,0.09373041987419128
-80.09174346923828,-13.658499717712402,-0.11995042115449905
-78.44036865234375,-13.658499717712402,-0.26119640469551086
-76.78899383544922,-13.658499717712402,-0.14096571505069733
-75.13761138916016,-13.658499717712402,-0.0029773712158203125
-73.48623657226562,-13.658499717712402,0.12149178236722946
-71.8348617553711,-13.658499717712402,0.302039235830307
-70.18348693847656,-13.658499717712402,0.4917503893375397
-68.53211212158203,-13.658499717712402,0.45933476090431213
-66.8807373046875,-13.658499717712402,0.15117524564266205
-65.22935485839844,-13.658499717712402,0.15252481400966644
-63.577980041503906,-13.658499717712402,0.2878611385822296
-61.926605224609375,-13.658499717712402,0.3300139605998993
-60.275230407714844,-13.658499717712402,0.33548763394355774
-58.62385177612305,-13.658499717712402,0.24696165323257446
-56.972476959228516,-13.658499717712402,0.07267926633358002
-55.321102142333984,-13.658499717712402,-0.16989262402057648
-53.66972351074219,-13.658499717712402,-0.2440457046031952
-52.018348693847656,-13.658499717712402,-0.141673281788826
-50.366973876953125,-13.658499717712402,-0.01963278464972973
-48.71559524536133,-13.658499717712402,0.12384204566478729
-47.0642204284668,-13.658499717712402,0.14413712918758392
-45.412845611572266,-13.658499717712402,-0.0488814041018486
-43.76146697998047,-13.658499717712402,-0.18805980682373047
-42.11009216308594,-13.658499717712402,-0.09291324764490128
-40.458717346191406,-13.658499717712402,0.0669836699962616
-38.80733871459961,-13.658499717712402,0.04144604876637459
-37.15596389770508,-13.658499717712402,0.030284054577350616
-35.50458526611328,-13.658499717712402,0.13037808239459991
-33.85321044921875,-13.658499717712402,0.22856412827968597
-32.20183563232422,-13.658499717712402,0.3367120027542114
-30.550458908081055,-13.658499717712402,0.45181864500045776
-28.89908218383789,-13.658499717712402,0.5378574132919312
-27.24770736694336,-13.658499717712402,0.5221390128135681
-25.596330642700195,-13.658499717712402,0.43803125619888306
-23.94495391845703,-13.658499717712402,0.33917540311813354
-22.293577194213867,-13.658499717712402,0.26791584491729736
-20.642202377319336,-13.658499717712402,0.21872742474079132
-18.990825653076172,-13.658499717712402,0.18481172621250153
-17.339448928833008,-13.658499717712402,0.15866133570671082
-15.68807315826416,-13.658499717712402,0.13903769850730896
-14.036697387695312,-13.658499717712402,0.14140866696834564
-12.385320663452148,-13.658499717712402,0.20719769597053528
-10.7339448928833,-13.658499717712402,0.3147856891155243
-9.082569122314453,-13.658499717712402,0.4192967712879181
-7.431192874908447,-13.658499717712402,0.4466318190097809
-5.779816627502441,-13.658499717712402,0.4125657379627228
-4.1284403800964355,-13.658499717712402,0.36097925901412964
-2.4770641326904297,-13.658499717712402,0.3248347043991089
-0.8256880640983582,-13.658499717712402,0.28553345799446106
0.8256880640983582,-13.658499717712402,0.20720748603343964
2.4770641326904297,-13.658499717712402,0.09664929658174515
4.1284403800964355,-13.658499717712402,-0.039718691259622574
5.779816627502441,-13.658499717712402,-0.17580217123031616
7.431192874908447,-13.658499717712402,-0.30528944730758667
9.082569122314453,-13.658499717712402,-0.42844104766845703
10.7339448928833,-13.658499717712402,-0.5562112927436829
12.385320663452148,-13.658499717712402,-0.12488606572151184
14.036697387695312,-13.658499717712402,0.6867091059684753
15.68807315826416,-13.658499717712402,0.47734928131103516
17.339448928833008,-13.658499717712402,0.41190019249916077
18.990825653076172,-13.658499717712402,0.4197120666503906
20.642202377319336,-13.658499717712402,0.4413035809993744
22.293577194213867,-13.658499717712402,0.386494904756546
23.94495391845703,-13.658499717712402,0.22959162294864655
25.596330642700195,-13.658499717712402,0.06776091456413269
27.24770736694336,-13.658499717712402,-0.058507028967142105
28.89908218383789,-13.658499717712402,-0.07717278599739075
30.550458908081055,-13.658499717712402,0.009411494247615337
32.20183563232422,-13.658499717712402,-0.005574607755988836
33.85321044921875,-13.658499717712402,-0.08782386779785156
35.50458526611328,-13.658499717712402,-0.09876874089241028
37.15596389770508,-13.658499717712402,-0.1175435408949852
38.80733871459961,-13.658499717712402,-0.10564880073070526
40.458717346191406,-13.658499717712402,0.09107373654842377
42.11009216308594,-13.658499717712402,0.3055472671985626
43.76146697998047,-13.658499717712402,0.21466903388500214
45.412845611572266,-13.658499717712402,0.13118737936019897
47.0642204284668,-13.658499717712402,0.10128237307071686
48.71559524536133,-13.658499717712402,0.4379139542579651
50.366973876953125,-13.658499717712402,0.2519589066505432
52.018348693847656,-13.658499717712402,0.262986958026886
53.66972351074219,-13.658499717712402,0.31646594405174255
55.321102142333984,-13.658499717712402,0.35450902581214905
56.972476959228516,-13.658499717712402,0.34943580627441406
58.62385177612305,-13.658499717712402,0.282632440328598
60.275230407714844,-13.658499717712402,0.1737067550420761
61.926605224609375,-13.658499717712402,0.07296174019575119
63.577980041503906,-13.658499717712402,0.02018756791949272
65.22935485839844,-13.658499717712402,-0.03162657469511032
66.8807373046875,-13.658499717712402,-0.06851819157600403
68.53211212158203,-13.658499717712402,-0.08009109646081924
70.18348693847656,-13.658499717712402,-0.10453720390796661
71.8348617553711,-13.658499717712402,-0.15410003066062927
73.48623657226562,-13.658499717712402,-0.2408680021762848
75.13761138916016,-13.658499717712402,-0.3520774245262146
76.78899383544922,-13.658499717712402,-0.45504939556121826
78.44036865234375,-13.658499717712402,-0.5057108998298645
80.09174346923828,-13.658499717712402,-0.5278257727622986
81.74311828613281,-13.658499717712402,-0.5422506928443909
83.39449310302734,-13.658499717712402,-0.5878732204437256
85.04586791992188,-13.658499717712402,-0.5860254764556885
86.69725036621094,-13.658499717712402,-0.5255175828933716
88.34862518310547,-13.658499717712402,-0.4271773099899292
90.0,-13.658499717712402,-0.33961862325668335
91.65137481689453,-13.658499717712402,-0.30673038959503174
93.30274963378906,-13.658499717712402,-0.34950771927833557
94.95413208007812,-13.658499717712402,-0.42854639887809753
96.60550689697266,-13.658499717712402,-0.46206676959991455
98.25688171386719,-13.658499717712402,-0.342460960149765
99.90825653076172,-13.658499717712402,-0.15998141467571259
101.55963134765625,-13.658499717712402,0.023122023791074753
103.21100616455078,-13.658499717712402,0.1350034773349762
104.86238861083984,-13.658499717712402,0.24570459127426147
106.51376342773438,-13.658499717712402,0.3538984954357147
108.1651382446289,-13.658499717712402,0.42983710765838623
109.81651306152344,-13.658499717712402,0.4919431805610657
111.46788787841797,-13.658499717712402,0.5325101613998413
113.1192626953125,-13.658499717712402,0.5309962630271912
114.77064514160156,-13.658499717712402,0.5012152791023254
116.4220199584961,-13.658499717712402,0.46538588404655457
118.07339477539062,-13.658499717712402,0.4395630657672882
119.72476959228516,-13.658499717712402,0.4289361238479614
121.37614440917969,-13.658499717712402,0.4251551926136017
123.02751922607422,-13.658499717712402,0.3704550564289093
124.67890167236328,-13.658499717712402,0.2972462475299835
126.33027648925781,-13.658499717712402,0.27417290210723877
127.98165130615234,-13.658499717712402,0.19026178121566772
129.63302612304688,-13.658499717712402,0.3029685318470001
131.28440856933594,-13.658499717712402,0.7933748364448547
132.93577575683594,-13.658499717712402,0.8091846704483032
134.587158203125,-13.658499717712402,0.557791531085968
136.238525390625,-13.658499717712402,0.2909505069255829
137.88990783691406,-13.658499717712402,0.13619492948055267
139.54129028320312,-13.658499717712402,-0.018780073150992393
141.19265747070312,-13.658499717712402,-0.08009764552116394
142.8440399169922,-13.658499717712402,0.19855709373950958
144.4954071044922,-13.658499717712402,-0.31865423917770386
146.14678955078125,-13.658499717712402,-0.3514661192893982
147.7981719970703,-13.658499717712402,-0.27543264627456665
149.4495391845703,-13.658499717712402,-0.15267708897590637
151.10092163085938,-13.658499717712402,-0.047300975769758224
152.75228881835938,-13.658499717712402,0.030652109533548355
154.40367126464844,-13.658499717712402,0.09051831811666489
156.05503845214844,-13.658499717712402,0.14884822070598602
157.7064208984375,-13.658499717712402,0.19105370342731476
159.35780334472656,-13.658499717712402,0.24575914442539215
161.00917053222656,-13.658499717712402,0.3064500689506531
162.66055297851562,-13.658499717712402,0.305441677570343
164.31192016601562,-13.658499717712402,0.26017969846725464
165.9633026123047,-13.658499717712402,0.2070896178483963
167.61468505859375,-13.658499717712402,0.1817368119955063
169.26605224609375,-13.658499717712402,0.16713975369930267
170.9174346923828,-13.658499717712402,0.13535594940185547
172.5688018798828,-13.658499717712402,0.07653770595788956
174.22018432617188,-13.658499717712402,0.0030676524620503187
175.87156677246094,-13.658499717712402,-0.07495072484016418
177.52293395996094,-13.658499717712402,-0.06242891773581505
179.17431640625,-13.658499717712402,0.00989379920065403
-179.1666717529297,-15.265315055847168,0.20731404423713684
-177.5,-15.265315055847168,0.23988990485668182
-175.8333282470703,-15.265315055847168,0.23345088958740234
-174.1666717529297,-15.265315055847168,0.23249028623104095
-172.5,-15.265315055847168,0.21449248492717743
-170.8333282470703,-15.265315055847168,0.17695172131061554
-169.1666717529297,-15.265315055847168,0.15052960813045502
-167.5,-15.265315055847168,0.15417346358299255
-165.8333282470703,-15.265315055847168,0.16977138817310333
-164.1666717529297,-15.265315055847168,0.18056024610996246
-162.5,-15.265315055847168,0.14598624408245087
-160.8333282470703,-15.265315055847168,0.07507851719856262
-159.1666717529297,-15.265315055847168,0.015285555273294449
-157.5,-15.265315055847168,-0.03432680666446686
-155.8333282470703,-15.265315055847168,-0.07535069435834885
-154.1666717529297,-15.265315055847168,-0.09271952509880066
-152.5,-15.265315055847168,-0.06466541439294815
-150.8333282470703,-15.265315055847168,-0.005422910209745169
-149.1666717529297,-15.265315055847168,0.05184599384665489
-147.5,-15.265315055847168,0.11238454282283783
-145.8333282470703,-15.265315055847168,0.18167750537395477
-144.1666717529297,-15.265315055847168,0.2373722642660141
-142.5,-15.265315055847168,0.3010486662387848
-140.8333282470703,-15.265315055847168,0.3700742721557617
-139.1666717529297,-15.265315055847168,0.41795533895492554
-137.5,-15.265315055847168,0.4266515076160431
-135.8333282470703,-15.265315055847168,0.4258911907672882
-134.1666717529297,-15.265315055847168,0.43608132004737854
-132.5,-15.265315055847168,0.4747002422809601
-130.8333282470703,-15.265315055847168,0.5233426690101624
-129.1666717529297,-15.265315055847168,0.5458165407180786
-127.5,-15.265315055847168,0.5214422345161438
-125.83333587646484,-15.265315055847168,0.4646896421909332
-124.16666412353516,-15.265315055847168,0.4097710847854614
-122.5,-15.265315055847168,0.3919837176799774
-120.83333587646484,-15.265315055847168,0.44237199425697327
-119.16666412353516,-15.265315055847168,0.5350257754325867
-117.5,-15.265315055847168,0.6310182809829712
-115.83333587646484,-15.265315055847168,0.7100114226341248
-114.16666412353516,-15.265315055847168,0.7714022994041443
-112.5,-15.265315055847168,0.8351777791976929
-110.83333587646484,-15.265315055847168,0.9206558465957642
-109.16666412353516,-15.265315055847168,0.9940187335014343
-107.5,-15.265315055847168,1.0191552639007568
-105.83333587646484,-15.265315055847168,0.9917877316474915
-104.16666412353516,-15.265315055847168,0.923107385635376
-102.5,-15.265315055847168,0.8342970609664917
-100.83333587646484,-15.265315055847168,0.7535776495933533
-99.16666412353516,-15.265315055847168,0.6891577839851379
-97.5,-15.265315055847168,0.6474932432174683
-95.83333587646484,-15.265315055847168,0.5947926044464111
-94.16666412353516,-15.265315055847168,0.48098042607307434
-92.5,-15.265315055847168,0.2743839919567108
-90.83333587646484,-15.265315055847168,0.0044752755202353
-89.16666412353516,-15.265315055847168,-0.21050268411636353
-87.5,-15.265315055847168,-0.2179165482521057
-85.83333587646484,-15.265315055847168,-0.05047651752829552
-84.16666412353516,-15.265315055847168,0.12226588279008865
-82.5,-15.265315055847168,0.17630310356616974
-80.83333587646484,-15.265315055847168,0.11917947232723236
-79.16666412353516,-15.265315055847168,0.06464551389217377
-77.5,-15.265315055847168,0.09001127630472183
-75.83333587646484,-15.265315055847168,0.17930132150650024
-74.16666412353516,-15.265315055847168,0.0033529598731547594
-72.5,-15.265315055847168,0.16934792697429657
-70.83333587646484,-15.265315055847168,0.3713812530040741
-69.16666412353516,-15.265315055847168,0.4965008795261383
-67.5,-15.265315055847168,0.2626784145832062
-65.83333587646484,-15.265315055847168,0.08308327943086624
-64.16666412353516,-15.265315055847168,0.18618132174015045
-62.5,-15.265315055847168,0.3979024887084961
-60.83333206176758,-15.265315055847168,0.49249762296676636
-59.16666793823242,-15.265315055847168,0.3859312832355499
-57.5,-15.265315055847168,0.2221382111310959
-55.83333206176758,-15.265315055847168,-0.00664469413459301
-54.16666793823242,-15.265315055847168,-0.4175751507282257
-52.5,-15.265315055847168,-0.219216987490654
-50.83333206176758,-15.265315055847168,0.02765521965920925
-49.16666793823242,-15.265315055847168,0.1887652724981308
-47.5,-15.265315055847168,0.2305251508951187
-45.83333206176758,-15.265315055847168,0.22292302548885345
-44.16666793823242,-15.265315055847168,-0.0765039473772049
-42.5,-15.265315055847168,-0.1144600585103035
-40.83333206176758,-15.265315055847168,0.22224120795726776
-39.16666793823242,-15.265315055847168,0.1814568191766739
-37.5,-15.265315055847168,0.03594544902443886
-35.83333206176758,-15.265315055847168,0.14209391176700592
-34.16666793823242,-15.265315055847168,0.24603639543056488
-32.5,-15.265315055847168,0.3543495237827301
-30.83333396911621,-15.265315055847168,0.4696286618709564
-29.16666603088379,-15.265315055847168,0.5570225119590759
-27.5,-15.265315055847168,0.5742064118385315
-25.83333396911621,-15.265315055847168,0.5340026617050171
-24.16666603088379,-15.265315055847168,0.4652630388736725
-22.5,-15.265315055847168,0.3763914704322815
-20.83333396911621,-15.265315055847168,0.283157080411911
-19.16666603088379,-15.265315055847168,0.20486660301685333
-17.5,-15.265315055847168,0.16471105813980103
-15.833333015441895,-15.265315055847168,0.1694040298461914
-14.166666984558105,-15.265315055847168,0.21011397242546082
-12.5,-15.265315055847168,0.26825326681137085
-10.833333015441895,-15.265315055847168,0.3422582745552063
-9.166666984558105,-15.265315055847168,0.41535383462905884
-7.5,-15.265315055847168,0.4673026502132416
-5.833333492279053,-15.265315055847168,0.4999818205833435
-4.166666507720947,-15.265315055847168,0.5096424221992493
-2.5,-15.265315055847168,0.4789900481700897
-0.8333333134651184,-15.265315055847168,0.4033110439777374
0.8333333134651184,-15.265315055847168,0.2962571978569031
2.5,-15.265315055847168,0.15997625887393951
4.166666507720947,-15.265315055847168,0.0016208648448809981
5.833333492279053,-15.265315055847168,-0.14904078841209412
7.5,-15.265315055847168,-0.27312177419662476
9.166666984558105,-15.265315055847168,-0.37967950105667114
10.833333015441895,-15.265315055847168,-0.47912827134132385
12.5,-15.265315055847168,0.7677305340766907
14.166666984558105,-15.265315055847168,0.600848913192749
15.833333015441895,-15.265315055847168,0.4712926149368286
17.5,-15.265315055847168,0.40185222029685974
19.16666603088379,-15.265315055847168,0.428553968667984
20.83333396911621,-15.265315055847168,0.4598272442817688
22.5,-15.265315055847168,0.4841691255569458
24.16666603088379,-15.265315055847168,0.33279862999916077
25.83333396911621,-15.265315055847168,0.11640644073486328
27.5,-15.265315055847168,-0.06456463783979416
29.16666603088379,-15.265315055847168,-0.05619710311293602
30.83333396911621,-15.265315055847168,-0.01109288539737463
32.5,-15.265315055847168,-0.040282949805259705
34.16666793823242,-15.265315055847168,-0.10468985140323639
35.83333206176758,-15.265315055847168,-0.15708039700984955
37.5,-15.265315055847168,-0.15813662111759186
39.16666793823242,-15.265315055847168,-0.07969608157873154
40.83333206176758,-15.265315055847168,0.2932341992855072
42.5,-15.265315055847168,0.2948485016822815
44.16666793823242,-15.265315055847168,0.16545632481575012
45.83333206176758,-15.265315055847168,0.05339311063289642
47.5,-15.265315055847168,0.4417409896850586
49.16666793823242,-15.265315055847168,0.4494076371192932
50.83333206176758,-15.265315055847168,0.15250523388385773
52.5,-15.265315055847168,0.22426973283290863
54.16666793823242,-15.265315055847168,0.3210683763027191
55.83333206176758,-15.265315055847168,0.38809821009635925
57.5,-15.265315055847168,0.3861646056175232
59.16666793823242,-15.265315055847168,0.3279932737350464
60.83333206176758,-15.265315055847168,0.24773305654525757
62.5,-15.265315055847168,0.15651874244213104
64.16666412353516,-15.265315055847168,0.07093531638383865
65.83333587646484,-15.265315055847168,0.005730310920625925
67.5,-15.265315055847168,-0.03999175876379013
69.16666412353516,-15.265315055847168,-0.09064343571662903
70.83333587646484,-15.265315055847168,-0.15599021315574646
72.5,-15.265315055847168,-0.22732238471508026
74.16666412353516,-15.265315055847168,-0.3091878890991211
75.83333587646484,-15.265315055847168,-0.3962364196777344
77.5,-15.265315055847168,-0.45647895336151123
79.16666412353516,-15.265315055847168,-0.4907497465610504
80.83333587646484,-15.265315055847168,-0.5134251117706299
82.5,-15.265315055847168,-0.5354213714599609
84.16666412353516,-15.265315055847168,-0.5386194586753845
85.83333587646484,-15.265315055847168,-0.49320894479751587
87.5,-15.265315055847168,-0.39661189913749695
89.16666412353516,-15.265315055847168,-0.2793406844139099
90.83333587646484,-15.265315055847168,-0.19850584864616394
92.5,-15.265315055847168,-0.20931479334831238
94.16666412353516,-15.265315055847168,-0.2908557951450348
95.83333587646484,-15.265315055847168,-0.36676469445228577
97.5,-15.265315055847168,-0.382024884223938
99.16666412353516,-15.265315055847168,-0.33280664682388306
100.83333587646484,-15.265315055847168,-0.2533224821090698
102.5,-15.265315055847168,-0.14882837235927582
104.16666412353516,-15.265315055847168,-0.02767435647547245
105.83333587646484,-15.265315055847168,0.08516120910644531
107.5,-15.265315055847168,0.1896427720785141
109.16666412353516,-15.265315055847168,0.29353421926498413
110.83333587646484,-15.265315055847168,0.38286012411117554
112.5,-15.265315055847168,0.41872438788414
114.16666412353516,-15.265315055847168,0.3956158459186554
115.83333587646484,-15.265315055847168,0.34832504391670227
117.5,-15.265315055847168,0.30065613985061646
119.16666412353516,-15.265315055847168,0.26024436950683594
120.83333587646484,-15.265315055847168,0.2308969497680664
122.5,-15.265315055847168,0.2066517472267151
124.16666412353516,-15.265315055847168,0.14823658764362335
125.83333587646484,-15.265315055847168,0.3938375413417816
127.5,-15.265315055847168,0.31496816873550415
129.1666717529297,-15.265315055847168,0.3182661831378937
130.8333282470703,-15.265315055847168,0.6115742325782776
132.5,-15.265315055847168,0.7797545790672302
134.1666717529297,-15.265315055847168,0.5893675684928894
135.8333282470703,-15.265315055847168,0.2370547652244568
137.5,-15.265315055847168,-0.029363060370087624
139.1666717529297,-15.265315055847168,-0.17432613670825958
140.8333282470703,-15.265315055847168,-0.3033665418624878
142.5,-15.265315055847168,0.2556177079677582
144.1666717529297,-15.265315055847168,0.2020840346813202
145.8333282470703,-15.265315055847168,-0.3804537355899811
147.5,-15.265315055847168,-0.2941533923149109
149.1666717529297,-15.265315055847168,-0.17152538895606995
150.8333282470703,-15.265315055847168,-0.06954117119312286
152.5,-15.265315055847168,-0.012283770367503166
154.1666717529297,-15.265315055847168,0.023249244317412376
155.8333282470703,-15.265315055847168,0.05988941341638565
157.5,-15.265315055847168,0.11580181121826172
159.1666717529297,-15.265315055847168,0.18551374971866608
160.8333282470703,-15.265315055847168,0.24963811039924622
162.5,-15.265315055847168,0.29124170541763306
164.1666717529297,-15.265315055847168,0.31629353761672974
165.8333282470703,-15.265315055847168,0.33412259817123413
167.5,-15.265315055847168,0.27207958698272705
169.1666717529297,-15.265315055847168,0.23737391829490662
170.8333282470703,-15.265315055847168,0.16235631704330444
172.5,-15.265315055847168,0.10675646364688873
174.1666717529297,-15.265315055847168,0.07091426849365234
175.8333282470703,-15.265315055847168,0.04999612271785736
177.5,-15.265315055847168,0.07428887486457825
179.1666717529297,-15.265315055847168,0.13665802776813507
-179.1627960205078,-16.873306274414062,0.3604050874710083
-177.48837280273438,-16.873306274414062,0.33929696679115295
-175.81394958496094,-16.873306274414062,0.25607243180274963
-174.13954162597656,-16.873306274414062,0.25044503808021545
-172.46511840820312,-16.873306274414062,0.17784227430820465
-170.7906951904297,-16.873306274414062,0.055975914001464844
-169.11627197265625,-16.873306274414062,-0.03937466815114021
-167.44186401367188,-16.873306274414062,0.01974722556769848
-165.76744079589844,-16.873306274414062,0.18006248772144318
-164.093017578125,-16.873306274414062,0.34145405888557434
-162.41860961914062,-16.873306274414062,0.2538105547428131
-160.7441864013672,-16.873306274414062,0.01920553855597973
-159.06976318359375,-16.873306274414062,-0.18370278179645538
-157.39535522460938,-16.873306274414062,-0.27272358536720276
-155.72093200683594,-16.873306274414062,-0.3171681761741638
-154.0465087890625,-16.873306274414062,-0.3566289246082306
-152.37208557128906,-16.873306274414062,-0.32215583324432373
-150.6976776123047,-16.873306274414062,-0.25827711820602417
-149.02325439453125,-16.873306274414062,-0.209567129611969
-147.3488311767578,-16.873306274414062,-0.13851255178451538
-145.67442321777344,-16.873306274414062,-0.0676766112446785
-144.0,-16.873306274414062,-0.01805439032614231
-142.32557678222656,-16.873306274414062,0.04776528850197792
-140.6511688232422,-16.873306274414062,0.1274115890264511
-138.97674560546875,-16.873306274414062,0.19028809666633606
-137.3023223876953,-16.873306274414062,0.17934812605381012
-135.62791442871094,-16.873306274414062,0.1517297774553299
-133.9534912109375,-16.873306274414062,0.1473037153482437
-132.27906799316406,-16.873306274414062,0.19293664395809174
-130.60464477539062,-16.873306274414062,0.25631141662597656
-128.93023681640625,-16.873306274414062,0.30936259031295776
-127.25581359863281,-16.873306274414062,0.28166648745536804
-125.5813980102539,-16.873306274414062,0.23574015498161316
-123.90697479248047,-16.873306274414062,0.20731684565544128
-122.23255920410156,-16.873306274414062,0.25127658247947693
-120.55813598632812,-16.873306274414062,0.34782829880714417
-118.88372039794922,-16.873306274414062,0.46416136622428894
-117.20930480957031,-16.873306274414062,0.6162532567977905
-115.53488159179688,-16.873306274414062,0.755619466304779
-113.86046600341797,-16.873306274414062,0.8623438477516174
-112.18604278564453,-16.873306274414062,0.9283888339996338
-110.51162719726562,-16.873306274414062,0.9953373074531555
-108.83721160888672,-16.873306274414062,1.0391242504119873
-107.16278839111328,-16.873306274414062,1.04532790184021
-105.48837280273438,-16.873306274414062,1.0080357789993286
-103.81395721435547,-16.873306274414062,0.9198656678199768
-102.13953399658203,-16.873306274414062,0.8458376526832581
-100.46511840820312,-16.873306274414062,0.7715254426002502
-98.79069519042969,-16.873306274414062,0.6878098249435425
-97.11627960205078,-16.873306274414062,0.6700853109359741
-95.44186401367188,-16.873306274414062,0.6394468545913696
-93.76744079589844,-16.873306274414062,0.5469217300415039
-92.09302520751953,-16.873306274414062,0.280783474445343
-90.4186019897461,-16.873306274414062,-0.06658109277486801
-88.74418640136719,-16.873306274414062,-0.37862178683280945
-87.06977081298828,-16.873306274414062,-0.2514136731624603
-85.39534759521484,-16.873306274414062,-0.012242699041962624
-83.72093200683594,-16.873306274414062,0.17483654618263245
-82.0465087890625,-16.873306274414062,0.24011968076229095
-80.3720932006836,-16.873306274414062,0.27390339970588684
-78.69767761230469,-16.873306274414062,0.35102126002311707
-77.02325439453125,-16.873306274414062,0.3753335177898407
-75.34883880615234,-16.873306274414062,0.4329225420951843
-73.6744155883789,-16.873306274414062,0.5199111104011536
-72.0,-16.873306274414062,0.264175683259964
-70.3255844116211,-16.873306274414062,0.2537413239479065
-68.65116119384766,-16.873306274414062,0.41107550263404846
-66.97674560546875,-16.873306274414062,0.4114113450050354
-65.30232238769531,-16.873306274414062,0.30110523104667664
-63.627906799316406,-16.873306274414062,0.20123571157455444
-61.953487396240234,-16.873306274414062,0.4411048889160156
-60.27906799316406,-16.873306274414062,0.5242524743080139
-58.604652404785156,-16.873306274414062,0.3177542984485626
-56.930233001708984,-16.873306274414062,0.15530440211296082
-55.25581359863281,-16.873306274414062,-0.13939203321933746
-53.58139419555664,-16.873306274414062,-0.2296963334083557
-51.906978607177734,-16.873306274414062,0.008923212997615337
-50.23255920410156,-16.873306274414062,0.24557985365390778
-48.55813980102539,-16.873306274414062,0.40232786536216736
-46.88372039794922,-16.873306274414062,0.48149439692497253
-45.20930099487305,-16.873306274414062,0.5608747601509094
-43.53488540649414,-16.873306274414062,0.41192975640296936
-41.86046600341797,-16.873306274414062,0.4287600815296173
-40.1860466003418,-16.873306274414062,0.6227493286132812
-38.511627197265625,-16.873306274414062,0.017494264990091324
-36.83720779418945,-16.873306274414062,0.11330070346593857
-35.16279220581055,-16.873306274414062,0.21156184375286102
-33.488372802734375,-16.873306274414062,0.31281179189682007
-31.813953399658203,-16.873306274414062,0.4255581498146057
-30.13953399658203,-16.873306274414062,0.5363553762435913
-28.465116500854492,-16.873306274414062,0.6266345977783203
-26.79069709777832,-16.873306274414062,0.6227205395698547
-25.11627960205078,-16.873306274414062,0.6070221066474915
-23.44186019897461,-16.873306274414062,0.5648608803749084
-21.76744270324707,-16.873306274414062,0.44412726163864136
-20.0930233001709,-16.873306274414062,0.30444571375846863
-18.418603897094727,-16.873306274414062,0.1804777830839157
-16.744186401367188,-16.873306274414062,0.1761884093284607
-15.069766998291016,-16.873306274414062,0.22445577383041382
-13.39534854888916,-16.873306274414062,0.30945178866386414
-11.720930099487305,-16.873306274414062,0.3144069015979767
-10.04651165008545,-16.873306274414062,0.34927812218666077
-8.372093200683594,-16.873306274414062,0.41259530186653137
-6.69767427444458,-16.873306274414062,0.5133394598960876
-5.023255825042725,-16.873306274414062,0.6108596920967102
-3.34883713722229,-16.873306274414062,0.6647292971611023
-1.674418568611145,-16.873306274414062,0.5710542798042297
0.0,-16.873306274414062,0.45410722494125366
1.674418568611145,-16.873306274414062,0.33240318298339844
3.34883713722229,-16.873306274414062,0.17124691605567932
5.023255825042725,-16.873306274414062,0.006119092460721731
6.69767427444458,-16.873306274414062,-0.13605333864688873
8.372093200683594,-16.873306274414062,-0.23225554823875427
10.04651165008545,-16.873306274414062,-0.3262529969215393
11.720930099487305,-16.873306274414062,0.1447303742170334
13.39534854888916,-16.873306274414062,0.7024019360542297
15.069766998291016,-16.873306274414062,0.5349881052970886
16.744186401367188,-16.873306274414062,0.41238442063331604
18.418603897094727,-16.873306274414062,0.3728885054588318
20.0930233001709,-16.873306274414062,0.4230337142944336
21.76744270324707,-16.873306274414062,0.5303875803947449
23.44186019897461,-16.873306274414062,0.5355417132377625
25.11627960205078,-16.873306274414062,0.40391141176223755
26.79069709777832,-16.873306274414062,0.25214895606040955
28.465116500854492,-16.873306274414062,0.10686664283275604
30.13953399658203,-16.873306274414062,0.012613359838724136
31.813953399658203,-16.873306274414062,-0.1384870558977127
33.488372802734375,-16.873306274414062,-0.107328861951828
35.16279220581055,-16.873306274414062,-0.1746765822172165
36.83720779418945,-16.873306274414062,-0.24018649756908417
38.511627197265625,-16.873306274414062,-0.009687868878245354
40.1860466003418,-16.873306274414062,0.41773930191993713
41.86046600341797,-16.873306274414062,0.34037864208221436
43.53488540649414,-16.873306274414062,0.1842770278453827
45.20930099487305,-16.873306274414062,0.38352668285369873
46.88372039794922,-16.873306274414062,0.4206688702106476
48.55813980102539,-16.873306274414062,0.36349132657051086
50.23255920410156,-16.873306274414062,0.02497831918299198
51.906978607177734,-16.873306274414062,0.11665293574333191
53.58139419555664,-16.873306274414062,0.24740441143512726
55.25581359863281,-16.873306274414062,0.3864685595035553
56.930233001708984,-16.873306274414062,0.46714720129966736
58.604652404785156,-16.873306274414062,0.4244751036167145
60.27906799316406,-16.873306274414062,0.38272207975387573
61.953487396240234,-16.873306274414062,0.3104366362094879
63.627906799316406,-16.873306274414062,0.1825346052646637
65.30232238769531,-16.873306274414062,0.11013247072696686
66.97674560546875,-16.873306274414062,0.0575077049434185
68.65116119384766,-16.873306274414062,-0.02917512319982052
70.3255844116211,-16.873306274414062,-0.1306498795747757
72.0,-16.873306274414062,-0.22228673100471497
73.6744155883789,-16.873306274414062,-0.28589338064193726
75.34883880615234,-16.873306274414062,-0.35778987407684326
77.02325439453125,-16.873306274414062,-0.42386162281036377
78.69767761230469,-16.873306274414062,-0.45548370480537415
80.3720932006836,-16.873306274414062,-0.48010095953941345
82.0465087890625,-16.873306274414062,-0.4972774386405945
83.72093200683594,-16.873306274414062,-0.4854980409145355
85.39534759521484,-16.873306274414062,-0.44063034653663635
87.06977081298828,-16.873306274414062,-0.3436056077480316
88.74418640136719,-16.873306274414062,-0.20829632878303528
90.4186019897461,-16.873306274414062,-0.06729081273078918
92.09302520751953,-16.873306274414062,-0.027930259704589844
93.76744079589844,-16.873306274414062,-0.14357712864875793
95.44186401367188,-16.873306274414062,-0.25012072920799255
97.11627960205078,-16.873306274414062,-0.3290329575538635
98.79069519042969,-16.873306274414062,-0.3813118040561676
100.46511840820312,-16.873306274414062,-0.4287303388118744
102.13953399658203,-16.873306274414062,-0.4065086245536804
103.81395721435547,-16.873306274414062,-0.27749016880989075
105.48837280273438,-16.873306274414062,-0.17308248579502106
107.16278839111328,-16.873306274414062,-0.06594435125589371
108.83721160888672,-16.873306274414062,0.07439568638801575
110.51162719726562,-16.873306274414062,0.22671820223331451
112.18604278564453,-16.873306274414062,0.30826231837272644
113.86046600341797,-16.873306274414062,0.26359856128692627
115.53488159179688,-16.873306274414062,0.21182365715503693
117.20930480957031,-16.873306274414062,0.1470579206943512
118.88372039794922,-16.873306274414062,0.07362639158964157
120.55813598632812,-16.873306274414062,0.01665274240076542
122.23255920410156,-16.873306274414062,-0.16673380136489868
123.90697479248047,-16.873306274414062,-0.4166467785835266
125.5813980102539,-16.873306274414062,-0.09388986974954605
127.25581359863281,-16.873306274414062,0.021242396906018257
128.93023681640625,-16.873306274414062,0.05991687625646591
130.60464477539062,-16.873306274414062,0.2901971936225891
132.27906799316406,-16.873306274414062,0.3805667757987976
133.9534912109375,-16.873306274414062,0.31939640641212463
135.62791442871094,-16.873306274414062,0.18864713609218597
137.3023223876953,-16.873306274414062,0.1336013823747635
138.97674560546875,-16.873306274414062,-0.10439243167638779
140.6511688232422,-16.873306274414062,-0.4142461121082306
142.32557678222656,-16.873306274414062,0.15325723588466644
144.0,-16.873306274414062,0.15756486356258392
145.67442321777344,-16.873306274414062,-0.04553063586354256
147.3488311767578,-16.873306274414062,-0.3225805163383484
149.02325439453125,-16.873306274414062,-0.1745050996541977
150.6976776123047,-16.873306274414062,-0.05793418735265732
152.37208557128906,-16.873306274414062,-0.014332326129078865
154.0465087890625,-16.873306274414062,-0.016538238152861595
155.72093200683594,-16.873306274414062,-0.019849522039294243
157.39535522460938,-16.873306274414062,0.023203976452350616
159.06976318359375,-16.873306274414062,0.10704504698514938
160.7441864013672,-16.873306274414062,0.18552036583423615
162.41860961914062,-16.873306274414062,0.26413193345069885
164.093017578125,-16.873306274414062,0.35700467228889465
165.76744079589844,-16.873306274414062,0.47719982266426086
167.44186401367188,-16.873306274414062,0.43260517716407776
169.11627197265625,-16.873306274414062,0.3214944899082184
170.7906951904297,-16.873306274414062,0.2046605497598648
172.46511840820312,-16.873306274414062,0.14451929926872253
174.13954162597656,-16.873306274414062,0.1423729509115219
175.81394958496094,-16.873306274414062,0.16007398068904877
177.48837280273438,-16.873306274414062,0.20099443197250366
179.1627960205078,-16.873306274414062,0.2453729659318924
-179.15492248535156,-18.48375701904297,0.36235344409942627
-177.46478271484375,-18.48375701904297,0.2857401669025421
-175.77464294433594,-18.48375701904297,0.16796061396598816
-174.08450317382812,-18.48375701904297,0.11641896516084671
-172.3943634033203,-18.48375701904297,0.04004910960793495
-170.7042236328125,-18.48375701904297,-0.0577925369143486
-169.0140838623047,-18.48375701904297,-0.11594263464212418
-167.32394409179688,-18.48375701904297,-0.02644500695168972
-165.63380432128906,-18.48375701904297,0.1540430635213852
-163.94366455078125,-18.48375701904297,0.3028087615966797
-162.25352478027344,-18.48375701904297,0.19462445378303528
-160.56338500976562,-18.48375701904297,-0.06992428749799728
-158.8732452392578,-18.48375701904297,-0.3188363313674927
-157.18310546875,-18.48375701904297,-0.4493175446987152
-155.49295043945312,-18.48375701904297,-0.51649010181427
-153.8028106689453,-18.48375701904297,-0.5522514581680298
-152.1126708984375,-18.48375701904297,-0.5003494024276733
-150.4225311279297,-18.48375701904297,-0.4214532971382141
-148.73239135742188,-18.48375701904297,-0.35468414425849915
-147.04225158691406,-18.48375701904297,-0.28616395592689514
-145.35211181640625,-18.48375701904297,-0.24559268355369568
-143.66197204589844,-18.48375701904297,-0.21994616091251373
-141.97183227539062,-18.48375701904297,-0.17056280374526978
-140.2816925048828,-18.48375701904297,-0.10001023858785629
-138.591552734375,-18.48375701904297,-0.04926719516515732
-136.9014129638672,-18.48375701904297,-0.06993090361356735
-135.21127319335938,-18.48375701904297,-0.10806706547737122
-133.52113342285156,-18.48375701904297,-0.11261729896068573
-131.8309783935547,-18.48375701904297,-0.06453774869441986
-130.14083862304688,-18.48375701904297,0.0018697738414630294
-128.45069885253906,-18.48375701904297,0.05781879276037216
-126.76056671142578,-18.48375701904297,0.04682496562600136
-125.07041931152344,-18.48375701904297,0.036747489124536514
-123.38027954101562,-18.48375701904297,0.05953000485897064
-121.69013977050781,-18.48375701904297,0.16411413252353668
-120.0,-18.48375701904297,0.309347540140152
-118.30986022949219,-18.48375701904297,0.4836253523826599
-116.61972045898438,-18.48375701904297,0.6832349300384521
-114.92958068847656,-18.48375701904297,0.8474178314208984
-113.23943328857422,-18.48375701904297,0.9518777132034302
-111.5492935180664,-18.48375701904297,1.0093237161636353
-109.8591537475586,-18.48375701904297,1.0519815683364868
-108.16901397705078,-18.48375701904297,1.0713636875152588
-106.47887420654297,-18.48375701904297,1.065862774848938
-104.78873443603516,-18.48375701904297,1.0161306858062744
-103.09859466552734,-18.48375701904297,0.9394933581352234
-101.408447265625,-18.48375701904297,0.8768869638442993
-99.71830749511719,-18.48375701904297,0.7980909943580627
-98.02816772460938,-18.48375701904297,0.7337210178375244
-96.33802795410156,-18.48375701904297,0.7141879796981812
-94.64788818359375,-18.48375701904297,0.6746528148651123
-92.95774841308594,-18.48375701904297,0.5311644673347473
-91.26760864257812,-18.48375701904297,0.24701029062271118
-89.57746124267578,-18.48375701904297,-0.06497688591480255
-87.88732147216797,-18.48375701904297,-0.18370628356933594
-86.19718170166016,-18.48375701904297,-0.024693870916962624
-84.50704193115234,-18.48375701904297,0.1425829529762268
-82.81690216064453,-18.48375701904297,0.2563791871070862
-81.12676239013672,-18.48375701904297,0.32663828134536743
-79.4366226196289,-18.48375701904297,0.42444083094596863
-77.74647521972656,-18.48375701904297,0.499923974275589
-76.05633544921875,-18.48375701904297,0.5308679342269897
-74.36619567871094,-18.48375701904297,0.5791451334953308
-72.67605590820312,-18.48375701904297,0.6104785799980164
-70.98591613769531,-18.48375701904297,0.5803371667861938
-69.2957763671875,-18.48375701904297,0.27803194522857666
-67.60563659667969,-18.48375701904297,0.5548299551010132
-65.91548919677734,-18.48375701904297,0.6236929297447205
-64.22534942626953,-18.48375701904297,0.29324886202812195
-62.53520965576172,-18.48375701904297,0.07816600799560547
-60.845069885253906,-18.48375701904297,0.23468290269374847
-59.154930114746094,-18.48375701904297,0.18121369183063507
-57.46479034423828,-18.48375701904297,0.15476690232753754
-55.7746467590332,-18.48375701904297,0.016521962359547615
-54.08450698852539,-18.48375701904297,-0.008679326623678207
-52.39436721801758,-18.48375701904297,0.16959170997142792
-50.7042236328125,-18.48375701904297,0.3447723984718323
-49.01408386230469,-18.48375701904297,0.5072197318077087
-47.323944091796875,-18.48375701904297,0.8040065765380859
-45.63380432128906,-18.48375701904297,0.7962170243263245
-43.943660736083984,-18.48375701904297,1.0297902822494507
-42.25352096557617,-18.48375701904297,0.9997183680534363
-40.56338119506836,-18.48375701904297,1.0241780281066895
-38.87323760986328,-18.48375701904297,0.02538471296429634
-37.18309783935547,-18.48375701904297,0.12493642419576645
-35.492958068847656,-18.48375701904297,0.21610940992832184
-33.802818298339844,-18.48375701904297,0.3061654269695282
-32.112674713134766,-18.48375701904297,0.4008902311325073
-30.422534942626953,-18.48375701904297,0.49961382150650024
-28.73239517211914,-18.48375701904297,0.5961621403694153
-27.042253494262695,-18.48375701904297,0.638976514339447
-25.35211181640625,-18.48375701904297,0.6641252636909485
-23.661972045898438,-18.48375701904297,0.6587631702423096
-21.971830368041992,-18.48375701904297,0.5637255907058716
-20.28169059753418,-18.48375701904297,0.4186120927333832
-18.591548919677734,-18.48375701904297,0.27263563871383667
-16.901409149169922,-18.48375701904297,0.20945046842098236
-15.211267471313477,-18.48375701904297,0.19423344731330872
-13.521126747131348,-18.48375701904297,0.22563044726848602
-11.830986022949219,-18.48375701904297,0.23378778994083405
-10.14084529876709,-18.48375701904297,0.27572840452194214
-8.450704574584961,-18.48375701904297,0.3678862154483795
-6.760563373565674,-18.48375701904297,0.4987218976020813
-5.070422649383545,-18.48375701904297,0.6233826279640198
-3.380281686782837,-18.48375701904297,0.6902375817298889
-1.6901408433914185,-18.48375701904297,0.6232157945632935
0.0,-18.48375701904297,0.5232453942298889
1.6901408433914185,-18.48375701904297,0.41451168060302734
3.380281686782837,-18.48375701904297,0.27857914566993713
5.070422649383545,-18.48375701904297,0.14558951556682587
6.760563373565674,-18.48375701904297,0.020271683111786842
8.450704574584961,-18.48375701904297,-0.08993060141801834
10.14084529876709,-18.48375701904297,-0.20997212827205658
11.830986022949219,-18.48375701904297,-0.03279317170381546
13.521126747131348,-18.48375701904297,0.6872236132621765
15.211267471313477,-18.48375701904297,0.5090698003768921
16.901409149169922,-18.48375701904297,0.3379649519920349
18.591548919677734,-18.48375701904297,0.27552324533462524
20.28169059753418,-18.48375701904297,0.3960364758968353
21.971830368041992,-18.48375701904297,0.5644581913948059
23.661972045898438,-18.48375701904297,0.6404852271080017
25.35211181640625,-18.48375701904297,0.6027908325195312
27.042253494262695,-18.48375701904297,0.52913898229599
28.73239517211914,-18.48375701904297,0.3946414291858673
30.422534942626953,-18.48375701904297,0.12514369189739227
32.112674713134766,-18.48375701904297,-0.06427974998950958
33.802818298339844,-18.48375701904297,-0.10529550164937973
35.492958068847656,-18.48375701904297,-0.15402723848819733
37.18309783935547,-18.48375701904297,0.418466180562973
38.87323760986328,-18.48375701904297,0.43615785241127014
40.56338119506836,-18.48375701904297,0.3868727385997772
42.25352096557617,-18.48375701904297,0.2704979479312897
43.943660736083984,-18.48375701904297,0.13345076143741608
45.63380432128906,-18.48375701904297,0.2724812924861908
47.323944091796875,-18.48375701904297,0.2090393751859665
49.01408386230469,-18.48375701904297,0.17945601046085358
50.7042236328125,-18.48375701904297,-0.017051823437213898
52.39436721801758,-18.48375701904297,0.10082047432661057
54.08450698852539,-18.48375701904297,0.24092108011245728
55.7746467590332,-18.48375701904297,0.38362249732017517
57.46479034423828,-18.48375701904297,0.4378677308559418
59.154930114746094,-18.48375701904297,0.418938010931015
60.845069885253906,-18.48375701904297,0.3873961269855499
62.53520965576172,-18.48375701904297,0.2969432771205902
64.22534942626953,-18.48375701904297,0.2099708616733551
65.91548919677734,-18.48375701904297,0.16557197272777557
67.60563659667969,-18.48375701904297,0.1028454452753067
69.2957763671875,-18.48375701904297,0.013090833090245724
70.98591613769531,-18.48375701904297,-0.09750645607709885
72.67605590820312,-18.48375701904297,-0.18800227344036102
74.36619567871094,-18.48375701904297,-0.26161542534828186
76.05633544921875,-18.48375701904297,-0.33391475677490234
77.74647521972656,-18.48375701904297,-0.38342049717903137
79.4366226196289,-18.48375701904297,-0.40418529510498047
81.12676239013672,-18.48375701904297,-0.4161390960216522
82.81690216064453,-18.48375701904297,-0.4095025956630707
84.50704193115234,-18.48375701904297,-0.37680599093437195
86.19718170166016,-18.48375701904297,-0.31242629885673523
87.88732147216797,-18.48375701904297,-0.20163917541503906
89.57746124267578,-18.48375701904297,-0.06393992155790329
91.26760864257812,-18.48375701904297,0.0501924529671669
92.95774841308594,-18.48375701904297,0.004557736683636904
94.64788818359375,-18.48375701904297,-0.10857391357421875
96.33802795410156,-18.48375701904297,-0.22100061178207397
98.02816772460938,-18.48375701904297,-0.32255369424819946
99.71830749511719,-18.48375701904297,-0.4151354432106018
101.408447265625,-18.48375701904297,-0.47899773716926575
103.09859466552734,-18.48375701904297,-0.42550989985466003
104.78873443603516,-18.48375701904297,-0.3585126996040344
106.47887420654297,-18.48375701904297,-0.29533126950263977
108.16901397705078,-18.48375701904297,-0.18613897264003754
109.8591537475586,-18.48375701904297,-0.03950265422463417
111.5492935180664,-18.48375701904297,0.09349378198385239
113.23943328857422,-18.48375701904297,0.0914585143327713
114.92958068847656,-18.48375701904297,0.03673216328024864
116.61972045898438,-18.48375701904297,-0.021042823791503906
118.30986022949219,-18.48375701904297,-0.09312629699707031
120.0,-18.48375701904297,-0.1515955626964569
121.69013977050781,-18.48375701904297,-0.39325636625289917
123.38027954101562,-18.48375701904297,-0.7303825616836548
125.07041931152344,-18.48375701904297,-0.3673906922340393
126.76056671142578,-18.48375701904297,-0.18115195631980896
128.45069885253906,-18.48375701904297,-0.13422603905200958
130.14083862304688,-18.48375701904297,-0.03391227871179581
131.8309783935547,-18.48375701904297,-0.0052243550308048725
133.52113342285156,-18.48375701904297,-0.06267185509204865
135.21127319335938,-18.48375701904297,-0.08938687294721603
136.9014129638672,-18.48375701904297,-0.10148683935403824
138.591552734375,-18.48375701904297,-0.08406034857034683
140.2816925048828,-18.48375701904297,-0.04766890034079552
141.97183227539062,-18.48375701904297,0.031863149255514145
143.66197204589844,-18.48375701904297,0.11658916622400284
145.35211181640625,-18.48375701904297,0.24224548041820526
147.04225158691406,-18.48375701904297,-0.28971654176712036
148.73239135742188,-18.48375701904297,-0.15480384230613708
150.4225311279297,-18.48375701904297,-0.03905118256807327
152.1126708984375,-18.48375701904297,0.014160219579935074
153.8028106689453,-18.48375701904297,0.005375607870519161
155.49295043945312,-18.48375701904297,-0.014156723394989967
157.18310546875,-18.48375701904297,0.00039850870962254703
158.8732452392578,-18.48375701904297,0.05668220669031143
160.56338500976562,-18.48375701904297,0.11679356545209885
162.25352478027344,-18.48375701904297,0.19377408921718597
163.94366455078125,-18.48375701904297,0.30101653933525085
165.63380432128906,-18.48375701904297,0.4347829818725586
167.32394409179688,-18.48375701904297,0.45282527804374695
169.0140838623047,-18.48375701904297,0.3492181897163391
170.7042236328125,-18.48375701904297,0.264370858669281
172.3943634033203,-18.48375701904297,0.21608798205852509
174.08450317382812,-18.48375701904297,0.2095235139131546
175.77464294433594,-18.48375701904297,0.23207397758960724
177.46478271484375,-18.48375701904297,0.25249359011650085
179.15492248535156,-18.48375701904297,0.32074418663978577
-179.1469268798828,-20.094221115112305,0.2648073732852936
-177.44076538085938,-20.094221115112305,0.15041059255599976
-175.73460388183594,-20.094221115112305,0.006376711651682854
-174.0284423828125,-20.094221115112305,-0.11148408055305481
-172.32228088378906,-20.094221115112305,-0.15351466834545135
-170.61611938476562,-20.094221115112305,-0.15096645057201385
-168.9099578857422,-20.094221115112305,-0.11545193940401077
-167.20379638671875,-20.094221115112305,-0.021687570959329605
-165.4976348876953,-20.094221115112305,0.1060841903090477
-163.79147338867188,-20.094221115112305,0.16154327988624573
-162.08531188964844,-20.094221115112305,0.06442750245332718
-160.379150390625,-20.094221115112305,-0.16172409057617188
-158.67298889160156,-20.094221115112305,-0.40563639998435974
-156.96682739257812,-20.094221115112305,-0.5656582117080688
-155.2606658935547,-20.094221115112305,-0.6490257382392883
-153.55450439453125,-20.094221115112305,-0.6654631495475769
-151.8483428955078,-20.094221115112305,-0.5840322375297546
-150.14218139648438,-20.094221115112305,-0.46318334341049194
-148.43601989746094,-20.094221115112305,-0.3708464205265045
-146.7298583984375,-20.094221115112305,-0.35097095370292664
-145.02369689941406,-20.094221115112305,-0.3738265335559845
-143.31753540039062,-20.094221115112305,-0.38709786534309387
-141.6113739013672,-20.094221115112305,-0.36170870065689087
-139.90521240234375,-20.094221115112305,-0.3083634674549103
-138.1990509033203,-20.094221115112305,-0.2821425199508667
-136.49288940429688,-20.094221115112305,-0.30977046489715576
-134.78672790527344,-20.094221115112305,-0.3487338423728943
-133.08056640625,-20.094221115112305,-0.3453294634819031
-131.37440490722656,-20.094221115112305,-0.3021535277366638
-129.66824340820312,-20.094221115112305,-0.23634032905101776
-127.96208190917969,-20.094221115112305,-0.17922566831111908
-126.25592041015625,-20.094221115112305,-0.14282767474651337
-124.54976654052734,-20.094221115112305,-0.10742759704589844
-122.8436050415039,-20.094221115112305,-0.0310935340821743
-121.13744354248047,-20.094221115112305,0.12256050109863281
-119.43128204345703,-20.094221115112305,0.32000744342803955
-117.7251205444336,-20.094221115112305,0.5532714128494263
-116.01895904541016,-20.094221115112305,0.7691509127616882
-114.31279754638672,-20.094221115112305,0.9295428991317749
-112.60663604736328,-20.094221115112305,1.0153892040252686
-110.90047454833984,-20.094221115112305,1.0468558073043823
-109.1943130493164,-20.094221115112305,1.074558973312378
-107.48815155029297,-20.094221115112305,1.087678074836731
-105.78199005126953,-20.094221115112305,1.0801974534988403
-104.0758285522461,-20.094221115112305,1.0457793474197388
-102.36966705322266,-20.094221115112305,0.9858769178390503
-100.66350555419922,-20.094221115112305,0.9141634106636047
-98.95734405517578,-20.094221115112305,0.8469382524490356
-97.25118255615234,-20.094221115112305,0.7976381778717041
-95.5450210571289,-20.094221115112305,0.7591797113418579
-93.83885955810547,-20.094221115112305,0.6904557347297668
-92.13269805908203,-20.094221115112305,0.5447570085525513
-90.4265365600586,-20.094221115112305,0.3664126694202423
-88.72038269042969,-20.094221115112305,0.22430114448070526
-87.01422119140625,-20.094221115112305,0.17019519209861755
-85.30805969238281,-20.094221115112305,0.19441096484661102
-83.60189819335938,-20.094221115112305,0.2525513470172882
-81.89573669433594,-20.094221115112305,0.3174109160900116
-80.1895751953125,-20.094221115112305,0.3932548463344574
-78.48341369628906,-20.094221115112305,0.4753449857234955
-76.77725219726562,-20.094221115112305,0.54124516248703
-75.07109069824219,-20.094221115112305,0.5894534587860107
-73.36492919921875,-20.094221115112305,0.6251181960105896
-71.65876770019531,-20.094221115112305,0.6471404433250427
-69.95260620117188,-20.094221115112305,0.26336079835891724
-68.24644470214844,-20.094221115112305,0.5089739561080933
-66.540283203125,-20.094221115112305,0.7580059170722961
-64.83412170410156,-20.094221115112305,0.3631356656551361
-63.127960205078125,-20.094221115112305,-0.12412846833467484
-61.42180252075195,-20.094221115112305,-0.2563772201538086
-59.715641021728516,-20.094221115112305,-0.18275737762451172
-58.00947952270508,-20.094221115112305,-0.05471432954072952
-56.30331802368164,-20.094221115112305,-0.02193756029009819
-54.5971565246582,-20.094221115112305,0.034673310816287994
-52.890995025634766,-20.094221115112305,0.3153981566429138
-51.18483352661133,-20.094221115112305,0.5666798949241638
-49.47867202758789,-20.094221115112305,0.5788624882698059
-47.77251052856445,-20.094221115112305,0.7974239587783813
-46.066349029541016,-20.094221115112305,0.9743828177452087
-44.360191345214844,-20.094221115112305,1.1012436151504517
-42.654029846191406,-20.094221115112305,1.3094767332077026
-40.94786834716797,-20.094221115112305,1.3270198106765747
-39.24170684814453,-20.094221115112305,0.04505310207605362
-37.535545349121094,-20.094221115112305,0.13121280074119568
-35.829383850097656,-20.094221115112305,0.20911858975887299
-34.12322235107422,-20.094221115112305,0.2852168381214142
-32.41706085205078,-20.094221115112305,0.3579879105091095
-30.710901260375977,-20.094221115112305,0.4290098249912262
-29.00473976135254,-20.094221115112305,0.5057963132858276
-27.2985782623291,-20.094221115112305,0.5924729704856873
-25.592416763305664,-20.094221115112305,0.6787653565406799
-23.886255264282227,-20.094221115112305,0.7188400626182556
-22.180095672607422,-20.094221115112305,0.6735084056854248
-20.473934173583984,-20.094221115112305,0.5583735108375549
-18.767772674560547,-20.094221115112305,0.417379766702652
-17.06161117553711,-20.094221115112305,0.26668521761894226
-15.355450630187988,-20.094221115112305,0.12781982123851776
-13.64928913116455,-20.094221115112305,0.05086803436279297
-11.943127632141113,-20.094221115112305,0.08054765313863754
-10.236967086791992,-20.094221115112305,0.17853133380413055
-8.530805587768555,-20.094221115112305,0.3103747069835663
-6.824644565582275,-20.094221115112305,0.4517316222190857
-5.118483543395996,-20.094221115112305,0.568626344203949
-3.4123222827911377,-20.094221115112305,0.6242291927337646
-1.7061611413955688,-20.094221115112305,0.6110213398933411
0.0,-20.094221115112305,0.5560256242752075
1.7061611413955688,-20.094221115112305,0.48452097177505493
3.4123222827911377,-20.094221115112305,0.409309446811676
5.118483543395996,-20.094221115112305,0.3326631486415863
6.824644565582275,-20.094221115112305,0.22834326326847076
8.530805587768555,-20.094221115112305,0.07778052985668182
10.236967086791992,-20.094221115112305,-0.08925240486860275
11.943127632141113,-20.094221115112305,-0.2509646713733673
13.64928913116455,-20.094221115112305,0.6210179924964905
15.355450630187988,-20.094221115112305,0.4790787398815155
17.06161117553711,-20.094221115112305,0.26807376742362976
18.767772674560547,-20.094221115112305,0.25376999378204346
20.473934173583984,-20.094221115112305,0.43318435549736023
22.180095672607422,-20.094221115112305,0.6015845537185669
23.886255264282227,-20.094221115112305,0.7066575884819031
25.592416763305664,-20.094221115112305,0.7736558318138123
27.2985782623291,-20.094221115112305,0.7625431418418884
29.00473976135254,-20.094221115112305,0.5522893667221069
30.710901260375977,-20.094221115112305,0.05741030350327492
32.41706085205078,-20.094221115112305,-0.06907933205366135
34.12322235107422,-20.094221115112305,0.009890619665384293
35.829383850097656,-20.094221115112305,0.3327256441116333
37.535545349121094,-20.094221115112305,0.3628624677658081
39.24170684814453,-20.094221115112305,0.37689316272735596
40.94786834716797,-20.094221115112305,0.3344154953956604
42.654029846191406,-20.094221115112305,0.1973036378622055
44.360191345214844,-20.094221115112305,0.18066133558750153
46.066349029541016,-20.094221115112305,0.22887827455997467
47.77251052856445,-20.094221115112305,0.1854727417230606
49.47867202758789,-20.094221115112305,-0.13546498119831085
51.18483352661133,-20.094221115112305,-0.02434946782886982
52.890995025634766,-20.094221115112305,0.10011374205350876
54.5971565246582,-20.094221115112305,0.22580750286579132
56.30331802368164,-20.094221115112305,0.33193886280059814
58.00947952270508,-20.094221115112305,0.3967823088169098
59.715641021728516,-20.094221115112305,0.3550095856189728
61.42180252075195,-20.094221115112305,0.3071678876876831
63.127960205078125,-20.094221115112305,0.26476192474365234
64.83412170410156,-20.094221115112305,0.23752745985984802
66.540283203125,-20.094221115112305,0.21560777723789215
68.24644470214844,-20.094221115112305,0.1702752411365509
69.95260620117188,-20.094221115112305,0.09354451298713684
71.65876770019531,-20.094221115112305,-0.00153522496111691
73.36492919921875,-20.094221115112305,-0.09101613610982895
75.07109069824219,-20.094221115112305,-0.1848108321428299
76.77725219726562,-20.094221115112305,-0.2584740221500397
78.48341369628906,-20.094221115112305,-0.2900627851486206
80.1895751953125,-20.094221115112305,-0.29490235447883606
81.89573669433594,-20.094221115112305,-0.2942562699317932
83.60189819335938,-20.094221115112305,-0.2831600308418274
85.30805969238281,-20.094221115112305,-0.2536202073097229
87.01422119140625,-20.094221115112305,-0.18104419112205505
88.72038269042969,-20.094221115112305,-0.06539974361658096
90.4265365600586,-20.094221115112305,0.04784596711397171
92.13269805908203,-20.094221115112305,0.07866585999727249
93.83885955810547,-20.094221115112305,-0.00012067158968420699
95.5450210571289,-20.094221115112305,-0.11619891971349716
97.25118255615234,-20.094221115112305,-0.21920235455036163
98.95734405517578,-20.094221115112305,-0.3017703890800476
100.66350555419922,-20.094221115112305,-0.366375595331192
102.36966705322266,-20.094221115112305,-0.40084630250930786
104.0758285522461,-20.094221115112305,-0.4151972532272339
105.78199005126953,-20.094221115112305,-0.4247979521751404
107.48815155029297,-20.094221115112305,-0.38294848799705505
109.1943130493164,-20.094221115112305,-0.2855148911476135
110.90047454833984,-20.094221115112305,-0.1746518462896347
112.60663604736328,-20.094221115112305,-0.13017693161964417
114.31279754638672,-20.094221115112305,-0.1665099412202835
116.01895904541016,-20.094221115112305,-0.23532149195671082
117.7251205444336,-20.094221115112305,-0.3189127743244171
119.43128204345703,-20.094221115112305,-1.1074941158294678
121.13744354248047,-20.094221115112305,-1.4462531805038452
122.8436050415039,-20.094221115112305,-1.183587908744812
124.54976654052734,-20.094221115112305,-0.8623717427253723
126.25592041015625,-20.094221115112305,-0.6113024950027466
127.96208190917969,-20.094221115112305,-0.4919915497303009
129.66824340820312,-20.094221115112305,-0.31489962339401245
131.37440490722656,-20.094221115112305,-0.3713880479335785
133.08056640625,-20.094221115112305,-0.42235267162323
134.78672790527344,-20.094221115112305,-0.3720206618309021
136.49288940429688,-20.094221115112305,-0.2795555889606476
138.1990509033203,-20.094221115112305,-0.3427712619304657
139.90521240234375,-20.094221115112305,-0.19733372330665588
141.6113739013672,-20.094221115112305,-0.04348812252283096
143.31753540039062,-20.094221115112305,0.12062441557645798
145.02369689941406,-20.094221115112305,0.1683720201253891
146.7298583984375,-20.094221115112305,0.10825475305318832
148.43601989746094,-20.094221115112305,0.004360707476735115
150.14218139648438,-20.094221115112305,0.010107739828526974
151.8483428955078,-20.094221115112305,0.058683015406131744
153.55450439453125,-20.094221115112305,0.06975720822811127
155.2606658935547,-20.094221115112305,0.06009788438677788
156.96682739257812,-20.094221115112305,0.055114999413490295
158.67298889160156,-20.094221115112305,0.05887762829661369
160.379150390625,-20.094221115112305,0.07015253603458405
162.08531188964844,-20.094221115112305,0.11160087585449219
163.79147338867188,-20.094221115112305,0.157713383436203
165.4976348876953,-20.094221115112305,0.25684675574302673
167.20379638671875,-20.094221115112305,0.30149751901626587
168.9099578857422,-20.094221115112305,0.3248063921928406
170.61611938476562,-20.094221115112305,0.3248986601829529
172.32228088378906,-20.094221115112305,0.30300673842430115
174.0284423828125,-20.094221115112305,0.27338936924934387
175.73460388183594,-20.094221115112305,0.2739737927913666
177.44076538085938,-20.094221115112305,0.2963193953037262
179.1469268798828,-20.094221115112305,0.3076378405094147
-179.13461303710938,-21.702112197875977,0.20728492736816406
-177.40383911132812,-21.702112197875977,0.07049141079187393
-175.67308044433594,-21.702112197875977,-0.12422631680965424
-173.9423065185547,-21.702112197875977,-0.32903575897216797
-172.21153259277344,-21.702112197875977,-0.30760523676872253
-170.48077392578125,-21.702112197875977,-0.2011737823486328
-168.75,-21.702112197875977,-0.11808224022388458
-167.01922607421875,-21.702112197875977,-0.009152540005743504
-165.28846740722656,-21.702112197875977,0.0937407836318016
-163.5576934814453,-21.702112197875977,0.12428067624568939
-161.82691955566406,-21.702112197875977,-0.00994771346449852
-160.09616088867188,-21.702112197875977,-0.2544029951095581
-158.36538696289062,-21.702112197875977,-0.5205766558647156
-156.63461303710938,-21.702112197875977,-0.6350811123847961
-154.90383911132812,-21.702112197875977,-0.721365213394165
-153.17308044433594,-21.702112197875977,-0.7299033403396606
-151.4423065185547,-21.702112197875977,-0.560052752494812
-149.71153259277344,-21.702112197875977,-0.37763893604278564
-147.98077392578125,-21.702112197875977,-0.29642072319984436
-146.25,-21.702112197875977,-0.385221928358078
-144.51922607421875,-21.702112197875977,-0.4890972077846527
-142.78846740722656,-21.702112197875977,-0.5402966737747192
-141.0576934814453,-21.702112197875977,-0.5226921439170837
-139.32691955566406,-21.702112197875977,-0.4721306562423706
-137.59616088867188,-21.702112197875977,-0.4711647033691406
-135.86538696289062,-21.702112197875977,-0.5237617492675781
-134.13461303710938,-21.702112197875977,-0.5690230131149292
-132.40383911132812,-21.702112197875977,-0.5403879880905151
-130.67308044433594,-21.702112197875977,-0.47360706329345703
-128.9423065185547,-21.702112197875977,-0.4136689007282257
-127.21154022216797,-21.702112197875977,-0.3377816379070282
-125.48076629638672,-21.702112197875977,-0.26833730936050415
-123.75,-21.702112197875977,-0.208187997341156
-122.01923370361328,-21.702112197875977,-0.0711730346083641
-120.28845977783203,-21.702112197875977,0.14181995391845703
-118.55769348144531,-21.702112197875977,0.4043385088443756
-116.82691955566406,-21.702112197875977,0.6371758580207825
-115.09615325927734,-21.702112197875977,0.851389467716217
-113.36538696289062,-21.702112197875977,1.0107730627059937
-111.63461303710938,-21.702112197875977,1.015817403793335
-109.90384674072266,-21.702112197875977,1.0315730571746826
-108.17308044433594,-21.702112197875977,1.0687320232391357
-106.44230651855469,-21.702112197875977,1.0576447248458862
-104.71154022216797,-21.702112197875977,1.0788301229476929
-102.98076629638672,-21.702112197875977,1.068285346031189
-101.25,-21.702112197875977,0.9709268808364868
-99.51923370361328,-21.702112197875977,0.9195395112037659
-97.78845977783203,-21.702112197875977,0.8868299722671509
-96.05769348144531,-21.702112197875977,0.8522976636886597
-94.32691955566406,-21.702112197875977,0.8202322125434875
-92.59615325927734,-21.702112197875977,0.7490257620811462
-90.86538696289062,-21.702112197875977,0.65294349193573
-89.13461303710938,-21.702112197875977,0.5956315398216248
-87.40384674072266,-21.702112197875977,0.46496233344078064
-85.67308044433594,-21.702112197875977,0.3452528119087219
-83.94230651855469,-21.702112197875977,0.33763307332992554
-82.21154022216797,-21.702112197875977,0.3623296618461609
-80.48076629638672,-21.702112197875977,0.3999581038951874
-78.75,-21.702112197875977,0.44316986203193665
-77.01923370361328,-21.702112197875977,0.5328718423843384
-75.28845977783203,-21.702112197875977,0.6061407923698425
-73.55769348144531,-21.702112197875977,0.6546935439109802
-71.82691955566406,-21.702112197875977,0.6853819489479065
-70.09615325927734,-21.702112197875977,0.4414556920528412
-68.36538696289062,-21.702112197875977,0.6827895045280457
-66.63461303710938,-21.702112197875977,0.7036908864974976
-64.90384674072266,-21.702112197875977,0.12110093235969543
-63.17307662963867,-21.702112197875977,-0.24532584846019745
-61.44230651855469,-21.702112197875977,-0.5161095261573792
-59.71154022216797,-21.702112197875977,-0.4812262952327728
-57.980770111083984,-21.702112197875977,-0.23325005173683167
-56.25,-21.702112197875977,-0.1436661332845688
-54.519229888916016,-21.702112197875977,-0.0820372924208641
-52.78845977783203,-21.702112197875977,0.16508038341999054
-51.05769348144531,-21.702112197875977,0.35190269351005554
-49.32692337036133,-21.702112197875977,0.42308202385902405
-47.596153259277344,-21.702112197875977,0.8349387645721436
-45.86538314819336,-21.702112197875977,0.8893486857414246
-44.13461685180664,-21.702112197875977,0.9186063408851624
-42.403846740722656,-21.702112197875977,1.198715329170227
-40.67307662963867,-21.702112197875977,0.19441699981689453
-38.94230651855469,-21.702112197875977,0.11785685271024704
-37.21154022216797,-21.702112197875977,0.1796862930059433
-35.480770111083984,-21.702112197875977,0.22697366774082184
-33.75,-21.702112197875977,0.2791388928890228
-32.019229888916016,-21.702112197875977,0.3182273805141449
-30.288461685180664,-21.702112197875977,0.3557490110397339
-28.55769157409668,-21.702112197875977,0.40101146697998047
-26.826923370361328,-21.702112197875977,0.5541850924491882
-25.096153259277344,-21.702112197875977,0.7058375477790833
-23.365385055541992,-21.702112197875977,0.7944947481155396
-21.634614944458008,-21.702112197875977,0.7100608348846436
-19.903846740722656,-21.702112197875977,0.6059786677360535
-18.173076629638672,-21.702112197875977,0.46239903569221497
-16.44230842590332,-21.702112197875977,0.2142869383096695
-14.711538314819336,-21.702112197875977,-0.05089079588651657
-12.980769157409668,-21.702112197875977,-0.16274070739746094
-11.25,-21.702112197875977,0.012718518264591694
-9.519230842590332,-21.702112197875977,0.17592595517635345
-7.788461685180664,-21.702112197875977,0.31819725036621094
-6.057692527770996,-21.702112197875977,0.4438971281051636
-4.32692289352417,-21.702112197875977,0.5299047231674194
-2.596153736114502,-21.702112197875977,0.5659285187721252
-0.8653846383094788,-21.702112197875977,0.5679913759231567
0.8653846383094788,-21.702112197875977,0.5567928552627563
2.596153736114502,-21.702112197875977,0.5440617203712463
4.32692289352417,-21.702112197875977,0.5312591195106506
6.057692527770996,-21.702112197875977,0.498336523771286
7.788461685180664,-21.702112197875977,0.3370637893676758
9.519230842590332,-21.702112197875977,0.12162978202104568
11.25,-21.702112197875977,-0.08844000846147537
12.980769157409668,-21.702112197875977,-0.28486764430999756
14.711538314819336,-21.702112197875977,0.6015892624855042
16.44230842590332,-21.702112197875977,0.33371448516845703
18.173076629638672,-21.702112197875977,0.2721625566482544
19.903846740722656,-21.702112197875977,0.437418669462204
21.634614944458008,-21.702112197875977,0.6340705752372742
23.365385055541992,-21.702112197875977,0.7947893738746643
25.096153259277344,-21.702112197875977,0.901315450668335
26.826923370361328,-21.702112197875977,0.9165204763412476
28.55769157409668,-21.702112197875977,0.6874979138374329
30.288461685180664,-21.702112197875977,0.3286910355091095
32.019229888916016,-21.702112197875977,0.15001487731933594
33.75,-21.702112197875977,0.1022428497672081
35.480770111083984,-21.702112197875977,0.20455405116081238
37.21154022216797,-21.702112197875977,0.25459569692611694
38.94230651855469,-21.702112197875977,0.32016366720199585
40.67307662963867,-21.702112197875977,0.3490661084651947
42.403846740722656,-21.702112197875977,0.23922640085220337
44.13461685180664,-21.702112197875977,0.3727257549762726
45.86538314819336,-21.702112197875977,0.2446301132440567
47.596153259277344,-21.702112197875977,0.13915112614631653
49.32692337036133,-21.702112197875977,-0.17846514284610748
51.05769348144531,-21.702112197875977,-0.04649092257022858
52.78845977783203,-21.702112197875977,0.07242469489574432
54.519229888916016,-21.702112197875977,0.18049226701259613
56.25,-21.702112197875977,0.27172622084617615
57.980770111083984,-21.702112197875977,0.32074204087257385
59.71154022216797,-21.702112197875977,0.3032831847667694
61.44230651855469,-21.702112197875977,0.25193092226982117
63.17307662963867,-21.702112197875977,0.27876415848731995
64.90384674072266,-21.702112197875977,0.29378801584243774
66.63461303710938,-21.702112197875977,0.2849677503108978
68.36538696289062,-21.702112197875977,0.2754187285900116
70.09615325927734,-21.702112197875977,0.21739928424358368
71.82691955566406,-21.702112197875977,0.14653435349464417
73.55769348144531,-21.702112197875977,0.06381715089082718
75.28845977783203,-21.702112197875977,-0.06072324141860008
77.01923370361328,-21.702112197875977,-0.1523878127336502
78.75,-21.702112197875977,-0.14404837787151337
80.48076629638672,-21.702112197875977,-0.134132519364357
82.21154022216797,-21.702112197875977,-0.13649997115135193
83.94230651855469,-21.702112197875977,-0.1439409852027893
85.67308044433594,-21.702112197875977,-0.13603833317756653
87.40384674072266,-21.702112197875977,-0.05822563171386719
89.13461303710938,-21.702112197875977,0.07161165773868561
90.86538696289062,-21.702112197875977,0.1691693663597107
92.59615325927734,-21.702112197875977,0.13887062668800354
94.32691955566406,-21.702112197875977,0.014101028442382812
96.05769348144531,-21.702112197875977,-0.1004781723022461
97.78845977783203,-21.702112197875977,-0.17165647447109222
99.51923370361328,-21.702112197875977,-0.21770413219928741
101.25,-21.702112197875977,-0.25572407245635986
102.98076629638672,-21.702112197875977,-0.3311367630958557
104.71154022216797,-21.702112197875977,-0.4315430819988251
106.44230651855469,-21.702112197875977,-0.5217114686965942
108.17308044433594,-21.702112197875977,-0.4519883394241333
109.90384674072266,-21.702112197875977,-0.35239627957344055
111.63461303710938,-21.702112197875977,-0.2919589877128601
113.36538696289062,-21.702112197875977,-0.332192987203598
115.09615325927734,-21.702112197875977,-0.5728616714477539
116.82691955566406,-21.702112197875977,-1.2239097356796265
118.55769348144531,-21.702112197875977,-1.7950303554534912
120.28845977783203,-21.702112197875977,-1.7915644645690918
122.01923370361328,-21.702112197875977,-1.778193712234497
123.75,-21.702112197875977,-1.4745573997497559
125.48076629638672,-21.702112197875977,-1.143525242805481
127.21154022216797,-21.702112197875977,-1.0036317110061646
128.9423065185547,-21.702112197875977,-0.8780848383903503
130.67308044433594,-21.702112197875977,-0.8803621530532837
132.40383911132812,-21.702112197875977,-0.8139162659645081
134.13461303710938,-21.702112197875977,-0.5977447628974915
135.86538696289062,-21.702112197875977,-0.3157038986682892
137.59616088867188,-21.702112197875977,-0.2786361575126648
139.32691955566406,-21.702112197875977,-0.2599419951438904
141.0576934814453,-21.702112197875977,-0.1319838911294937
142.78846740722656,-21.702112197875977,0.00587043771520257
144.51922607421875,-21.702112197875977,0.0923701599240303
146.25,-21.702112197875977,-0.024539565667510033
147.98077392578125,-21.702112197875977,-0.0344824455678463
149.71153259277344,-21.702112197875977,0.05001360550522804
151.4423065185547,-21.702112197875977,0.12671159207820892
153.17308044433594,-21.702112197875977,0.14327850937843323
154.90383911132812,-21.702112197875977,0.14398600161075592
156.63461303710938,-21.702112197875977,0.12304795533418655
158.36538696289062,-21.702112197875977,0.08303775638341904
160.09616088867188,-21.702112197875977,0.03262735903263092
161.82691955566406,-21.702112197875977,0.010408464819192886
163.5576934814453,-21.702112197875977,0.06571992486715317
165.28846740722656,-21.702112197875977,-0.03172944486141205
167.01922607421875,-21.702112197875977,0.11246401816606522
168.75,-21.702112197875977,0.25533345341682434
170.48077392578125,-21.702112197875977,0.3416524827480316
172.21153259277344,-21.702112197875977,0.3601891100406647
173.9423065185547,-21.702112197875977,0.31704577803611755
175.67308044433594,-21.702112197875977,0.28778940439224243
177.40383911132812,-21.702112197875977,0.2886093258857727
179.13461303710938,-21.702112197875977,0.2758707106113434
-179.126220703125,-23.308677673339844,0.20369993150234222
-177.37864685058594,-23.308677673339844,0.06800899654626846
-175.63107299804688,-23.308677673339844,-0.12572047114372253
-173.8834991455078,-23.308677673339844,-0.32530707120895386
-172.13592529296875,-23.308677673339844,-0.28749045729637146
-170.3883514404297,-23.308677673339844,-0.16138547658920288
-168.64077758789062,-23.308677673339844,-0.06318194419145584
-166.89320373535156,-23.308677673339844,0.04714406281709671
-165.1456298828125,-23.308677673339844,0.13481292128562927
-163.39805603027344,-23.308677673339844,0.14570757746696472
-161.65048217773438,-23.308677673339844,0.0029137928504496813
-159.9029083251953,-23.308677673339844,-0.228221133351326
-158.15533447265625,-23.308677673339844,-0.45626163482666016
-156.4077606201172,-23.308677673339844,-0.5586351752281189
-154.66018676757812,-23.308677673339844,-0.6400525569915771
-152.91262817382812,-23.308677673339844,-0.611954391002655
-151.16505432128906,-23.308677673339844,-0.4249778091907501
-149.41748046875,-23.308677673339844,-0.26482492685317993
-147.66990661621094,-23.308677673339844,-0.2677018344402313
-145.92233276367188,-23.308677673339844,-0.4356226623058319
-144.1747589111328,-23.308677673339844,-0.606663167476654
-142.42718505859375,-23.308677673339844,-0.6892778873443604
-140.6796112060547,-23.308677673339844,-0.6769819855690002
-138.93203735351562,-23.308677673339844,-0.6307016015052795
-137.18446350097656,-23.308677673339844,-0.641362726688385
-135.4368896484375,-23.308677673339844,-0.6833436489105225
-133.68931579589844,-23.308677673339844,-0.7047363519668579
-131.94174194335938,-23.308677673339844,-0.6417821645736694
-130.1941680908203,-23.308677673339844,-0.5593551993370056
-128.4466094970703,-23.308677673339844,-0.49046191573143005
-126.69902801513672,-23.308677673339844,-0.39971694350242615
-124.95145416259766,-23.308677673339844,-0.32804057002067566
-123.2038803100586,-23.308677673339844,-0.2532244920730591
-121.45631408691406,-23.308677673339844,-0.10734347999095917
-119.708740234375,-23.308677673339844,0.10245399177074432
-117.96116638183594,-23.308677673339844,0.3501465618610382
-116.21359252929688,-23.308677673339844,0.5739295482635498
-114.46601867675781,-23.308677673339844,0.7935935854911804
-112.71844482421875,-23.308677673339844,0.8975667357444763
-110.97087097167969,-23.308677673339844,0.885336697101593
-109.22330474853516,-23.308677673339844,0.9054133892059326
-107.4757308959961,-23.308677673339844,0.9100769758224487
-105.72815704345703,-23.308677673339844,0.9245800375938416
-103.98058319091797,-23.308677673339844,0.9867231845855713
-102.2330093383789,-23.308677673339844,0.9534326791763306
-100.48543548583984,-23.308677673339844,0.9102543592453003
-98.73786163330078,-23.308677673339844,0.9237816333770752
-96.99028778076172,-23.308677673339844,0.9294925332069397
-95.24272155761719,-23.308677673339844,0.9277064204216003
-93.49514770507812,-23.308677673339844,0.9077510237693787
-91.74757385253906,-23.308677673339844,0.8402875065803528
-90.0,-23.308677673339844,0.7797860503196716
-88.25242614746094,-23.308677673339844,0.6984170079231262
-86.50485229492188,-23.308677673339844,0.4987224042415619
-84.75727844238281,-23.308677673339844,0.3909125030040741
-83.00971221923828,-23.308677673339844,0.3837219774723053
-81.26213836669922,-23.308677673339844,0.41205719113349915
-79.51456451416016,-23.308677673339844,0.4678932726383209
-77.7669906616211,-23.308677673339844,0.5533503293991089
-76.01941680908203,-23.308677673339844,0.6571204662322998
-74.27184295654297,-23.308677673339844,0.719109058380127
-72.5242691040039,-23.308677673339844,0.7454707622528076
-70.77669525146484,-23.308677673339844,0.632440984249115
-69.02912902832031,-23.308677673339844,0.6270502805709839
-67.28155517578125,-23.308677673339844,0.7528284788131714
-65.53398132324219,-23.308677673339844,0.358561635017395
-63.786407470703125,-23.308677673339844,-0.029207801446318626
-62.03883361816406,-23.308677673339844,-0.3472836911678314
-60.291263580322266,-23.308677673339844,-0.5933524370193481
-58.5436897277832,-23.308677673339844,-0.5128358006477356
-56.79611587524414,-23.308677673339844,-0.3184099793434143
-55.04854202270508,-23.308677673339844,-0.2946641147136688
-53.30097198486328,-23.308677673339844,-0.30470383167266846
-51.55339813232422,-23.308677673339844,-0.22524413466453552
-49.805824279785156,-23.308677673339844,-0.03353799134492874
-48.05825424194336,-23.308677673339844,0.35080769658088684
-46.3106803894043,-23.308677673339844,0.6285688281059265
-44.563106536865234,-23.308677673339844,0.08974609524011612
-42.81553268432617,-23.308677673339844,0.02311026304960251
-41.067962646484375,-23.308677673339844,0.020737838000059128
-39.32038879394531,-23.308677673339844,0.1136675551533699
-37.57281494140625,-23.308677673339844,0.17115472257137299
-35.82524108886719,-23.308677673339844,0.19792023301124573
-34.07767105102539,-23.308677673339844,0.22894343733787537
-32.33009719848633,-23.308677673339844,0.2605428695678711
-30.582523345947266,-23.308677673339844,0.29296818375587463
-28.834951400756836,-23.308677673339844,0.3234448730945587
-27.087379455566406,-23.308677673339844,0.4551514983177185
-25.339805603027344,-23.308677673339844,0.6178066730499268
-23.592233657836914,-23.308677673339844,0.7350127100944519
-21.84465980529785,-23.308677673339844,0.6891220808029175
-20.097087860107422,-23.308677673339844,0.6133521795272827
-18.34951400756836,-23.308677673339844,0.5039865970611572
-16.60194206237793,-23.308677673339844,0.2695873975753784
-14.854369163513184,-23.308677673339844,0.0029685974586755037
-13.106796264648438,-23.308677673339844,-0.1431688368320465
-11.359223365783691,-23.308677673339844,0.016423098742961884
-9.611650466918945,-23.308677673339844,0.1658800095319748
-7.864077568054199,-23.308677673339844,0.2823640704154968
-6.116504669189453,-23.308677673339844,0.37817102670669556
-4.368932247161865,-23.308677673339844,0.4506654143333435
-2.62135910987854,-23.308677673339844,0.5024490356445312
-0.8737863898277283,-23.308677673339844,0.5456088781356812
0.8737863898277283,-23.308677673339844,0.5841080546379089
2.62135910987854,-23.308677673339844,0.6158677339553833
4.368932247161865,-23.308677673339844,0.6289435625076294
6.116504669189453,-23.308677673339844,0.6072056889533997
7.864077568054199,-23.308677673339844,0.442390114068985
9.611650466918945,-23.308677673339844,0.2078392654657364
11.359223365783691,-23.308677673339844,-0.036238767206668854
13.106796264648438,-23.308677673339844,-0.2775910496711731
14.854369163513184,-23.308677673339844,0.5392065048217773
16.60194206237793,-23.308677673339844,0.4057096838951111
18.34951400756836,-23.308677673339844,0.3992297351360321
20.097087860107422,-23.308677673339844,0.6175098419189453
21.84465980529785,-23.308677673339844,0.8280746340751648
23.592233657836914,-23.308677673339844,0.9587457776069641
25.339805603027344,-23.308677673339844,1.0261621475219727
27.087379455566406,-23.308677673339844,0.9392697811126709
28.834951400756836,-23.308677673339844,0.7739521265029907
30.582523345947266,-23.308677673339844,0.4900256395339966
32.33009719848633,-23.308677673339844,0.37070968747138977
34.07767105102539,-23.308677673339844,0.25507113337516785
35.82524108886719,-23.308677673339844,0.2221454679965973
37.57281494140625,-23.308677673339844,0.23583482205867767
39.32038879394531,-23.308677673339844,0.29244938492774963
41.067962646484375,-23.308677673339844,0.31990846991539
42.81553268432617,-23.308677673339844,0.18408769369125366
44.563106536865234,-23.308677673339844,0.43964940309524536
46.3106803894043,-23.308677673339844,0.1968204528093338
48.05825424194336,-23.308677673339844,-0.1850234419107437
49.805824279785156,-23.308677673339844,-0.13706067204475403
51.55339813232422,-23.308677673339844,-0.017531966790556908
53.30097198486328,-23.308677673339844,0.08186448365449905
55.04854202270508,-23.308677673339844,0.17116381227970123
56.79611587524414,-23.308677673339844,0.2533494830131531
58.5436897277832,-23.308677673339844,0.3047461211681366
60.291263580322266,-23.308677673339844,0.30750179290771484
62.03883361816406,-23.308677673339844,0.31825968623161316
63.786407470703125,-23.308677673339844,0.38556861877441406
65.53398132324219,-23.308677673339844,0.4145469665527344
67.28155517578125,-23.308677673339844,0.4240601360797882
69.02912902832031,-23.308677673339844,0.4189135730266571
70.77669525146484,-23.308677673339844,0.37523823976516724
72.5242691040039,-23.308677673339844,0.3211272060871124
74.27184295654297,-23.308677673339844,0.23107261955738068
76.01941680908203,-23.308677673339844,0.11224880069494247
77.7669906616211,-23.308677673339844,0.0787682831287384
79.51456451416016,-23.308677673339844,0.08310254663228989
81.26213836669922,-23.308677673339844,0.07206510007381439
83.00971221923828,-23.308677673339844,0.05147024616599083
84.75727844238281,-23.308677673339844,0.03970883786678314
86.50485229492188,-23.308677673339844,0.05918083339929581
88.25242614746094,-23.308677673339844,0.1506895124912262
90.0,-23.308677673339844,0.22746697068214417
91.74757385253906,-23.308677673339844,0.23503081500530243
93.49514770507812,-23.308677673339844,0.11249713599681854
95.24272155761719,-23.308677673339844,-0.018726348876953125
96.99028778076172,-23.308677673339844,-0.09527835994958878
98.73786163330078,-23.308677673339844,-0.11686490476131439
100.48543548583984,-23.308677673339844,-0.1145709976553917
102.2330093383789,-23.308677673339844,-0.1540568619966507
103.98058319091797,-23.308677673339844,-0.26540037989616394
105.72815704345703,-23.308677673339844,-0.4101986587047577
107.4757308959961,-23.308677673339844,-0.4558919370174408
109.22330474853516,-23.308677673339844,-0.4060635268688202
110.97087097167969,-23.308677673339844,-0.37204188108444214
112.71844482421875,-23.308677673339844,-0.4142700731754303
114.46601867675781,-23.308677673339844,-0.894008994102478
116.21359252929688,-23.308677673339844,-1.322506308555603
117.96116638183594,-23.308677673339844,-1.781914472579956
119.708740234375,-23.308677673339844,-2.1061699390411377
121.45631408691406,-23.308677673339844,-1.9966329336166382
123.2038803100586,-23.308677673339844,-1.7984802722930908
124.95145416259766,-23.308677673339844,-1.5541599988937378
126.69902801513672,-23.308677673339844,-1.4129245281219482
128.4466094970703,-23.308677673339844,-1.3236671686172485
130.1941680908203,-23.308677673339844,-1.26033353805542
131.94174194335938,-23.308677673339844,-1.0998233556747437
133.68931579589844,-23.308677673339844,-0.7073966264724731
135.4368896484375,-23.308677673339844,-0.3691241145133972
137.18446350097656,-23.308677673339844,-0.23842671513557434
138.93203735351562,-23.308677673339844,-0.24936524033546448
140.6796112060547,-23.308677673339844,-0.19383615255355835
142.42718505859375,-23.308677673339844,-0.0831666961312294
144.1747589111328,-23.308677673339844,0.00893478374928236
145.92233276367188,-23.308677673339844,-0.16675300896167755
147.66990661621094,-23.308677673339844,-0.19848428666591644
149.41748046875,-23.308677673339844,-0.24812451004981995
151.16505432128906,-23.308677673339844,0.0414506271481514
152.91262817382812,-23.308677673339844,0.1840013563632965
154.66018676757812,-23.308677673339844,0.20494410395622253
156.4077606201172,-23.308677673339844,0.1994239240884781
158.15533447265625,-23.308677673339844,0.14096374809741974
159.9029083251953,-23.308677673339844,0.048864807933568954
161.65048217773438,-23.308677673339844,-0.023641712963581085
163.39805603027344,-23.308677673339844,0.007139523979276419
165.1456298828125,-23.308677673339844,0.03963947296142578
166.89320373535156,-23.308677673339844,0.08071168512105942
168.64077758789062,-23.308677673339844,0.19971045851707458
170.3883514404297,-23.308677673339844,0.3006148636341095
172.13592529296875,-23.308677673339844,0.34300917387008667
173.8834991455078,-23.308677673339844,0.32691535353660583
175.63107299804688,-23.308677673339844,0.30983486771583557
177.37864685058594,-23.308677673339844,0.3015756607055664
179.126220703125,-23.308677673339844,0.27710965275764465
-179.11329650878906,-24.915111541748047,0.24562111496925354
-177.33990478515625,-24.915111541748047,0.1258675903081894
-175.56649780273438,-24.915111541748047,-0.014618110843002796
-173.79310607910156,-24.915111541748047,-0.10981471091508865
-172.0196990966797,-24.915111541748047,-0.10620982199907303
-170.24630737304688,-24.915111541748047,-0.027855491265654564
-168.472900390625,-24.915111541748047,0.06482143700122833
-166.6995086669922,-24.915111541748047,0.1515495926141739
-164.9261016845703,-24.915111541748047,0.2137306183576584
-163.1527099609375,-24.915111541748047,0.2052343338727951
-161.37930297851562,-24.915111541748047,0.0854680985212326
-159.6059112548828,-24.915111541748047,-0.0841124877333641
-157.83251953125,-24.915111541748047,-0.2417515367269516
-156.05911254882812,-24.915111541748047,-0.35329926013946533
-154.2857208251953,-24.915111541748047,-0.39701220393180847
-152.51231384277344,-24.915111541748047,-0.3392328917980194
-150.73892211914062,-24.915111541748047,-0.21837158501148224
-148.96551513671875,-24.915111541748047,-0.1586351990699768
-147.19212341308594,-24.915111541748047,-0.2918619215488434
-145.41871643066406,-24.915111541748047,-0.5563895106315613
-143.64532470703125,-24.915111541748047,-0.7807675004005432
-141.87191772460938,-24.915111541748047,-0.854790985584259
-140.09852600097656,-24.915111541748047,-0.8117828965187073
-138.3251190185547,-24.915111541748047,-0.7672425508499146
-136.55172729492188,-24.915111541748047,-0.7580853700637817
-134.7783203125,-24.915111541748047,-0.7592271566390991
-133.0049285888672,-24.915111541748047,-0.7209779620170593
-131.2315216064453,-24.915111541748047,-0.6333144307136536
-129.4581298828125,-24.915111541748047,-0.5375489592552185
-127.68473052978516,-24.915111541748047,-0.45024141669273376
-125.91133117675781,-24.915111541748047,-0.3695257902145386
-124.13793182373047,-24.915111541748047,-0.30315977334976196
-122.36453247070312,-24.915111541748047,-0.23026205599308014
-120.59113311767578,-24.915111541748047,-0.1277497559785843
-118.81773376464844,-24.915111541748047,0.023621177300810814
-117.0443344116211,-24.915111541748047,0.23589788377285004
-115.27093505859375,-24.915111541748047,0.458648681640625
-113.4975357055664,-24.915111541748047,0.6117199063301086
-111.72413635253906,-24.915111541748047,0.6559868454933167
-109.95073699951172,-24.915111541748047,0.6467911601066589
-108.17733764648438,-24.915111541748047,0.6486238241195679
-106.40393829345703,-24.915111541748047,0.674399197101593
-104.63053894042969,-24.915111541748047,0.7241571545600891
-102.85713958740234,-24.915111541748047,0.7672864198684692
-101.083740234375,-24.915111541748047,0.8139076828956604
-99.31034851074219,-24.915111541748047,0.880395770072937
-97.53694915771484,-24.915111541748047,0.9440709948539734
-95.7635498046875,-24.915111541748047,0.9836114048957825
-93.99015045166016,-24.915111541748047,0.9876622557640076
-92.21675109863281,-24.915111541748047,0.9391559362411499
-90.44335174560547,-24.915111541748047,0.8537409901618958
-88.66995239257812,-24.915111541748047,0.7244645357131958
-86.89655303955078,-24.915111541748047,0.5359165072441101
-85.12315368652344,-24.915111541748047,0.36186954379081726
-83.3497543334961,-24.915111541748047,0.3105572462081909
-81.57635498046875,-24.915111541748047,0.40594348311424255
-79.8029556274414,-24.915111541748047,0.5595649480819702
-78.02955627441406,-24.915111541748047,0.6969965696334839
-76.25615692138672,-24.915111541748047,0.7972404360771179
-74.48275756835938,-24.915111541748047,0.8521482348442078
-72.70935821533203,-24.915111541748047,0.8597496747970581
-70.93595886230469,-24.915111541748047,0.776794970035553
-69.16255950927734,-24.915111541748047,0.5041161775588989
-67.38916015625,-24.915111541748047,0.5872736573219299
-65.61576080322266,-24.915111541748047,0.3269684910774231
-63.84236526489258,-24.915111541748047,0.0018561681499704719
-62.068965911865234,-24.915111541748047,-0.35113009810447693
-60.29556655883789,-24.915111541748047,-0.705302357673645
-58.52216720581055,-24.915111541748047,-0.9343948364257812
-56.7487678527832,-24.915111541748047,-0.9840357303619385
-54.97536849975586,-24.915111541748047,-1.108742356300354
-53.201969146728516,-24.915111541748047,-0.9556295275688171
-51.42856979370117,-24.915111541748047,-0.8451859354972839
-49.655174255371094,-24.915111541748047,-0.5631572008132935
-47.88177490234375,-24.915111541748047,-0.3150830566883087
-46.108375549316406,-24.915111541748047,-0.396432489156723
-44.33497619628906,-24.915111541748047,-0.3004412353038788
-42.56157684326172,-24.915111541748047,-0.16919644176959991
-40.788177490234375,-24.915111541748047,-0.027926508337259293
-39.01477813720703,-24.915111541748047,0.0893564224243164
-37.24137878417969,-24.915111541748047,0.1480761170387268
-35.467979431152344,-24.915111541748047,0.16434834897518158
-33.694580078125,-24.915111541748047,0.17847874760627747
-31.92118263244629,-24.915111541748047,0.21899209916591644
-30.147783279418945,-24.915111541748047,0.28008002042770386
-28.3743839263916,-24.915111541748047,0.3524172604084015
-26.600984573364258,-24.915111541748047,0.4338635802268982
-24.827587127685547,-24.915111541748047,0.502720832824707
-23.054187774658203,-24.915111541748047,0.5414806604385376
-21.28078842163086,-24.915111541748047,0.5496758222579956
-19.507389068603516,-24.915111541748047,0.5229946970939636
-17.733989715576172,-24.915111541748047,0.4329671859741211
-15.960591316223145,-24.915111541748047,0.2845917344093323
-14.1871919631958,-24.915111541748047,0.15816402435302734
-12.413793563842773,-24.915111541748047,0.12374528497457504
-10.64039421081543,-24.915111541748047,0.16748294234275818
-8.866994857788086,-24.915111541748047,0.22816677391529083
-7.0935959815979,-24.915111541748047,0.28918972611427307
-5.320197105407715,-24.915111541748047,0.3455643951892853
-3.54679799079895,-24.915111541748047,0.40400657057762146
-1.773398995399475,-24.915111541748047,0.4851381182670593
0.0,-24.915111541748047,0.5749686360359192
1.773398995399475,-24.915111541748047,0.6431381702423096
3.54679799079895,-24.915111541748047,0.667344331741333
5.320197105407715,-24.915111541748047,0.6485430598258972
7.0935959815979,-24.915111541748047,0.5585299730300903
8.866994857788086,-24.915111541748047,0.3762260377407074
10.64039421081543,-24.915111541748047,0.12777277827262878
12.413793563842773,-24.915111541748047,-0.1623629629611969
14.1871919631958,-24.915111541748047,-0.44255176186561584
15.960591316223145,-24.915111541748047,0.5635541081428528
17.733989715576172,-24.915111541748047,0.5271891951560974
19.507389068603516,-24.915111541748047,0.6949911117553711
21.28078842163086,-24.915111541748047,0.9235015511512756
23.054187774658203,-24.915111541748047,1.0603113174438477
24.827587127685547,-24.915111541748047,1.124337077140808
26.600984573364258,-24.915111541748047,0.9896838068962097
28.3743839263916,-24.915111541748047,0.9259944558143616
30.147783279418945,-24.915111541748047,0.7510237097740173
31.92118263244629,-24.915111541748047,0.585706353187561
33.694580078125,-24.915111541748047,0.46917927265167236
35.467979431152344,-24.915111541748047,0.3145633041858673
37.24137878417969,-24.915111541748047,0.27161139249801636
39.01477813720703,-24.915111541748047,0.2785155475139618
40.788177490234375,-24.915111541748047,0.27206167578697205
42.56157684326172,-24.915111541748047,0.1965394914150238
44.33497619628906,-24.915111541748047,0.27733784914016724
46.108375549316406,-24.915111541748047,0.10898049920797348
47.88177490234375,-24.915111541748047,-0.12579263746738434
49.655174255371094,-24.915111541748047,-0.09886099398136139
51.42856979370117,-24.915111541748047,-0.02469463273882866
53.201969146728516,-24.915111541748047,0.06206728518009186
54.97536849975586,-24.915111541748047,0.14056287705898285
56.7487678527832,-24.915111541748047,0.22610728442668915
58.52216720581055,-24.915111541748047,0.3176986575126648
60.29556655883789,-24.915111541748047,0.39306291937828064
62.068965911865234,-24.915111541748047,0.4590531587600708
63.84236526489258,-24.915111541748047,0.535676121711731
65.61576080322266,-24.915111541748047,0.6010048389434814
67.38916015625,-24.915111541748047,0.6221564412117004
69.16255950927734,-24.915111541748047,0.6137087941169739
70.93595886230469,-24.915111541748047,0.5940091013908386
72.70935821533203,-24.915111541748047,0.5626344680786133
74.48275756835938,-24.915111541748047,0.5042048096656799
76.25615692138672,-24.915111541748047,0.43821170926094055
78.02955627441406,-24.915111541748047,0.3795607388019562
79.8029556274414,-24.915111541748047,0.3365718126296997
81.57635498046875,-24.915111541748047,0.3000794053077698
83.3497543334961,-24.915111541748047,0.26966291666030884
85.12315368652344,-24.915111541748047,0.2651708722114563
86.89655303955078,-24.915111541748047,0.28672319650650024
88.66995239257812,-24.915111541748047,0.3037198483943939
90.44335174560547,-24.915111541748047,0.2972661852836609
92.21675109863281,-24.915111541748047,0.2257794737815857
93.99015045166016,-24.915111541748047,0.08268140256404877
95.7635498046875,-24.915111541748047,-0.04395059123635292
97.53694915771484,-24.915111541748047,-0.08174813538789749
99.31034851074219,-24.915111541748047,-0.03015117719769478
101.083740234375,-24.915111541748047,0.021100934594869614
102.85713958740234,-24.915111541748047,-0.012598800472915173
104.63053894042969,-24.915111541748047,-0.1120096817612648
106.40393829345703,-24.915111541748047,-0.2196224182844162
108.17733764648438,-24.915111541748047,-0.29615873098373413
109.95073699951172,-24.915111541748047,-0.35223034024238586
111.72413635253906,-24.915111541748047,-0.414469450712204
113.4975357055664,-24.915111541748047,-0.6156073808670044
115.27093505859375,-24.915111541748047,-1.3094820976257324
117.0443344116211,-24.915111541748047,-1.7768971920013428
118.81773376464844,-24.915111541748047,-2.124378204345703
120.59113311767578,-24.915111541748047,-2.190788745880127
122.36453247070312,-24.915111541748047,-2.00992751121521
124.13793182373047,-24.915111541748047,-1.8256770372390747
125.91133117675781,-24.915111541748047,-1.6572209596633911
127.68473052978516,-24.915111541748047,-1.5979676246643066
129.4581298828125,-24.915111541748047,-1.55765962600708
131.2315216064453,-24.915111541748047,-1.4423030614852905
133.0049285888672,-24.915111541748047,-1.0941648483276367
134.7783203125,-24.915111541748047,-0.7110076546669006
136.55172729492188,-24.915111541748047,-0.47456711530685425
138.3251190185547,-24.915111541748047,-0.32431337237358093
140.09852600097656,-24.915111541748047,-0.2600476145744324
141.87191772460938,-24.915111541748047,-0.20192855596542358
143.64532470703125,-24.915111541748047,-0.19779881834983826
145.41871643066406,-24.915111541748047,-0.30345818400382996
147.19212341308594,-24.915111541748047,-0.3921963572502136
148.96551513671875,-24.915111541748047,-0.4575810432434082
150.73892211914062,-24.915111541748047,-0.6068326830863953
152.51231384277344,-24.915111541748047,-0.12980696558952332
154.2857208251953,-24.915111541748047,0.24109764397144318
156.05911254882812,-24.915111541748047,0.2763397991657257
157.83251953125,-24.915111541748047,0.22011330723762512
159.6059112548828,-24.915111541748047,0.09811286628246307
161.37930297851562,-24.915111541748047,0.005378786940127611
163.1527099609375,-24.915111541748047,0.00023733775014989078
164.9261016845703,-24.915111541748047,0.037012990564107895
166.6995086669922,-24.915111541748047,0.08707103878259659
168.472900390625,-24.915111541748047,0.1501157134771347
170.24630737304688,-24.915111541748047,0.21740302443504333
172.0196990966797,-24.915111541748047,0.2694830000400543
173.79310607910156,-24.915111541748047,0.30830904841423035
175.56649780273438,-24.915111541748047,0.339320570230484
177.33990478515625,-24.915111541748047,0.35066527128219604
179.11329650878906,-24.915111541748047,0.3223152160644531
-179.10447692871094,-26.522748947143555,0.3262716829776764
-177.3134307861328,-26.522748947143555,0.21419157087802887
-175.5223846435547,-26.522748947143555,0.105622798204422
-173.73133850097656,-26.522748947143555,0.061771903187036514
-171.94029235839844,-26.522748947143555,0.05634511262178421
-170.1492462158203,-26.522748947143555,0.10686372220516205
-168.35821533203125,-26.522748947143555,0.18512947857379913
-166.56716918945312,-26.522748947143555,0.24640579521656036
-164.776123046875,-26.522748947143555,0.3101741075515747
-162.98507690429688,-26.522748947143555,0.3150947690010071
-161.19403076171875,-26.522748947143555,0.20593275129795074
-159.40298461914062,-26.522748947143555,0.09257800132036209
-157.6119384765625,-26.522748947143555,-0.027877744287252426
-155.82089233398438,-26.522748947143555,-0.13811835646629333
-154.02984619140625,-26.522748947143555,-0.16946551203727722
-152.23880004882812,-26.522748947143555,-0.1351477950811386
-150.44775390625,-26.522748947143555,-0.04208609089255333
-148.65672302246094,-26.522748947143555,0.00834528636187315
-146.8656768798828,-26.522748947143555,-0.31631919741630554
-145.0746307373047,-26.522748947143555,-0.754993200302124
-143.28358459472656,-26.522748947143555,-1.0537687540054321
-141.49253845214844,-26.522748947143555,-1.020301103591919
-139.7014923095703,-26.522748947143555,-0.9031528234481812
-137.9104461669922,-26.522748947143555,-0.8242688775062561
-136.11940002441406,-26.522748947143555,-0.7978197932243347
-134.32835388183594,-26.522748947143555,-0.7686566114425659
-132.5373077392578,-26.522748947143555,-0.6928027272224426
-130.7462615966797,-26.522748947143555,-0.579742968082428
-128.95523071289062,-26.522748947143555,-0.475918710231781
-127.16417694091797,-26.522748947143555,-0.3861413300037384
-125.37313079833984,-26.522748947143555,-0.30459174513816833
-123.58209228515625,-26.522748947143555,-0.2494269758462906
-121.79104614257812,-26.522748947143555,-0.22826531529426575
-120.0,-26.522748947143555,-0.2066645324230194
-118.20895385742188,-26.522748947143555,-0.12927773594856262
-116.41790771484375,-26.522748947143555,0.08531487733125687
-114.62686920166016,-26.522748947143555,0.27912935614585876
-112.83582305908203,-26.522748947143555,0.38940486311912537
-111.0447769165039,-26.522748947143555,0.4127782881259918
-109.25373077392578,-26.522748947143555,0.37595412135124207
-107.46268463134766,-26.522748947143555,0.39821216464042664
-105.67163848876953,-26.522748947143555,0.46252384781837463
-103.88059997558594,-26.522748947143555,0.4998517334461212
-102.08955383300781,-26.522748947143555,0.6204516887664795
-100.29850769042969,-26.522748947143555,0.7632521390914917
-98.50746154785156,-26.522748947143555,0.8812629580497742
-96.71641540527344,-26.522748947143555,0.9701727032661438
-94.92537689208984,-26.522748947143555,1.0320526361465454
-93.13433074951172,-26.522748947143555,1.0352574586868286
-91.3432846069336,-26.522748947143555,0.9323009252548218
-89.55223846435547,-26.522748947143555,0.7927427887916565
-87.76119232177734,-26.522748947143555,0.6050387620925903
-85.97014617919922,-26.522748947143555,0.37032631039619446
-84.17910766601562,-26.522748947143555,0.1650761216878891
-82.3880615234375,-26.522748947143555,0.262929230928421
-80.59701538085938,-26.522748947143555,0.5635933876037598
-78.80596923828125,-26.522748947143555,0.8303759694099426
-77.01492309570312,-26.522748947143555,0.9585913419723511
-75.223876953125,-26.522748947143555,1.0096665620803833
-73.4328384399414,-26.522748947143555,1.0164223909378052
-71.64179229736328,-26.522748947143555,0.9728090763092041
-69.85074615478516,-26.522748947143555,0.42769119143486023
-68.05970001220703,-26.522748947143555,0.604010283946991
-66.2686538696289,-26.522748947143555,0.5769307017326355
-64.47761535644531,-26.522748947143555,0.28913652896881104
-62.68656539916992,-26.522748947143555,-0.23652444779872894
-60.89552307128906,-26.522748947143555,-0.7211074233055115
-59.10447692871094,-26.522748947143555,-1.2931406497955322
-57.31343460083008,-26.522748947143555,-1.5831360816955566
-55.52238845825195,-26.522748947143555,-1.691117286682129
-53.73134231567383,-26.522748947143555,-1.6270610094070435
-51.94029998779297,-26.522748947143555,-1.3818788528442383
-50.149253845214844,-26.522748947143555,-1.1696293354034424
-48.35820770263672,-26.522748947143555,-0.49464309215545654
-46.56716537475586,-26.522748947143555,-0.41328784823417664
-44.776119232177734,-26.522748947143555,-0.4174632430076599
-42.98507308959961,-26.522748947143555,-0.34285232424736023
-41.19403076171875,-26.522748947143555,-0.14266134798526764
-39.402984619140625,-26.522748947143555,0.022543588653206825
-37.6119384765625,-26.522748947143555,0.11308091133832932
-35.82089614868164,-26.522748947143555,0.13145121932029724
-34.029850006103516,-26.522748947143555,0.10963033139705658
-32.238807678222656,-26.522748947143555,0.14817021787166595
-30.44776153564453,-26.522748947143555,0.23970483243465424
-28.65671730041504,-26.522748947143555,0.333146870136261
-26.865671157836914,-26.522748947143555,0.36853542923927307
-25.074626922607422,-26.522748947143555,0.36682021617889404
-23.28358268737793,-26.522748947143555,0.3655056655406952
-21.492536544799805,-26.522748947143555,0.43842965364456177
-19.701492309570312,-26.522748947143555,0.49611568450927734
-17.91044807434082,-26.522748947143555,0.4940279722213745
-16.119403839111328,-26.522748947143555,0.4229164719581604
-14.32835865020752,-26.522748947143555,0.37442225217819214
-12.537313461303711,-26.522748947143555,0.3228248655796051
-10.746268272399902,-26.522748947143555,0.2667478621006012
-8.95522403717041,-26.522748947143555,0.2338211089372635
-7.16417932510376,-26.522748947143555,0.25649139285087585
-5.373134136199951,-26.522748947143555,0.2890450656414032
-3.58208966255188,-26.522748947143555,0.3223118484020233
-1.79104483127594,-26.522748947143555,0.4505664110183716
0.0,-26.522748947143555,0.5834894180297852
1.79104483127594,-26.522748947143555,0.6720940470695496
3.58208966255188,-26.522748947143555,0.6830861568450928
5.373134136199951,-26.522748947143555,0.664983868598938
7.16417932510376,-26.522748947143555,0.595953643321991
8.95522403717041,-26.522748947143555,0.4406067430973053
10.746268272399902,-26.522748947143555,0.19518795609474182
12.537313461303711,-26.522748947143555,-0.12105614691972733
14.32835865020752,-26.522748947143555,-0.4829922318458557
16.119403839111328,-26.522748947143555,0.6630064845085144
17.91044807434082,-26.522748947143555,0.5871262550354004
19.701492309570312,-26.522748947143555,0.7560576796531677
21.492536544799805,-26.522748947143555,0.998751163482666
23.28358268737793,-26.522748947143555,1.1348248720169067
25.074626922607422,-26.522748947143555,1.112343430519104
26.865671157836914,-26.522748947143555,1.186094045639038
28.65671730041504,-26.522748947143555,1.0416595935821533
30.44776153564453,-26.522748947143555,0.7462403774261475
32.238807678222656,-26.522748947143555,0.6793481111526489
34.029850006103516,-26.522748947143555,0.4751960039138794
35.82089614868164,-26.522748947143555,0.362996369600296
37.6119384765625,-26.522748947143555,0.3219594359397888
39.402984619140625,-26.522748947143555,0.31379374861717224
41.19403076171875,-26.522748947143555,0.2723928391933441
42.98507308959961,-26.522748947143555,0.21534302830696106
44.776119232177734,-26.522748947143555,0.1332167237997055
46.56716537475586,-26.522748947143555,0.052653566002845764
48.35820770263672,-26.522748947143555,0.0029910404700785875
50.149253845214844,-26.522748947143555,-0.007997258566319942
51.94029998779297,-26.522748947143555,0.02810192108154297
53.73134231567383,-26.522748947143555,0.09584096074104309
55.52238845825195,-26.522748947143555,0.1555330902338028
57.31343460083008,-26.522748947143555,0.25021952390670776
59.10447692871094,-26.522748947143555,0.38386884331703186
60.89552307128906,-26.522748947143555,0.49667346477508545
62.68656539916992,-26.522748947143555,0.6014477610588074
64.47761535644531,-26.522748947143555,0.7231339812278748
66.2686538696289,-26.522748947143555,0.826641857624054
68.05970001220703,-26.522748947143555,0.8164111971855164
69.85074615478516,-26.522748947143555,0.8011038899421692
71.64179229736328,-26.522748947143555,0.807010293006897
73.4328384399414,-26.522748947143555,0.7808054089546204
75.223876953125,-26.522748947143555,0.7629902362823486
77.01492309570312,-26.522748947143555,0.715576708316803
78.80596923828125,-26.522748947143555,0.5985158681869507
80.59701538085938,-26.522748947143555,0.538142204284668
82.3880615234375,-26.522748947143555,0.4881683886051178
84.17910766601562,-26.522748947143555,0.44283542037010193
85.97014617919922,-26.522748947143555,0.43989595770835876
87.76119232177734,-26.522748947143555,0.4097490906715393
89.55223846435547,-26.522748947143555,0.3714756667613983
91.3432846069336,-26.522748947143555,0.32585665583610535
93.13433074951172,-26.522748947143555,0.165919691324234
94.92537689208984,-26.522748947143555,-0.021003151312470436
96.71641540527344,-26.522748947143555,-0.12269802391529083
98.50746154785156,-26.522748947143555,-0.02500762976706028
100.29850769042969,-26.522748947143555,0.13828010857105255
102.08955383300781,-26.522748947143555,0.2089545577764511
103.88059997558594,-26.522748947143555,0.1256495863199234
105.67163848876953,-26.522748947143555,0.04735024645924568
107.46268463134766,-26.522748947143555,-0.06665751338005066
109.25373077392578,-26.522748947143555,-0.21278934180736542
111.0447769165039,-26.522748947143555,-0.3395293056964874
112.83582305908203,-26.522748947143555,-0.4612995684146881
114.62686920166016,-26.522748947143555,-1.2630254030227661
116.41790771484375,-26.522748947143555,-1.6835438013076782
118.20895385742188,-26.522748947143555,-1.9637216329574585
120.0,-26.522748947143555,-2.0954606533050537
121.79104614257812,-26.522748947143555,-2.015744686126709
123.58209228515625,-26.522748947143555,-1.8770779371261597
125.37313079833984,-26.522748947143555,-1.829379677772522
127.16417694091797,-26.522748947143555,-1.7088662385940552
128.95523071289062,-26.522748947143555,-1.6966115236282349
130.7462615966797,-26.522748947143555,-1.6559537649154663
132.5373077392578,-26.522748947143555,-1.4558686017990112
134.32835388183594,-26.522748947143555,-1.104480504989624
136.11940002441406,-26.522748947143555,-0.8045274019241333
137.9104461669922,-26.522748947143555,-0.556033194065094
139.7014923095703,-26.522748947143555,-0.36901283264160156
141.49253845214844,-26.522748947143555,-0.28966009616851807
143.28358459472656,-26.522748947143555,-0.28999894857406616
145.0746307373047,-26.522748947143555,-0.3312290906906128
146.8656768798828,-26.522748947143555,-0.38679108023643494
148.65672302246094,-26.522748947143555,-0.5415714383125305
150.44775390625,-26.522748947143555,-0.519169270992279
152.23880004882812,-26.522748947143555,-0.6939572095870972
154.02984619140625,-26.522748947143555,0.2520933747291565
155.82089233398438,-26.522748947143555,0.35139960050582886
157.6119384765625,-26.522748947143555,0.28974106907844543
159.40298461914062,-26.522748947143555,0.11086037755012512
161.19403076171875,-26.522748947143555,-0.03602663800120354
162.98507690429688,-26.522748947143555,-0.03632062301039696
164.776123046875,-26.522748947143555,0.034415945410728455
166.56716918945312,-26.522748947143555,0.09847590327262878
168.35821533203125,-26.522748947143555,0.1032031998038292
170.1492462158203,-26.522748947143555,0.11960621178150177
171.94029235839844,-26.522748947143555,0.17526353895664215
173.73133850097656,-26.522748947143555,0.27160656452178955
175.5223846435547,-26.522748947143555,0.36739876866340637
177.3134307861328,-26.522748947143555,0.4088708162307739
179.10447692871094,-26.522748947143555,0.3826766908168793
-179.09091186523438,-28.132877349853516,0.3126145601272583
-177.27272033691406,-28.132877349853516,0.2188597321510315
-175.4545440673828,-28.132877349853516,0.15269851684570312
-173.63636779785156,-28.132877349853516,0.14822687208652496
-171.81817626953125,-28.132877349853516,0.1635284423828125
-170.0,-28.132877349853516,0.2075330764055252
-168.18182373046875,-28.132877349853516,0.25312766432762146
-166.36363220214844,-28.132877349853516,0.27549681067466736
-164.5454559326172,-28.132877349853516,0.3249083161354065
-162.72727966308594,-28.132877349853516,0.3255639374256134
-160.90908813476562,-28.132877349853516,0.2507583498954773
-159.09091186523438,-28.132877349853516,0.19050604104995728
-157.27272033691406,-28.132877349853516,0.0871877670288086
-155.4545440673828,-28.132877349853516,-0.016339557245373726
-153.63636779785156,-28.132877349853516,-0.06330210715532303
-151.81817626953125,-28.132877349853516,-0.0776732787489891
-150.0,-28.132877349853516,-0.022557830438017845
-148.18182373046875,-28.132877349853516,-0.07882575690746307
-146.36363220214844,-28.132877349853516,-0.5555046200752258
-144.5454559326172,-28.132877349853516,-1.0243302583694458
-142.72727966308594,-28.132877349853516,-1.2139676809310913
-140.90908813476562,-28.132877349853516,-1.0800621509552002
-139.09091186523438,-28.132877349853516,-0.9223269820213318
-137.27272033691406,-28.132877349853516,-0.8254576325416565
-135.4545440673828,-28.132877349853516,-0.7608919739723206
-133.63636779785156,-28.132877349853516,-0.6922368407249451
-131.81817626953125,-28.132877349853516,-0.5705118775367737
-130.0,-28.132877349853516,-0.462775856256485
-128.18182373046875,-28.132877349853516,-0.3600957989692688
-126.36363983154297,-28.132877349853516,-0.26402321457862854
-124.54545593261719,-28.132877349853516,-0.19456373155117035
-122.7272720336914,-28.132877349853516,-0.18297450244426727
-120.90908813476562,-28.132877349853516,-0.2218467742204666
-119.09091186523438,-28.132877349853516,-0.2638016939163208
-117.2727279663086,-28.132877349853516,-0.1442214399576187
-115.45454406738281,-28.132877349853516,0.04856262356042862
-113.63636016845703,-28.132877349853516,0.1739797592163086
-111.81818389892578,-28.132877349853516,0.2569562792778015
-110.0,-28.132877349853516,0.2488081008195877
-108.18181610107422,-28.132877349853516,0.22928683459758759
-106.36363983154297,-28.132877349853516,0.30852189660072327
-104.54545593261719,-28.132877349853516,0.346017062664032
-102.7272720336914,-28.132877349853516,0.4477282762527466
-100.90908813476562,-28.132877349853516,0.6366268396377563
-99.09091186523438,-28.132877349853516,0.7890505194664001
-97.2727279663086,-28.132877349853516,0.899364173412323
-95.45454406738281,-28.132877349853516,0.9785745143890381
-93.63636016845703,-28.132877349853516,1.0164055824279785
-91.81818389892578,-28.132877349853516,0.9231014847755432
-90.0,-28.132877349853516,0.7905086874961853
-88.18181610107422,-28.132877349853516,0.6338790655136108
-86.36363983154297,-28.132877349853516,0.43396955728530884
-84.54545593261719,-28.132877349853516,0.22638848423957825
-82.7272720336914,-28.132877349853516,0.2701924741268158
-80.90908813476562,-28.132877349853516,0.6290865540504456
-79.09091186523438,-28.132877349853516,0.9557608962059021
-77.2727279663086,-28.132877349853516,1.1138919591903687
-75.45454406738281,-28.132877349853516,1.1631203889846802
-73.63636016845703,-28.132877349853516,1.1605823040008545
-71.81818389892578,-28.132877349853516,1.0948036909103394
-70.0,-28.132877349853516,0.6182774305343628
-68.18181610107422,-28.132877349853516,0.668038010597229
-66.36363983154297,-28.132877349853516,0.62691730260849
-64.54545593261719,-28.132877349853516,0.3095620572566986
-62.727272033691406,-28.132877349853516,-0.2785787284374237
-60.90909194946289,-28.132877349853516,-0.9142314791679382
-59.09090805053711,-28.132877349853516,-1.4039323329925537
-57.272727966308594,-28.132877349853516,-1.7565010786056519
-55.45454406738281,-28.132877349853516,-1.8371727466583252
-53.6363639831543,-28.132877349853516,-1.7915655374526978
-51.818180084228516,-28.132877349853516,-1.5745463371276855
-50.0,-28.132877349853516,-1.3122822046279907
-48.181819915771484,-28.132877349853516,-0.41779860854148865
-46.3636360168457,-28.132877349853516,-0.38327425718307495
-44.54545593261719,-28.132877349853516,-0.40872445702552795
-42.727272033691406,-28.132877349853516,-0.3211185336112976
-40.90909194946289,-28.132877349853516,-0.10789451748132706
-39.09090805053711,-28.132877349853516,0.048894502222537994
-37.272727966308594,-28.132877349853516,0.12760905921459198
-35.45454406738281,-28.132877349853516,0.13037948310375214
-33.6363639831543,-28.132877349853516,0.09650421142578125
-31.81818199157715,-28.132877349853516,0.15347684919834137
-30.0,-28.132877349853516,0.24087518453598022
-28.18181800842285,-28.132877349853516,0.319322407245636
-26.363636016845703,-28.132877349853516,0.32176971435546875
-24.545454025268555,-28.132877349853516,0.30081722140312195
-22.727272033691406,-28.132877349853516,0.3302997648715973
-20.909090042114258,-28.132877349853516,0.4295550584793091
-19.090909957885742,-28.132877349853516,0.5124874114990234
-17.272727966308594,-28.132877349853516,0.5144189596176147
-15.454545021057129,-28.132877349853516,0.5047441720962524
-13.636363983154297,-28.132877349853516,0.5018298029899597
-11.818181991577148,-28.132877349853516,0.4216749966144562
-10.0,-28.132877349853516,0.31717273592948914
-8.181818008422852,-28.132877349853516,0.260906845331192
-6.363636493682861,-28.132877349853516,0.2885526120662689
-4.545454502105713,-28.132877349853516,0.31382694840431213
-2.7272727489471436,-28.132877349853516,0.38565731048583984
-0.9090909361839294,-28.132877349853516,0.5207833647727966
0.9090909361839294,-28.132877349853516,0.633203387260437
2.7272727489471436,-28.132877349853516,0.6789935231208801
4.545454502105713,-28.132877349853516,0.6860687136650085
6.363636493682861,-28.132877349853516,0.6793012022972107
8.181818008422852,-28.132877349853516,0.60085529088974
10.0,-28.132877349853516,0.4284079372882843
11.818181991577148,-28.132877349853516,0.17264734208583832
13.636363983154297,-28.132877349853516,-0.14711885154247284
15.454545021057129,-28.132877349853516,-0.23851719498634338
17.272727966308594,-28.132877349853516,0.9108167886734009
19.090909957885742,-28.132877349853516,0.6608808636665344
20.909090042114258,-28.132877349853516,0.823320209980011
22.727272033691406,-28.132877349853516,1.0002297163009644
24.545454025268555,-28.132877349853516,0.9517731666564941
26.363636016845703,-28.132877349853516,1.2286638021469116
28.18181800842285,-28.132877349853516,1.3404209613800049
30.0,-28.132877349853516,0.9368128180503845
31.81818199157715,-28.132877349853516,0.76732337474823
33.6363639831543,-28.132877349853516,0.592146635055542
35.45454406738281,-28.132877349853516,0.4763619601726532
37.272727966308594,-28.132877349853516,0.42015501856803894
39.09090805053711,-28.132877349853516,0.4129001498222351
40.90909194946289,-28.132877349853516,0.37125396728515625
42.727272033691406,-28.132877349853516,0.32524940371513367
44.54545593261719,-28.132877349853516,0.269702285528183
46.3636360168457,-28.132877349853516,0.20506776869297028
48.181819915771484,-28.132877349853516,0.15235011279582977
50.0,-28.132877349853516,0.11782029271125793
51.818180084228516,-28.132877349853516,0.12236989289522171
53.6363639831543,-28.132877349853516,0.17106424272060394
55.45454406738281,-28.132877349853516,0.21402880549430847
57.272727966308594,-28.132877349853516,0.28816699981689453
59.09090805053711,-28.132877349853516,0.4152042269706726
60.90909194946289,-28.132877349853516,0.5414408445358276
62.727272033691406,-28.132877349853516,0.6742320656776428
64.54545593261719,-28.132877349853516,0.8220241665840149
66.36363983154297,-28.132877349853516,0.9534180760383606
68.18181610107422,-28.132877349853516,0.9276015758514404
70.0,-28.132877349853516,0.8973389863967896
71.81818389892578,-28.132877349853516,0.8991268277168274
73.63636016845703,-28.132877349853516,0.8673411011695862
75.45454406738281,-28.132877349853516,0.8714553117752075
77.2727279663086,-28.132877349853516,0.8165126442909241
79.09091186523438,-28.132877349853516,0.6877020001411438
80.90908813476562,-28.132877349853516,0.6329357028007507
82.7272720336914,-28.132877349853516,0.5587641596794128
84.54545593261719,-28.132877349853516,0.49605992436408997
86.36363983154297,-28.132877349853516,0.4768703579902649
88.18181610107422,-28.132877349853516,0.4118821322917938
90.0,-28.132877349853516,0.36258748173713684
91.81818389892578,-28.132877349853516,0.2927262485027313
93.63636016845703,-28.132877349853516,0.09676437079906464
95.45454406738281,-28.132877349853516,-0.08619556576013565
97.2727279663086,-28.132877349853516,-0.11863231658935547
99.09091186523438,-28.132877349853516,0.040497589856386185
100.90908813476562,-28.132877349853516,0.2338988035917282
102.7272720336914,-28.132877349853516,0.24981962144374847
104.54545593261719,-28.132877349853516,0.18725796043872833
106.36363983154297,-28.132877349853516,0.1450355499982834
108.18181610107422,-28.132877349853516,-0.017805734649300575
110.0,-28.132877349853516,-0.18385028839111328
111.81818389892578,-28.132877349853516,-0.3335605561733246
113.63636016845703,-28.132877349853516,-0.4729391634464264
115.45454406738281,-28.132877349853516,-1.4398235082626343
117.2727279663086,-28.132877349853516,-1.5928914546966553
119.09091186523438,-28.132877349853516,-1.6752750873565674
120.90908813476562,-28.132877349853516,-1.6527988910675049
122.7272720336914,-28.132877349853516,-1.6499055624008179
124.54545593261719,-28.132877349853516,-1.7064435482025146
126.36363983154297,-28.132877349853516,-1.692626714706421
128.18182373046875,-28.132877349853516,-1.7302055358886719
130.0,-28.132877349853516,-1.6925110816955566
131.81817626953125,-28.132877349853516,-1.5895808935165405
133.63636779785156,-28.132877349853516,-1.4042059183120728
135.4545440673828,-28.132877349853516,-1.15742027759552
137.27272033691406,-28.132877349853516,-0.8245852589607239
139.09091186523438,-28.132877349853516,-0.5551468729972839
140.90908813476562,-28.132877349853516,-0.37768489122390747
142.72727966308594,-28.132877349853516,-0.2523319125175476
144.5454559326172,-28.132877349853516,-0.20374180376529694
146.36363220214844,-28.132877349853516,-0.18328192830085754
148.18182373046875,-28.132877349853516,-0.2583942115306854
150.0,-28.132877349853516,-0.3322550058364868
151.81817626953125,-28.132877349853516,-0.3854132890701294
153.63636779785156,-28.132877349853516,-0.0010993321193382144
155.4545440673828,-28.132877349853516,0.30506089329719543
157.27272033691406,-28.132877349853516,0.28261202573776245
159.09091186523438,-28.132877349853516,0.1007591262459755
160.90908813476562,-28.132877349853516,-0.05577557906508446
162.72727966308594,-28.132877349853516,-0.06364752352237701
164.5454559326172,-28.132877349853516,0.009276453405618668
166.36363220214844,-28.132877349853516,0.0709252655506134
168.18182373046875,-28.132877349853516,0.04222914204001427
170.0,-28.132877349853516,0.0249162670224905
171.81817626953125,-28.132877349853516,0.0662587508559227
173.63636779785156,-28.132877349853516,0.19299787282943726
175.4545440673828,-28.132877349853516,0.3224982023239136
177.27272033691406,-28.132877349853516,0.3848547637462616
179.09091186523438,-28.132877349853516,0.3517078459262848
-179.07691955566406,-29.742809295654297,0.13623327016830444
-177.23077392578125,-29.742809295654297,0.08978328853845596
-175.38461303710938,-29.742809295654297,0.09263083338737488
-173.53846740722656,-29.742809295654297,0.13127873837947845
-171.6923065185547,-29.742809295654297,0.18905022740364075
-169.84616088867188,-29.742809295654297,0.23897558450698853
-168.0,-29.742809295654297,0.24899069964885712
-166.15383911132812,-29.742809295654297,0.2243649810552597
-164.3076934814453,-29.742809295654297,0.21038538217544556
-162.46153259277344,-29.742809295654297,0.20375855267047882
-160.61538696289062,-29.742809295654297,0.20151951909065247
-158.76922607421875,-29.742809295654297,0.18025538325309753
-156.92308044433594,-29.742809295654297,0.10453026741743088
-155.07691955566406,-29.742809295654297,-0.006743367295712233
-153.23077392578125,-29.742809295654297,-0.11036141961812973
-151.38461303710938,-29.742809295654297,-0.19386495649814606
-149.53846740722656,-29.742809295654297,-0.29549407958984375
-147.6923065185547,-29.742809295654297,-0.5223985314369202
-145.84616088867188,-29.742809295654297,-0.8576448559761047
-144.0,-29.742809295654297,-1.133913516998291
-142.15383911132812,-29.742809295654297,-1.1851279735565186
-140.3076934814453,-29.742809295654297,-1.053510069847107
-138.46153259277344,-29.742809295654297,-0.8962413668632507
-136.61538696289062,-29.742809295654297,-0.7593597769737244
-134.76922607421875,-29.742809295654297,-0.6364350914955139
-132.92308044433594,-29.742809295654297,-0.5261390805244446
-131.07691955566406,-29.742809295654297,-0.41406509280204773
-129.23077392578125,-29.742809295654297,-0.31582286953926086
-127.38461303710938,-29.742809295654297,-0.21200141310691833
-125.53845977783203,-29.742809295654297,-0.10867048799991608
-123.69230651855469,-29.742809295654297,-0.06388721615076065
-121.84615325927734,-29.742809295654297,-0.1089605987071991
-120.0,-29.742809295654297,-0.18145771324634552
-118.15384674072266,-29.742809295654297,-0.18457438051700592
-116.30769348144531,-29.742809295654297,-0.0674908310174942
-114.46154022216797,-29.742809295654297,0.0781531035900116
-112.61538696289062,-29.742809295654297,0.18146610260009766
-110.76923370361328,-29.742809295654297,0.23449185490608215
-108.92308044433594,-29.742809295654297,0.25865381956100464
-107.07691955566406,-29.742809295654297,0.28363120555877686
-105.23076629638672,-29.742809295654297,0.316779762506485
-103.38461303710938,-29.742809295654297,0.3906386196613312
-101.53845977783203,-29.742809295654297,0.5307101607322693
-99.69230651855469,-29.742809295654297,0.6793588995933533
-97.84615325927734,-29.742809295654297,0.7932780981063843
-96.0,-29.742809295654297,0.8588520884513855
-94.15384674072266,-29.742809295654297,0.8715856671333313
-92.30769348144531,-29.742809295654297,0.8216480612754822
-90.46154022216797,-29.742809295654297,0.7269175052642822
-88.61538696289062,-29.742809295654297,0.6256603002548218
-86.76923370361328,-29.742809295654297,0.5503390431404114
-84.92308044433594,-29.742809295654297,0.5064796805381775
-83.07691955566406,-29.742809295654297,0.571692168712616
-81.23076629638672,-29.742809295654297,0.7871372699737549
-79.38461303710938,-29.742809295654297,1.037432074546814
-77.53845977783203,-29.742809295654297,1.2119946479797363
-75.69230651855469,-29.742809295654297,1.2758234739303589
-73.84615325927734,-29.742809295654297,1.2633675336837769
-72.0,-29.742809295654297,1.1908210515975952
-70.15384674072266,-29.742809295654297,0.7641788721084595
-68.30769348144531,-29.742809295654297,0.7215723395347595
-66.46154022216797,-29.742809295654297,0.5136021375656128
-64.61538696289062,-29.742809295654297,0.20726528763771057
-62.769229888916016,-29.742809295654297,-0.3642459809780121
-60.92307662963867,-29.742809295654297,-1.0310242176055908
-59.07692337036133,-29.742809295654297,-1.415716290473938
-57.230770111083984,-29.742809295654297,-1.738537073135376
-55.38461685180664,-29.742809295654297,-1.8278231620788574
-53.53845977783203,-29.742809295654297,-1.8342208862304688
-51.69230651855469,-29.742809295654297,-1.6161068677902222
-49.846153259277344,-29.742809295654297,-0.6937385201454163
-48.0,-29.742809295654297,-0.3162294328212738
-46.153846740722656,-29.742809295654297,-0.30125242471694946
-44.30769348144531,-29.742809295654297,-0.2475496232509613
-42.46154022216797,-29.742809295654297,-0.12598343193531036
-40.61538314819336,-29.742809295654297,0.030622418969869614
-38.769229888916016,-29.742809295654297,0.15125440061092377
-36.92307662963867,-29.742809295654297,0.20111815631389618
-35.07692337036133,-29.742809295654297,0.19411690533161163
-33.230770111083984,-29.742809295654297,0.18081454932689667
-31.384614944458008,-29.742809295654297,0.200050488114357
-29.538461685180664,-29.742809295654297,0.24033184349536896
-27.69230842590332,-29.742809295654297,0.28533902764320374
-25.846153259277344,-29.742809295654297,0.32467785477638245
-24.0,-29.742809295654297,0.35986462235450745
-22.153846740722656,-29.742809295654297,0.40495261549949646
-20.30769157409668,-29.742809295654297,0.4483971893787384
-18.461538314819336,-29.742809295654297,0.47947901487350464
-16.615385055541992,-29.742809295654297,0.5058719515800476
-14.769230842590332,-29.742809295654297,0.541805624961853
-12.923076629638672,-29.742809295654297,0.523650586605072
-11.076923370361328,-29.742809295654297,0.4344066083431244
-9.230769157409668,-29.742809295654297,0.3452850878238678
-7.384615421295166,-29.742809295654297,0.33239778876304626
-5.538461685180664,-29.742809295654297,0.38768890500068665
-3.692307710647583,-29.742809295654297,0.46560606360435486
-1.8461538553237915,-29.742809295654297,0.5270968675613403
0.0,-29.742809295654297,0.5695747137069702
1.8461538553237915,-29.742809295654297,0.6127534508705139
3.692307710647583,-29.742809295654297,0.6658732295036316
5.538461685180664,-29.742809295654297,0.7130644917488098
7.384615421295166,-29.742809295654297,0.7077349424362183
9.230769157409668,-29.742809295654297,0.6285070180892944
11.076923370361328,-29.742809295654297,0.48629361391067505
12.923076629638672,-29.742809295654297,0.30149319767951965
14.769230842590332,-29.742809295654297,0.11534957587718964
16.615385055541992,-29.742809295654297,0.11859944462776184
18.461538314819336,-29.742809295654297,0.6961965560913086
20.30769157409668,-29.742809295654297,0.6719931960105896
22.153846740722656,-29.742809295654297,0.6735018491744995
24.0,-29.742809295654297,0.7405826449394226
25.846153259277344,-29.742809295654297,0.9987319707870483
27.69230842590332,-29.742809295654297,1.1119698286056519
29.538461685180664,-29.742809295654297,0.7725587487220764
31.384614944458008,-29.742809295654297,0.7319962382316589
33.230770111083984,-29.742809295654297,0.6604074239730835
35.07692337036133,-29.742809295654297,0.6078267693519592
36.92307662963867,-29.742809295654297,0.5784254670143127
38.769229888916016,-29.742809295654297,0.5665344595909119
40.61538314819336,-29.742809295654297,0.5397403240203857
42.46154022216797,-29.742809295654297,0.4843136966228485
44.30769348144531,-29.742809295654297,0.40433794260025024
46.153846740722656,-29.742809295654297,0.33826082944869995
48.0,-29.742809295654297,0.3034767210483551
49.846153259277344,-29.742809295654297,0.28932902216911316
51.69230651855469,-29.742809295654297,0.2988414764404297
53.53845977783203,-29.742809295654297,0.3106178939342499
55.38461685180664,-29.742809295654297,0.33197078108787537
57.230770111083984,-29.742809295654297,0.3776482343673706
59.07692337036133,-29.742809295654297,0.4580760896205902
60.92307662963867,-29.742809295654297,0.5593429803848267
62.769229888916016,-29.742809295654297,0.6870649456977844
64.61538696289062,-29.742809295654297,0.8286265134811401
66.46154022216797,-29.742809295654297,0.9235925078392029
68.30769348144531,-29.742809295654297,0.9143931865692139
70.15384674072266,-29.742809295654297,0.8527396321296692
72.0,-29.742809295654297,0.8014624714851379
73.84615325927734,-29.742809295654297,0.7743167877197266
75.69230651855469,-29.742809295654297,0.7491157054901123
77.53845977783203,-29.742809295654297,0.7004768252372742
79.38461303710938,-29.742809295654297,0.6349249482154846
81.23076629638672,-29.742809295654297,0.5748862028121948
83.07691955566406,-29.742809295654297,0.49862125515937805
84.92308044433594,-29.742809295654297,0.4277636706829071
86.76923370361328,-29.742809295654297,0.3782706558704376
88.61538696289062,-29.742809295654297,0.3324430584907532
90.46154022216797,-29.742809295654297,0.2752496004104614
92.30769348144531,-29.742809295654297,0.17529316246509552
94.15384674072266,-29.742809295654297,0.04262472689151764
96.0,-29.742809295654297,-0.06193116679787636
97.84615325927734,-29.742809295654297,-0.05611705780029297
99.69230651855469,-29.742809295654297,0.037185922265052795
101.53845977783203,-29.742809295654297,0.11994489282369614
103.38461303710938,-29.742809295654297,0.15243034064769745
105.23076629638672,-29.742809295654297,0.14513517916202545
107.07691955566406,-29.742809295654297,0.08268019556999207
108.92308044433594,-29.742809295654297,-0.04088503494858742
110.76923370361328,-29.742809295654297,-0.19093526899814606
112.61538696289062,-29.742809295654297,-0.3316044509410858
114.46154022216797,-29.742809295654297,-0.4754871428012848
116.30769348144531,-29.742809295654297,-1.1730948686599731
118.15384674072266,-29.742809295654297,-1.251175880432129
120.0,-29.742809295654297,-1.3530395030975342
121.84615325927734,-29.742809295654297,-1.385814905166626
123.69230651855469,-29.742809295654297,-1.5069270133972168
125.53845977783203,-29.742809295654297,-1.5463405847549438
127.38461303710938,-29.742809295654297,-1.5933356285095215
129.23077392578125,-29.742809295654297,-1.6755932569503784
131.07691955566406,-29.742809295654297,-1.646606206893921
132.92308044433594,-29.742809295654297,-1.4831421375274658
134.76922607421875,-29.742809295654297,-1.28542959690094
136.61538696289062,-29.742809295654297,-1.0080679655075073
138.46153259277344,-29.742809295654297,-0.7418531775474548
140.3076934814453,-29.742809295654297,-0.5468934774398804
142.15383911132812,-29.742809295654297,-0.32064491510391235
144.0,-29.742809295654297,-0.254630982875824
145.84616088867188,-29.742809295654297,-0.23900295794010162
147.6923065185547,-29.742809295654297,-0.06277046352624893
149.53846740722656,-29.742809295654297,-0.14903253316879272
151.38461303710938,-29.742809295654297,-0.3665710985660553
153.23077392578125,-29.742809295654297,-0.1698620468378067
155.07691955566406,-29.742809295654297,0.135447695851326
156.92308044433594,-29.742809295654297,0.13072936236858368
158.76922607421875,-29.742809295654297,0.05362078174948692
160.61538696289062,-29.742809295654297,-0.024653561413288116
162.46153259277344,-29.742809295654297,-0.047997601330280304
164.3076934814453,-29.742809295654297,-0.0310694370418787
166.15383911132812,-29.742809295654297,-0.026592254638671875
168.0,-29.742809295654297,-0.045696958899497986
169.84616088867188,-29.742809295654297,-0.06759611517190933
171.6923065185547,-29.742809295654297,-0.027161089703440666
173.53846740722656,-29.742809295654297,0.08371473848819733
175.38461303710938,-29.742809295654297,0.19853483140468597
177.23077392578125,-29.742809295654297,0.24723275005817413
179.07691955566406,-29.742809295654297,0.21024201810359955
-179.05758666992188,-31.34960174560547,-0.09141089022159576
-177.1727752685547,-31.34960174560547,-0.10320574790239334
-175.2879638671875,-31.34960174560547,-0.041423797607421875
-173.40313720703125,-31.34960174560547,0.039115652441978455
-171.51832580566406,-31.34960174560547,0.14041264355182648
-169.63351440429688,-31.34960174560547,0.22894293069839478
-167.74868774414062,-31.34960174560547,0.22962208092212677
-165.86387634277344,-31.34960174560547,0.1422962248325348
-163.97906494140625,-31.34960174560547,0.061852455139160156
-162.09423828125,-31.34960174560547,0.08637651056051254
-160.2094268798828,-31.34960174560547,0.15814222395420074
-158.32460021972656,-31.34960174560547,0.18059475719928741
-156.43978881835938,-31.34960174560547,0.09431012719869614
-154.5549774169922,-31.34960174560547,-0.044060833752155304
-152.67015075683594,-31.34960174560547,-0.19116300344467163
-150.78533935546875,-31.34960174560547,-0.36648446321487427
-148.90052795410156,-31.34960174560547,-0.6151615977287292
-147.0157012939453,-31.34960174560547,-0.8374338150024414
-145.13088989257812,-31.34960174560547,-1.0628387928009033
-143.24607849121094,-31.34960174560547,-1.2207173109054565
-141.3612518310547,-31.34960174560547,-1.1248997449874878
-139.4764404296875,-31.34960174560547,-0.9236042499542236
-137.5916290283203,-31.34960174560547,-0.7433897256851196
-135.70680236816406,-31.34960174560547,-0.5928246974945068
-133.82199096679688,-31.34960174560547,-0.4591369032859802
-131.9371795654297,-31.34960174560547,-0.3455559313297272
-130.05235290527344,-31.34960174560547,-0.2486390471458435
-128.16754150390625,-31.34960174560547,-0.15756568312644958
-126.28272247314453,-31.34960174560547,-0.02044595032930374
-124.39790344238281,-31.34960174560547,0.10834051668643951
-122.51309204101562,-31.34960174560547,0.08804365992546082
-120.6282730102539,-31.34960174560547,-0.047581229358911514
-118.74345397949219,-31.34960174560547,-0.1353212296962738
-116.85863494873047,-31.34960174560547,-0.08540210872888565
-114.97382354736328,-31.34960174560547,0.05197194591164589
-113.08900451660156,-31.34960174560547,0.16465212404727936
-111.20418548583984,-31.34960174560547,0.25079625844955444
-109.31937408447266,-31.34960174560547,0.3096870481967926
-107.43455505371094,-31.34960174560547,0.3179377317428589
-105.54973602294922,-31.34960174560547,0.2998085021972656
-103.66492462158203,-31.34960174560547,0.34172523021698
-101.78010559082031,-31.34960174560547,0.44467753171920776
-99.8952865600586,-31.34960174560547,0.5843778252601624
-98.01046752929688,-31.34960174560547,0.6951437592506409
-96.12565612792969,-31.34960174560547,0.7283248901367188
-94.24083709716797,-31.34960174560547,0.7207022309303284
-92.35601806640625,-31.34960174560547,0.6840589642524719
-90.47120666503906,-31.34960174560547,0.6252739429473877
-88.58638763427734,-31.34960174560547,0.5809310078620911
-86.70156860351562,-31.34960174560547,0.6419713497161865
-84.81675720214844,-31.34960174560547,0.7445526123046875
-82.93193817138672,-31.34960174560547,0.8780341744422913
-81.047119140625,-31.34960174560547,1.0391308069229126
-79.16230010986328,-31.34960174560547,1.2267346382141113
-77.2774887084961,-31.34960174560547,1.3452681303024292
-75.39266967773438,-31.34960174560547,1.3658066987991333
-73.50785064697266,-31.34960174560547,1.3231024742126465
-71.62303924560547,-31.34960174560547,1.0589842796325684
-69.73822021484375,-31.34960174560547,0.8367798328399658
-67.85340118408203,-31.34960174560547,0.6889322400093079
-65.96858978271484,-31.34960174560547,0.37309131026268005
-64.08377075195312,-31.34960174560547,-0.013704522512853146
-62.198951721191406,-31.34960174560547,-0.6793955564498901
-60.31413650512695,-31.34960174560547,-1.1476144790649414
-58.429317474365234,-31.34960174560547,-1.4766179323196411
-56.54450225830078,-31.34960174560547,-1.5500203371047974
-54.65968704223633,-31.34960174560547,-1.6388967037200928
-52.77486801147461,-31.34960174560547,-1.5912286043167114
-50.890052795410156,-31.34960174560547,-0.44892361760139465
-49.00523376464844,-31.34960174560547,-0.2542762756347656
-47.120418548583984,-31.34960174560547,-0.2134636491537094
-45.23560333251953,-31.34960174560547,-0.13965962827205658
-43.35078430175781,-31.34960174560547,-0.028677305206656456
-41.46596908569336,-31.34960174560547,0.11783599853515625
-39.58115005493164,-31.34960174560547,0.2559010684490204
-37.69633483886719,-31.34960174560547,0.3218584656715393
-35.811519622802734,-31.34960174560547,0.30511271953582764
-33.926700592041016,-31.34960174560547,0.270045667886734
-32.04188537597656,-31.34960174560547,0.25328725576400757
-30.157068252563477,-31.34960174560547,0.24210815131664276
-28.27225112915039,-31.34960174560547,0.2529628872871399
-26.387434005737305,-31.34960174560547,0.32980212569236755
-24.50261688232422,-31.34960174560547,0.41296494007110596
-22.617801666259766,-31.34960174560547,0.44704368710517883
-20.73298454284668,-31.34960174560547,0.4326985776424408
-18.848167419433594,-31.34960174560547,0.4173634946346283
-16.963350296020508,-31.34960174560547,0.4479767978191376
-15.078534126281738,-31.34960174560547,0.5182016491889954
-13.193717002868652,-31.34960174560547,0.5375151038169861
-11.308900833129883,-31.34960174560547,0.4341096878051758
-9.424083709716797,-31.34960174560547,0.33273518085479736
-7.539267063140869,-31.34960174560547,0.33979320526123047
-5.654450416564941,-31.34960174560547,0.4664933383464813
-3.7696335315704346,-31.34960174560547,0.6186552047729492
-1.8848167657852173,-31.34960174560547,0.6226860880851746
0.0,-31.34960174560547,0.5633623600006104
1.8848167657852173,-31.34960174560547,0.5545106530189514
3.7696335315704346,-31.34960174560547,0.6389672160148621
5.654450416564941,-31.34960174560547,0.7273901104927063
7.539267063140869,-31.34960174560547,0.7538038492202759
9.424083709716797,-31.34960174560547,0.7285367846488953
11.308900833129883,-31.34960174560547,0.7010864615440369
13.193717002868652,-31.34960174560547,0.6192882061004639
15.078534126281738,-31.34960174560547,0.5711055994033813
16.963350296020508,-31.34960174560547,0.5566162467002869
18.848167419433594,-31.34960174560547,1.0267587900161743
20.73298454284668,-31.34960174560547,0.7885115742683411
22.617801666259766,-31.34960174560547,0.642800509929657
24.50261688232422,-31.34960174560547,0.5723775625228882
26.387434005737305,-31.34960174560547,0.7804916501045227
28.27225112915039,-31.34960174560547,0.7515963912010193
30.157068252563477,-31.34960174560547,0.7250791192054749
32.04188537597656,-31.34960174560547,0.66970294713974
33.926700592041016,-31.34960174560547,0.6664279699325562
35.811519622802734,-31.34960174560547,0.6971378922462463
37.69633483886719,-31.34960174560547,0.7025739550590515
39.58115005493164,-31.34960174560547,0.6939884424209595
41.46596908569336,-31.34960174560547,0.684467077255249
43.35078430175781,-31.34960174560547,0.5687357783317566
45.23560333251953,-31.34960174560547,0.4480911195278168
47.120418548583984,-31.34960174560547,0.40783292055130005
49.00523376464844,-31.34960174560547,0.4464001953601837
50.890052795410156,-31.34960174560547,0.5066559910774231
52.77486801147461,-31.34960174560547,0.498086541891098
54.65968704223633,-31.34960174560547,0.450359970331192
56.54450225830078,-31.34960174560547,0.43519020080566406
58.429317474365234,-31.34960174560547,0.47120386362075806
60.31413650512695,-31.34960174560547,0.5351067185401917
62.198951721191406,-31.34960174560547,0.6315498948097229
64.08377075195312,-31.34960174560547,0.7596880793571472
65.96858978271484,-31.34960174560547,0.8640020489692688
67.85340118408203,-31.34960174560547,0.8607538938522339
69.73822021484375,-31.34960174560547,0.7632714509963989
71.62303924560547,-31.34960174560547,0.6538792848587036
73.50785064697266,-31.34960174560547,0.6111738085746765
75.39266967773438,-31.34960174560547,0.5735222101211548
77.2774887084961,-31.34960174560547,0.5561773777008057
79.16230010986328,-31.34960174560547,0.5637184381484985
81.047119140625,-31.34960174560547,0.52890944480896
82.93193817138672,-31.34960174560547,0.4583093523979187
84.81675720214844,-31.34960174560547,0.36051246523857117
86.70156860351562,-31.34960174560547,0.2906971573829651
88.58638763427734,-31.34960174560547,0.29275766015052795
90.47120666503906,-31.34960174560547,0.2489142119884491
92.35601806640625,-31.34960174560547,0.1744530349969864
94.24083709716797,-31.34960174560547,0.09003779292106628
96.12565612792969,-31.34960174560547,-0.020286433398723602
98.01046752929688,-31.34960174560547,-0.034690920263528824
99.8952865600586,-31.34960174560547,-0.01754048652946949
101.78010559082031,-31.34960174560547,-0.0007205962901934981
103.66492462158203,-31.34960174560547,0.07508780062198639
105.54973602294922,-31.34960174560547,0.10290520638227463
107.43455505371094,-31.34960174560547,0.05761006847023964
109.31937408447266,-31.34960174560547,-0.0436272956430912
111.20418548583984,-31.34960174560547,-0.18452110886573792
113.08900451660156,-31.34960174560547,-0.30518290400505066
114.97382354736328,-31.34960174560547,-0.43177542090415955
116.85863494873047,-31.34960174560547,-0.847367525100708
118.74345397949219,-31.34960174560547,-1.0889111757278442
120.6282730102539,-31.34960174560547,-1.291601538658142
122.51309204101562,-31.34960174560547,-1.3726403713226318
124.39790344238281,-31.34960174560547,-1.3614991903305054
126.28272247314453,-31.34960174560547,-1.307926893234253
128.16754150390625,-31.34960174560547,-1.37679922580719
130.05235290527344,-31.34960174560547,-1.362384557723999
131.9371795654297,-31.34960174560547,-1.403417706489563
133.82199096679688,-31.34960174560547,-1.314307451248169
135.70680236816406,-31.34960174560547,-1.1196708679199219
137.5916290283203,-31.34960174560547,-0.969524621963501
139.4764404296875,-31.34960174560547,-0.8062333464622498
141.3612518310547,-31.34960174560547,-0.5373572111129761
143.24607849121094,-31.34960174560547,-0.2854101359844208
145.13088989257812,-31.34960174560547,-0.3942446708679199
147.0157012939453,-31.34960174560547,-0.4027212858200073
148.90052795410156,-31.34960174560547,-0.2574070692062378
150.78533935546875,-31.34960174560547,-0.3719816505908966
152.67015075683594,-31.34960174560547,-0.18444807827472687
154.5549774169922,-31.34960174560547,0.0010494232410565019
156.43978881835938,-31.34960174560547,-0.004248428158462048
158.32460021972656,-31.34960174560547,-0.01467768382281065
160.2094268798828,-31.34960174560547,-0.025283431634306908
162.09423828125,-31.34960174560547,-0.03180592879652977
163.97906494140625,-31.34960174560547,-0.056308746337890625
165.86387634277344,-31.34960174560547,-0.09313437342643738
167.74868774414062,-31.34960174560547,-0.12417354434728622
169.63351440429688,-31.34960174560547,-0.16097940504550934
171.51832580566406,-31.34960174560547,-0.14797300100326538
173.40313720703125,-31.34960174560547,-0.037315115332603455
175.2879638671875,-31.34960174560547,0.08293794095516205
177.1727752685547,-31.34960174560547,0.11289907991886139
179.05758666992188,-31.34960174560547,0.01714649237692356
-179.0425567626953,-32.9544677734375,-0.3089459240436554
-177.12765502929688,-32.9544677734375,-0.28930822014808655
-175.2127685546875,-32.9544677734375,-0.1975322663784027
-173.29786682128906,-32.9544677734375,-0.10531387478113174
-171.3829803466797,-32.9544677734375,0.034839119762182236
-169.46807861328125,-32.9544677734375,0.17172297835350037
-167.55319213867188,-32.9544677734375,0.1856389343738556
-165.63829040527344,-32.9544677734375,0.07818177342414856
-163.72340393066406,-32.9544677734375,-0.03850892558693886
-161.8085174560547,-32.9544677734375,0.04976196214556694
-159.89361572265625,-32.9544677734375,0.16423416137695312
-157.97872924804688,-32.9544677734375,0.2008669525384903
-156.06382751464844,-32.9544677734375,0.10013440251350403
-154.14894104003906,-32.9544677734375,-0.028891945257782936
-152.23403930664062,-32.9544677734375,-0.17261098325252533
-150.31915283203125,-32.9544677734375,-0.39270883798599243
-148.4042510986328,-32.9544677734375,-0.6933770775794983
-146.48936462402344,-32.9544677734375,-0.8259049654006958
-144.574462890625,-32.9544677734375,-1.0203487873077393
-142.65957641601562,-32.9544677734375,-1.0883811712265015
-140.7446746826172,-32.9544677734375,-0.9057334661483765
-138.8297882080078,-32.9544677734375,-0.6776584386825562
-136.91488647460938,-32.9544677734375,-0.5269923806190491
-135.0,-32.9544677734375,-0.3914799392223358
-133.08511352539062,-32.9544677734375,-0.27036336064338684
-131.1702117919922,-32.9544677734375,-0.1644468903541565
-129.2553253173828,-32.9544677734375,-0.09490235894918442
-127.34042358398438,-32.9544677734375,0.01491521205753088
-125.42552947998047,-32.9544677734375,0.16543623805046082
-123.51063537597656,-32.9544677734375,0.2845263183116913
-121.59574127197266,-32.9544677734375,0.12799276411533356
-119.68085479736328,-32.9544677734375,-0.030156834051012993
-117.76596069335938,-32.9544677734375,-0.08203519135713577
-115.85106658935547,-32.9544677734375,0.0029398601036518812
-113.93617248535156,-32.9544677734375,0.11178989708423615
-112.02127838134766,-32.9544677734375,0.2007753998041153
-110.10638427734375,-32.9544677734375,0.26385173201560974
-108.19149017333984,-32.9544677734375,0.3046858608722687
-106.27659606933594,-32.9544677734375,0.24309857189655304
-104.36170196533203,-32.9544677734375,0.23483549058437347
-102.44680786132812,-32.9544677734375,0.29991447925567627
-100.53191375732422,-32.9544677734375,0.4227251708507538
-98.61701965332031,-32.9544677734375,0.5568972826004028
-96.7021255493164,-32.9544677734375,0.5955278873443604
-94.7872314453125,-32.9544677734375,0.6039731502532959
-92.8723373413086,-32.9544677734375,0.5997852683067322
-90.95744323730469,-32.9544677734375,0.5917664170265198
-89.04255676269531,-32.9544677734375,0.5689889788627625
-87.1276626586914,-32.9544677734375,0.6914320588111877
-85.2127685546875,-32.9544677734375,0.8661948442459106
-83.2978744506836,-32.9544677734375,1.0387578010559082
-81.38298034667969,-32.9544677734375,1.1640251874923706
-79.46808624267578,-32.9544677734375,1.3147841691970825
-77.55319213867188,-32.9544677734375,1.4149476289749146
-75.63829803466797,-32.9544677734375,1.4284242391586304
-73.72340393066406,-32.9544677734375,1.394325613975525
-71.80850982666016,-32.9544677734375,1.2271013259887695
-69.89361572265625,-32.9544677734375,0.8280038833618164
-67.97872161865234,-32.9544677734375,0.6371434330940247
-66.06382751464844,-32.9544677734375,0.29536172747612
-64.14893341064453,-32.9544677734375,-0.2122543305158615
-62.23404312133789,-32.9544677734375,-0.6531925797462463
-60.319149017333984,-32.9544677734375,-1.0585918426513672
-58.40425491333008,-32.9544677734375,-1.213849425315857
-56.48936080932617,-32.9544677734375,-1.1029356718063354
-54.574466705322266,-32.9544677734375,-1.242775797843933
-52.65957260131836,-32.9544677734375,-0.6051827073097229
-50.74468231201172,-32.9544677734375,-0.1587139070034027
-48.82978820800781,-32.9544677734375,-0.11949042975902557
-46.914894104003906,-32.9544677734375,-0.0471762977540493
-45.0,-32.9544677734375,0.04619019851088524
-43.085105895996094,-32.9544677734375,0.16300137341022491
-41.17021179199219,-32.9544677734375,0.3071363568305969
-39.25531768798828,-32.9544677734375,0.43470555543899536
-37.34042739868164,-32.9544677734375,0.4684958755970001
-35.425533294677734,-32.9544677734375,0.42586708068847656
-33.51063919067383,-32.9544677734375,0.36212947964668274
-31.595745086669922,-32.9544677734375,0.3293174207210541
-29.680850982666016,-32.9544677734375,0.2813815474510193
-27.76595687866211,-32.9544677734375,0.28716984391212463
-25.851064682006836,-32.9544677734375,0.37648531794548035
-23.93617057800293,-32.9544677734375,0.45244407653808594
-22.021276473999023,-32.9544677734375,0.4215829074382782
-20.106382369995117,-32.9544677734375,0.3599313199520111
-18.191490173339844,-32.9544677734375,0.32029062509536743
-16.276596069335938,-32.9544677734375,0.36716288328170776
-14.361701965332031,-32.9544677734375,0.4425603151321411
-12.446808815002441,-32.9544677734375,0.4029847979545593
-10.531914710998535,-32.9544677734375,0.28661850094795227
-8.617021560668945,-32.9544677734375,0.22706127166748047
-6.702127456665039,-32.9544677734375,0.34946295619010925
-4.787233829498291,-32.9544677734375,0.5547727346420288
-2.872340440750122,-32.9544677734375,0.6831268668174744
-0.957446813583374,-32.9544677734375,0.5873683094978333
0.957446813583374,-32.9544677734375,0.4966834485530853
2.872340440750122,-32.9544677734375,0.5360388159751892
4.787233829498291,-32.9544677734375,0.6333927512168884
6.702127456665039,-32.9544677734375,0.7207990884780884
8.617021560668945,-32.9544677734375,0.7406504154205322
10.531914710998535,-32.9544677734375,0.7927181720733643
12.446808815002441,-32.9544677734375,0.8106337785720825
14.361701965332031,-32.9544677734375,0.8068332672119141
16.276596069335938,-32.9544677734375,0.891297459602356
18.191490173339844,-32.9544677734375,0.9470499157905579
20.106382369995117,-32.9544677734375,0.8885098099708557
22.021276473999023,-32.9544677734375,0.8633588552474976
23.93617057800293,-32.9544677734375,0.7542111277580261
25.851064682006836,-32.9544677734375,0.6933074593544006
27.76595687866211,-32.9544677734375,0.7700785994529724
29.680850982666016,-32.9544677734375,0.7947788834571838
31.595745086669922,-32.9544677734375,0.6426058411598206
33.51063919067383,-32.9544677734375,0.6287021040916443
35.425533294677734,-32.9544677734375,0.6748797297477722
37.34042739868164,-32.9544677734375,0.706660270690918
39.25531768798828,-32.9544677734375,0.6948555707931519
41.17021179199219,-32.9544677734375,0.7385272979736328
43.085105895996094,-32.9544677734375,0.6166078448295593
45.0,-32.9544677734375,0.48696258664131165
46.914894104003906,-32.9544677734375,0.4492272734642029
48.82978820800781,-32.9544677734375,0.5388410091400146
50.74468231201172,-32.9544677734375,0.6562464237213135
52.65957260131836,-32.9544677734375,0.6548373699188232
54.574466705322266,-32.9544677734375,0.5679378509521484
56.48936080932617,-32.9544677734375,0.5060014724731445
58.40425491333008,-32.9544677734375,0.5155059099197388
60.319149017333984,-32.9544677734375,0.5414804816246033
62.23404312133789,-32.9544677734375,0.608698308467865
64.14893341064453,-32.9544677734375,0.7191265225410461
66.06382751464844,-32.9544677734375,0.8053185343742371
67.97872161865234,-32.9544677734375,0.7662841081619263
69.89361572265625,-32.9544677734375,0.6449328064918518
71.80850982666016,-32.9544677734375,0.5199947953224182
73.72340393066406,-32.9544677734375,0.5012528300285339
75.63829803466797,-32.9544677734375,0.4594222903251648
77.55319213867188,-32.9544677734375,0.4804859161376953
79.46808624267578,-32.9544677734375,0.5291091799736023
81.38298034667969,-32.9544677734375,0.5122862458229065
83.2978744506836,-32.9544677734375,0.44986239075660706
85.2127685546875,-32.9544677734375,0.3564304709434509
87.1276626586914,-32.9544677734375,0.3186303675174713
89.04255676269531,-32.9544677734375,0.37596195936203003
90.95744323730469,-32.9544677734375,0.3322373628616333
92.8723373413086,-32.9544677734375,0.3123025596141815
94.7872314453125,-32.9544677734375,0.24216444790363312
96.7021255493164,-32.9544677734375,0.10871686786413193
98.61701965332031,-32.9544677734375,0.10509961098432541
100.53191375732422,-32.9544677734375,0.03164173662662506
102.44680786132812,-32.9544677734375,0.031169064342975616
104.36170196533203,-32.9544677734375,0.11309143900871277
106.27659606933594,-32.9544677734375,0.12135934829711914
108.19149017333984,-32.9544677734375,0.07529837638139725
110.10638427734375,-32.9544677734375,-0.03806673735380173
112.02127838134766,-32.9544677734375,-0.1860635131597519
113.93617248535156,-32.9544677734375,-0.2859017550945282
115.85106658935547,-32.9544677734375,-0.6625017523765564
117.76596069335938,-32.9544677734375,-0.9085580110549927
119.68085479736328,-32.9544677734375,-1.2063168287277222
121.59574127197266,-32.9544677734375,-1.3710558414459229
123.51063537597656,-32.9544677734375,-1.310392141342163
125.42552947998047,-32.9544677734375,-0.7109546661376953
127.34042358398438,-32.9544677734375,-0.6639476418495178
129.2553253173828,-32.9544677734375,-0.668687641620636
131.1702117919922,-32.9544677734375,-0.6859609484672546
133.08511352539062,-32.9544677734375,-0.5387222170829773
135.0,-32.9544677734375,-1.1063565015792847
136.91488647460938,-32.9544677734375,-0.9912676811218262
138.8297882080078,-32.9544677734375,-1.0122568607330322
140.7446746826172,-32.9544677734375,-0.7436858415603638
142.65957641601562,-32.9544677734375,-0.4042567312717438
144.574462890625,-32.9544677734375,-0.25594237446784973
146.48936462402344,-32.9544677734375,-0.35240474343299866
148.4042510986328,-32.9544677734375,-0.2629249691963196
150.31915283203125,-32.9544677734375,-0.24713322520256042
152.23403930664062,-32.9544677734375,-0.07436415553092957
154.14894104003906,-32.9544677734375,-0.07960472255945206
156.06382751464844,-32.9544677734375,-0.116667240858078
157.97872924804688,-32.9544677734375,-0.10226510465145111
159.89361572265625,-32.9544677734375,-0.06560853123664856
161.8085174560547,-32.9544677734375,-0.03384583815932274
163.72340393066406,-32.9544677734375,-0.06038360670208931
165.63829040527344,-32.9544677734375,-0.11558329313993454
167.55319213867188,-32.9544677734375,-0.15880267322063446
169.46807861328125,-32.9544677734375,-0.1891237199306488
171.3829803466797,-32.9544677734375,-0.21819941699504852
173.29786682128906,-32.9544677734375,-0.12263838201761246
175.2127685546875,-32.9544677734375,-0.029741669073700905
177.12765502929688,-32.9544677734375,-0.024267133325338364
179.0425567626953,-32.9544677734375,-0.16678880155086517
-179.0270233154297,-34.56291198730469,-0.4249081313610077
-177.08108520507812,-34.56291198730469,-0.41164112091064453
-175.1351318359375,-34.56291198730469,-0.3260822296142578
-173.18919372558594,-34.56291198730469,-0.2210393249988556
-171.2432403564453,-34.56291198730469,-0.08279845118522644
-169.29730224609375,-34.56291198730469,0.048813946545124054
-167.35134887695312,-34.56291198730469,0.09980081021785736
-165.40541076660156,-34.56291198730469,0.06620781868696213
-163.45945739746094,-34.56291198730469,0.03760363161563873
-161.51351928710938,-34.56291198730469,0.0989990234375
-159.56756591796875,-34.56291198730469,0.18803711235523224
-157.6216278076172,-34.56291198730469,0.21876315772533417
-155.67567443847656,-34.56291198730469,0.18683281540870667
-153.729736328125,-34.56291198730469,0.11748790740966797
-151.78378295898438,-34.56291198730469,0.008404731750488281
-149.8378448486328,-34.56291198730469,-0.16613668203353882
-147.8918914794922,-34.56291198730469,-0.35598355531692505
-145.94595336914062,-34.56291198730469,-0.5139643549919128
-144.0,-34.56291198730469,-0.6432561278343201
-142.05404663085938,-34.56291198730469,-0.6605847477912903
-140.1081085205078,-34.56291198730469,-0.548304557800293
-138.1621551513672,-34.56291198730469,-0.4028487503528595
-136.21621704101562,-34.56291198730469,-0.27393677830696106
-134.270263671875,-34.56291198730469,-0.15157096087932587
-132.32432556152344,-34.56291198730469,-0.04044564440846443
-130.3783721923828,-34.56291198730469,0.06024697795510292
-128.43243408203125,-34.56291198730469,0.1315937042236328
-126.48648834228516,-34.56291198730469,0.18956616520881653
-124.54054260253906,-34.56291198730469,0.22064127027988434
-122.59459686279297,-34.56291198730469,0.1790774017572403
-120.64865112304688,-34.56291198730469,0.07578016817569733
-118.70270538330078,-34.56291198730469,-0.006570625118911266
-116.75675964355469,-34.56291198730469,-0.022741317749023438
-114.8108139038086,-34.56291198730469,0.03498503193259239
-112.8648681640625,-34.56291198730469,0.0932692214846611
-110.9189224243164,-34.56291198730469,0.1186436340212822
-108.97297668457031,-34.56291198730469,0.11459744721651077
-107.02702331542969,-34.56291198730469,0.08739598840475082
-105.0810775756836,-34.56291198730469,0.07720979303121567
-103.1351318359375,-34.56291198730469,0.12387529760599136
-101.1891860961914,-34.56291198730469,0.22552846372127533
-99.24324035644531,-34.56291198730469,0.3404267728328705
-97.29729461669922,-34.56291198730469,0.43274369835853577
-95.35134887695312,-34.56291198730469,0.49992835521698
-93.40540313720703,-34.56291198730469,0.55422043800354
-91.45945739746094,-34.56291198730469,0.608489453792572
-89.51351165771484,-34.56291198730469,0.6706327199935913
-87.56756591796875,-34.56291198730469,0.7802842855453491
-85.62162017822266,-34.56291198730469,0.9155591130256653
-83.67567443847656,-34.56291198730469,1.0521601438522339
-81.72972869873047,-34.56291198730469,1.1812827587127686
-79.78378295898438,-34.56291198730469,1.298076868057251
-77.83783721923828,-34.56291198730469,1.3923827409744263
-75.89189147949219,-34.56291198730469,1.4516265392303467
-73.9459457397461,-34.56291198730469,1.4658682346343994
-72.0,-34.56291198730469,1.0607657432556152
-70.0540542602539,-34.56291198730469,0.9364948868751526
-68.10810852050781,-34.56291198730469,0.912827730178833
-66.16216278076172,-34.56291198730469,0.380538672208786
-64.21621704101562,-34.56291198730469,-0.16540800034999847
-62.27027130126953,-34.56291198730469,-0.5313881635665894
-60.32432556152344,-34.56291198730469,-0.7715832591056824
-58.378379821777344,-34.56291198730469,-0.32723233103752136
-56.43243408203125,-34.56291198730469,-0.5324472784996033
-54.486488342285156,-34.56291198730469,-0.5908321142196655
-52.5405387878418,-34.56291198730469,-0.06521984934806824
-50.5945930480957,-34.56291198730469,0.006379763130098581
-48.64864730834961,-34.56291198730469,0.10807215422391891
-46.702701568603516,-34.56291198730469,0.19117088615894318
-44.75675582885742,-34.56291198730469,0.27416032552719116
-42.81081008911133,-34.56291198730469,0.38018691539764404
-40.864864349365234,-34.56291198730469,0.49065321683883667
-38.91891860961914,-34.56291198730469,0.5653395056724548
-36.97297286987305,-34.56291198730469,0.5791050791740417
-35.02702713012695,-34.56291198730469,0.5462310910224915
-33.08108139038086,-34.56291198730469,0.48833218216896057
-31.135135650634766,-34.56291198730469,0.4265863001346588
-29.189189910888672,-34.56291198730469,0.37396135926246643
-27.243244171142578,-34.56291198730469,0.3658405840396881
-25.29729652404785,-34.56291198730469,0.3784255087375641
-23.351350784301758,-34.56291198730469,0.3606196939945221
-21.405405044555664,-34.56291198730469,0.29678505659103394
-19.45945930480957,-34.56291198730469,0.22629763185977936
-17.513513565063477,-34.56291198730469,0.1821124106645584
-15.567567825317383,-34.56291198730469,0.18456313014030457
-13.621622085571289,-34.56291198730469,0.18006998300552368
-11.675675392150879,-34.56291198730469,0.14331480860710144
-9.729729652404785,-34.56291198730469,0.12110710144042969
-7.783783912658691,-34.56291198730469,0.17351894080638885
-5.8378376960754395,-34.56291198730469,0.29545503854751587
-3.8918919563293457,-34.56291198730469,0.4295634627342224
-1.9459459781646729,-34.56291198730469,0.4840213656425476
0.0,-34.56291198730469,0.4664030075073242
1.9459459781646729,-34.56291198730469,0.4592050015926361
3.8918919563293457,-34.56291198730469,0.48813971877098083
5.8378376960754395,-34.56291198730469,0.5378801226615906
7.783783912658691,-34.56291198730469,0.5879361033439636
9.729729652404785,-34.56291198730469,0.6428258419036865
11.675675392150879,-34.56291198730469,0.701996922492981
13.621622085571289,-34.56291198730469,0.75136798620224
15.567567825317383,-34.56291198730469,0.814994215965271
17.513513565063477,-34.56291198730469,0.8955999612808228
19.45945930480957,-34.56291198730469,0.9683875441551208
21.405405044555664,-34.56291198730469,1.1145224571228027
23.351350784301758,-34.56291198730469,1.2022159099578857
25.29729652404785,-34.56291198730469,1.1948268413543701
27.243244171142578,-34.56291198730469,1.083325982093811
29.189189910888672,-34.56291198730469,0.8823069930076599
31.135135650634766,-34.56291198730469,0.6778014898300171
33.08108139038086,-34.56291198730469,0.5497284531593323
35.02702713012695,-34.56291198730469,0.4982318878173828
36.97297286987305,-34.56291198730469,0.49562734365463257
38.91891860961914,-34.56291198730469,0.5144497752189636
40.864864349365234,-34.56291198730469,0.531676173210144
42.81081008911133,-34.56291198730469,0.505816638469696
44.75675582885742,-34.56291198730469,0.4613456726074219
46.702701568603516,-34.56291198730469,0.47786685824394226
48.64864730834961,-34.56291198730469,0.5634971857070923
50.5945930480957,-34.56291198730469,0.6603596210479736
52.5405387878418,-34.56291198730469,0.7003917694091797
54.486488342285156,-34.56291198730469,0.6617494225502014
56.43243408203125,-34.56291198730469,0.6061417460441589
58.378379821777344,-34.56291198730469,0.5682430267333984
60.32432556152344,-34.56291198730469,0.5508782863616943
62.27027130126953,-34.56291198730469,0.5825189352035522
64.21621704101562,-34.56291198730469,0.6587607860565186
66.16216278076172,-34.56291198730469,0.7054715752601624
68.10810852050781,-34.56291198730469,0.6771032214164734
70.0540542602539,-34.56291198730469,0.593309760093689
72.0,-34.56291198730469,0.5260355472564697
73.9459457397461,-34.56291198730469,0.5060049891471863
75.89189147949219,-34.56291198730469,0.5106210708618164
77.83783721923828,-34.56291198730469,0.541194498538971
79.78378295898438,-34.56291198730469,0.5565652847290039
81.72972869873047,-34.56291198730469,0.5437182188034058
83.67567443847656,-34.56291198730469,0.5281844735145569
85.62162017822266,-34.56291198730469,0.5340796709060669
87.56756591796875,-34.56291198730469,0.579788863658905
89.51351165771484,-34.56291198730469,0.6217429637908936
91.45945739746094,-34.56291198730469,0.6333591938018799
93.40540313720703,-34.56291198730469,0.6372133493423462
95.35134887695312,-34.56291198730469,0.5925734043121338
97.29729461669922,-34.56291198730469,0.5017037987709045
99.24324035644531,-34.56291198730469,0.3941005766391754
101.1891860961914,-34.56291198730469,0.28873202204704285
103.1351318359375,-34.56291198730469,0.25222861766815186
105.0810775756836,-34.56291198730469,0.25427982211112976
107.02702331542969,-34.56291198730469,0.22822847962379456
108.97297668457031,-34.56291198730469,0.15730838477611542
110.9189224243164,-34.56291198730469,0.027569834142923355
112.8648681640625,-34.56291198730469,-0.13132984936237335
114.8108139038086,-34.56291198730469,-0.3026176393032074
116.75675964355469,-34.56291198730469,-0.9681095480918884
118.70270538330078,-34.56291198730469,-0.8504015207290649
120.64865112304688,-34.56291198730469,-0.4559149444103241
122.59459686279297,-34.56291198730469,-0.44749143719673157
124.54054260253906,-34.56291198730469,-0.4380984306335449
126.48648834228516,-34.56291198730469,-0.4406733810901642
128.43243408203125,-34.56291198730469,-0.45275622606277466
130.3783721923828,-34.56291198730469,-0.45606476068496704
132.32432556152344,-34.56291198730469,-0.3953922986984253
134.270263671875,-34.56291198730469,-0.295044481754303
136.21621704101562,-34.56291198730469,-0.4147658348083496
138.1621551513672,-34.56291198730469,-0.578895628452301
140.1081085205078,-34.56291198730469,-0.8152387738227844
142.05404663085938,-34.56291198730469,-0.49404123425483704
144.0,-34.56291198730469,-0.34463927149772644
145.94595336914062,-34.56291198730469,-0.33291420340538025
147.8918914794922,-34.56291198730469,-0.21480004489421844
149.8378448486328,-34.56291198730469,-0.20465101301670074
151.78378295898438,-34.56291198730469,-0.039712078869342804
153.729736328125,-34.56291198730469,-0.1074865311384201
155.67567443847656,-34.56291198730469,-0.17735697329044342
157.6216278076172,-34.56291198730469,-0.1825745850801468
159.56756591796875,-34.56291198730469,-0.13114026188850403
161.51351928710938,-34.56291198730469,-0.07806549221277237
163.45945739746094,-34.56291198730469,-0.06383870542049408
165.40541076660156,-34.56291198730469,-0.09890975803136826
167.35134887695312,-34.56291198730469,-0.1298939436674118
169.29730224609375,-34.56291198730469,-0.12868385016918182
171.2432403564453,-34.56291198730469,-0.12389075011014938
173.18919372558594,-34.56291198730469,-0.12162062525749207
175.1351318359375,-34.56291198730469,-0.15268954634666443
177.08108520507812,-34.56291198730469,-0.21742337942123413
179.0270233154297,-34.56291198730469,-0.331347793340683
-179.00552368164062,-36.17196273803711,-0.5499232411384583
-177.01657104492188,-36.17196273803711,-0.5179404616355896
-175.02761840820312,-36.17196273803711,-0.4233320653438568
-173.03868103027344,-36.17196273803711,-0.29971086978912354
-171.0497283935547,-36.17196273803711,-0.12477162480354309
-169.06077575683594,-36.17196273803711,0.011266231536865234
-167.0718231201172,-36.17196273803711,0.07331307977437973
-165.08287048339844,-36.17196273803711,0.07224038243293762
-163.0939178466797,-36.17196273803711,0.0885704979300499
-161.10496520996094,-36.17196273803711,0.1913391798734665
-159.11602783203125,-36.17196273803711,0.27618709206581116
-157.1270751953125,-36.17196273803711,0.33398085832595825
-155.13812255859375,-36.17196273803711,0.3758852779865265
-153.149169921875,-36.17196273803711,0.37174639105796814
-151.16021728515625,-36.17196273803711,0.28655144572257996
-149.1712646484375,-36.17196273803711,0.1797400861978531
-147.1823272705078,-36.17196273803711,0.04810075834393501
-145.19337463378906,-36.17196273803711,-0.0856446921825409
-143.2044219970703,-36.17196273803711,-0.18074066936969757
-141.21546936035156,-36.17196273803711,-0.18820874392986298
-139.2265167236328,-36.17196273803711,-0.1352507323026657
-137.23756408691406,-36.17196273803711,-0.05493713915348053
-135.2486114501953,-36.17196273803711,0.03885364532470703
-133.25967407226562,-36.17196273803711,0.13378073275089264
-131.27072143554688,-36.17196273803711,0.24379342794418335
-129.28176879882812,-36.17196273803711,0.33717167377471924
-127.29281616210938,-36.17196273803711,0.3296993374824524
-125.30387115478516,-36.17196273803711,0.24294909834861755
-123.3149185180664,-36.17196273803711,0.14211463928222656
-121.32596588134766,-36.17196273803711,0.08441756665706635
-119.3370132446289,-36.17196273803711,0.023973146453499794
-117.34806823730469,-36.17196273803711,-0.022834332659840584
-115.35911560058594,-36.17196273803711,-0.02590096741914749
-113.37016296386719,-36.17196273803711,-0.025254568085074425
-111.38121795654297,-36.17196273803711,-0.045114994049072266
-109.39226531982422,-36.17196273803711,-0.08667494356632233
-107.40331268310547,-36.17196273803711,-0.12190567702054977
-105.41436767578125,-36.17196273803711,-0.12272971123456955
-103.4254150390625,-36.17196273803711,-0.07055889815092087
-101.43646240234375,-36.17196273803711,0.04767875745892525
-99.44751739501953,-36.17196273803711,0.17217181622982025
-97.45856475830078,-36.17196273803711,0.29013141989707947
-95.46961212158203,-36.17196273803711,0.40958112478256226
-93.48065948486328,-36.17196273803711,0.5243892073631287
-91.49171447753906,-36.17196273803711,0.6424450278282166
-89.50276184082031,-36.17196273803711,0.7753655314445496
-87.51380920410156,-36.17196273803711,0.901156485080719
-85.52486419677734,-36.17196273803711,0.9920670390129089
-83.5359115600586,-36.17196273803711,1.0759965181350708
-81.54695892333984,-36.17196273803711,1.1684114933013916
-79.55801391601562,-36.17196273803711,1.2472516298294067
-77.56906127929688,-36.17196273803711,1.3430501222610474
-75.58010864257812,-36.17196273803711,1.4674471616744995
-73.5911636352539,-36.17196273803711,1.5386890172958374
-71.60221099853516,-36.17196273803711,0.65621018409729
-69.6132583618164,-36.17196273803711,1.0350146293640137
-67.62430572509766,-36.17196273803711,0.8564223647117615
-65.63536071777344,-36.17196273803711,0.35527244210243225
-63.64640808105469,-36.17196273803711,-0.04915571212768555
-61.6574592590332,-36.17196273803711,-0.30407920479774475
-59.66850662231445,-36.17196273803711,-0.52604740858078
-57.67955780029297,-36.17196273803711,-0.5154055953025818
-55.690608978271484,-36.17196273803711,0.09340235590934753
-53.701656341552734,-36.17196273803711,-0.02331565134227276
-51.71270751953125,-36.17196273803711,0.07158883661031723
-49.723758697509766,-36.17196273803711,0.27844735980033875
-47.734806060791016,-36.17196273803711,0.4343253970146179
-45.74585723876953,-36.17196273803711,0.477531760931015
-43.75690460205078,-36.17196273803711,0.5334216356277466
-41.7679557800293,-36.17196273803711,0.6078502535820007
-39.77900695800781,-36.17196273803711,0.6661294102668762
-37.79005432128906,-36.17196273803711,0.6831823587417603
-35.80110549926758,-36.17196273803711,0.6632647514343262
-33.81215286254883,-36.17196273803711,0.6233198046684265
-31.823204040527344,-36.17196273803711,0.5417479872703552
-29.834253311157227,-36.17196273803711,0.4588673412799835
-27.845304489135742,-36.17196273803711,0.39653921127319336
-25.856353759765625,-36.17196273803711,0.3403235077857971
-23.867403030395508,-36.17196273803711,0.2710271179676056
-21.87845230102539,-36.17196273803711,0.1701725572347641
-19.889503479003906,-36.17196273803711,0.07026319205760956
-17.90055274963379,-36.17196273803711,-0.016724808141589165
-15.911602020263672,-36.17196273803711,-0.07921625673770905
-13.922652244567871,-36.17196273803711,-0.11169592291116714
-11.933701515197754,-36.17196273803711,-0.11898987740278244
-9.944751739501953,-36.17196273803711,-0.0848112404346466
-7.955801010131836,-36.17196273803711,-0.013681539334356785
-5.966850757598877,-36.17196273803711,0.07161086052656174
-3.977900505065918,-36.17196273803711,0.16560949385166168
-1.988950252532959,-36.17196273803711,0.25421276688575745
0.0,-36.17196273803711,0.3127876818180084
1.988950252532959,-36.17196273803711,0.33700811862945557
3.977900505065918,-36.17196273803711,0.3206966817378998
5.966850757598877,-36.17196273803711,0.31431469321250916
7.955801010131836,-36.17196273803711,0.35561636090278625
9.944751739501953,-36.17196273803711,0.43609288334846497
11.933701515197754,-36.17196273803711,0.5164026618003845
13.922652244567871,-36.17196273803711,0.566291868686676
15.911602020263672,-36.17196273803711,0.6320206522941589
17.90055274963379,-36.17196273803711,0.8311521410942078
19.889503479003906,-36.17196273803711,1.137477159500122
21.87845230102539,-36.17196273803711,1.3617173433303833
23.867403030395508,-36.17196273803711,1.3611079454421997
25.856353759765625,-36.17196273803711,1.2783883810043335
27.845304489135742,-36.17196273803711,1.0627905130386353
29.834253311157227,-36.17196273803711,0.7668798565864563
31.823204040527344,-36.17196273803711,0.5167266130447388
33.81215286254883,-36.17196273803711,0.34303924441337585
35.80110549926758,-36.17196273803711,0.2330915480852127
37.79005432128906,-36.17196273803711,0.23441696166992188
39.77900695800781,-36.17196273803711,0.2861609160900116
41.7679557800293,-36.17196273803711,0.3217131793498993
43.75690460205078,-36.17196273803711,0.35083019733428955
45.74585723876953,-36.17196273803711,0.3913443386554718
47.734806060791016,-36.17196273803711,0.4868459701538086
49.723758697509766,-36.17196273803711,0.6100347638130188
51.71270751953125,-36.17196273803711,0.7160512804985046
53.701656341552734,-36.17196273803711,0.7295587062835693
55.690608978271484,-36.17196273803711,0.6907400488853455
57.67955780029297,-36.17196273803711,0.6297065019607544
59.66850662231445,-36.17196273803711,0.5571781396865845
61.6574592590332,-36.17196273803711,0.5261800289154053
63.64640808105469,-36.17196273803711,0.5841289758682251
65.63536071777344,-36.17196273803711,0.6456958055496216
67.62430572509766,-36.17196273803711,0.6492650508880615
69.6132583618164,-36.17196273803711,0.6006379127502441
71.60221099853516,-36.17196273803711,0.5573626756668091
73.5911636352539,-36.17196273803711,0.5465489029884338
75.58010864257812,-36.17196273803711,0.5775618553161621
77.56906127929688,-36.17196273803711,0.5972453951835632
79.55801391601562,-36.17196273803711,0.5849950313568115
81.54695892333984,-36.17196273803711,0.5804315209388733
83.5359115600586,-36.17196273803711,0.6337559819221497
85.52486419677734,-36.17196273803711,0.7437891960144043
87.51380920410156,-36.17196273803711,0.8466908931732178
89.50276184082031,-36.17196273803711,0.9084213972091675
91.49171447753906,-36.17196273803711,0.9649469256401062
93.48065948486328,-36.17196273803711,1.0169703960418701
95.46961212158203,-36.17196273803711,1.0410094261169434
97.45856475830078,-36.17196273803711,0.938998281955719
99.44751739501953,-36.17196273803711,0.7310487031936646
101.43646240234375,-36.17196273803711,0.5570052862167358
103.4254150390625,-36.17196273803711,0.4720801115036011
105.41436767578125,-36.17196273803711,0.43604007363319397
107.40331268310547,-36.17196273803711,0.37828966975212097
109.39226531982422,-36.17196273803711,0.28581058979034424
111.38121795654297,-36.17196273803711,0.15639950335025787
113.37016296386719,-36.17196273803711,-0.053099315613508224
115.35911560058594,-36.17196273803711,-0.25869396328926086
117.34806823730469,-36.17196273803711,-0.3546506464481354
119.3370132446289,-36.17196273803711,-0.33913105726242065
121.32596588134766,-36.17196273803711,-0.2991119921207428
123.3149185180664,-36.17196273803711,-0.24375994503498077
125.30387115478516,-36.17196273803711,-0.1842750906944275
127.29281616210938,-36.17196273803711,-0.17214146256446838
129.28176879882812,-36.17196273803711,-0.20642375946044922
131.27072143554688,-36.17196273803711,-0.20083977282047272
133.25967407226562,-36.17196273803711,-0.15351642668247223
135.2486114501953,-36.17196273803711,-0.11382115632295609
137.23756408691406,-36.17196273803711,-0.23841451108455658
139.2265167236328,-36.17196273803711,-0.24407854676246643
141.21546936035156,-36.17196273803711,-0.4478122889995575
143.2044219970703,-36.17196273803711,-0.36256831884384155
145.19337463378906,-36.17196273803711,-0.24071547389030457
147.1823272705078,-36.17196273803711,-0.3920557200908661
149.1712646484375,-36.17196273803711,-0.27710360288619995
151.16021728515625,-36.17196273803711,0.019808197394013405
153.149169921875,-36.17196273803711,-0.0918656662106514
155.13812255859375,-36.17196273803711,-0.2348293960094452
157.1270751953125,-36.17196273803711,-0.2866584062576294
159.11602783203125,-36.17196273803711,-0.19921022653579712
161.10496520996094,-36.17196273803711,-0.10103518515825272
163.0939178466797,-36.17196273803711,-0.07446803897619247
165.08287048339844,-36.17196273803711,-0.11015612632036209
167.0718231201172,-36.17196273803711,-0.11684214323759079
169.06077575683594,-36.17196273803711,-0.03971525654196739
171.0497283935547,-36.17196273803711,0.03236732631921768
173.03868103027344,-36.17196273803711,-0.03705552592873573
175.02761840820312,-36.17196273803711,-0.17384307086467743
177.01657104492188,-36.17196273803711,-0.3449610471725464
179.00552368164062,-36.17196273803711,-0.45947393774986267
-178.98304748535156,-37.77847671508789,-0.5976644158363342
-176.94915771484375,-37.77847671508789,-0.5227475762367249
-174.91525268554688,-37.77847671508789,-0.39533403515815735
-172.88136291503906,-37.77847671508789,-0.2455025017261505
-170.8474578857422,-37.77847671508789,-0.03031546249985695
-168.8135528564453,-37.77847671508789,0.09121297299861908
-166.7796630859375,-37.77847671508789,0.16259250044822693
-164.74575805664062,-37.77847671508789,0.16466322541236877
-162.7118682861328,-37.77847671508789,0.2133045494556427
-160.67796325683594,-37.77847671508789,0.35970285534858704
-158.64407348632812,-37.77847671508789,0.43806561827659607
-156.61016845703125,-37.77847671508789,0.5264143943786621
-154.57627868652344,-37.77847671508789,0.621423065662384
-152.54237365722656,-37.77847671508789,0.6379967927932739
-150.5084686279297,-37.77847671508789,0.5785025954246521
-148.47457885742188,-37.77847671508789,0.5392121076583862
-146.440673828125,-37.77847671508789,0.4512794613838196
-144.4067840576172,-37.77847671508789,0.356046199798584
-142.3728790283203,-37.77847671508789,0.2948269248008728
-140.3389892578125,-37.77847671508789,0.26542022824287415
-138.30508422851562,-37.77847671508789,0.24553966522216797
-136.27117919921875,-37.77847671508789,0.2957526445388794
-134.23728942871094,-37.77847671508789,0.33659470081329346
-132.20338439941406,-37.77847671508789,0.40731579065322876
-130.16949462890625,-37.77847671508789,0.4976591467857361
-128.13558959960938,-37.77847671508789,0.5396574139595032
-126.10169219970703,-37.77847671508789,0.3673386871814728
-124.06779479980469,-37.77847671508789,0.1721755415201187
-122.03389739990234,-37.77847671508789,0.09464165568351746
-120.0,-37.77847671508789,0.04064830020070076
-117.96610260009766,-37.77847671508789,-0.027952926233410835
-115.93220520019531,-37.77847671508789,-0.07716856151819229
-113.89830780029297,-37.77847671508789,-0.12392184138298035
-111.86441040039062,-37.77847671508789,-0.20164944231510162
-109.83050537109375,-37.77847671508789,-0.2788076102733612
-107.7966079711914,-37.77847671508789,-0.32632705569267273
-105.76271057128906,-37.77847671508789,-0.31560656428337097
-103.72881317138672,-37.77847671508789,-0.2667434513568878
-101.69491577148438,-37.77847671508789,-0.11210110783576965
-99.66101837158203,-37.77847671508789,0.051988475024700165
-97.62712097167969,-37.77847671508789,0.20775343477725983
-95.59322357177734,-37.77847671508789,0.36385923624038696
-93.55931854248047,-37.77847671508789,0.5249494314193726
-91.52542114257812,-37.77847671508789,0.691281259059906
-89.49152374267578,-37.77847671508789,0.872131884098053
-87.45762634277344,-37.77847671508789,1.000229835510254
-85.4237289428711,-37.77847671508789,1.0578864812850952
-83.38983154296875,-37.77847671508789,1.0819613933563232
-81.3559341430664,-37.77847671508789,1.1382861137390137
-79.32203674316406,-37.77847671508789,1.1638562679290771
-77.28813934326172,-37.77847671508789,1.27779221534729
-75.25423431396484,-37.77847671508789,1.4612557888031006
-73.2203369140625,-37.77847671508789,0.7926326990127563
-71.18643951416016,-37.77847671508789,0.9569237232208252
-69.15254211425781,-37.77847671508789,1.2575613260269165
-67.11864471435547,-37.77847671508789,0.9916447401046753
-65.08474731445312,-37.77847671508789,0.39859944581985474
-63.050846099853516,-37.77847671508789,-0.022216590121388435
-61.01694869995117,-37.77847671508789,-0.16640661656856537
-58.98305130004883,-37.77847671508789,-0.2815746068954468
-56.949153900146484,-37.77847671508789,0.10868905484676361
-54.915252685546875,-37.77847671508789,0.04084889218211174
-52.88135528564453,-37.77847671508789,-0.007183138746768236
-50.84745788574219,-37.77847671508789,0.26392775774002075
-48.813560485839844,-37.77847671508789,0.6089836359024048
-46.779659271240234,-37.77847671508789,0.6597135663032532
-44.74576187133789,-37.77847671508789,0.6875661015510559
-42.71186447143555,-37.77847671508789,0.7297695279121399
-40.6779670715332,-37.77847671508789,0.7594921588897705
-38.64406967163086,-37.77847671508789,0.7658889293670654
-36.61016845703125,-37.77847671508789,0.7183457016944885
-34.576271057128906,-37.77847671508789,0.6777089238166809
-32.54237365722656,-37.77847671508789,0.6064097285270691
-30.508474349975586,-37.77847671508789,0.49711963534355164
-28.474576950073242,-37.77847671508789,0.41204750537872314
-26.440677642822266,-37.77847671508789,0.30650565028190613
-24.406780242919922,-37.77847671508789,0.18631353974342346
-22.372880935668945,-37.77847671508789,0.0407710075378418
-20.3389835357666,-37.77847671508789,-0.11603571474552155
-18.305084228515625,-37.77847671508789,-0.25296327471733093
-16.27118682861328,-37.77847671508789,-0.36690619587898254
-14.237288475036621,-37.77847671508789,-0.4282781183719635
-12.203390121459961,-37.77847671508789,-0.42920228838920593
-10.1694917678833,-37.77847671508789,-0.3765677809715271
-8.13559341430664,-37.77847671508789,-0.28085213899612427
-6.1016950607299805,-37.77847671508789,-0.21917051076889038
-4.06779670715332,-37.77847671508789,-0.13322502374649048
-2.03389835357666,-37.77847671508789,-0.015099907293915749
0.0,-37.77847671508789,0.090624138712883
2.03389835357666,-37.77847671508789,0.13789673149585724
4.06779670715332,-37.77847671508789,0.07538680732250214
6.1016950607299805,-37.77847671508789,0.01893370971083641
8.13559341430664,-37.77847671508789,0.06622972339391708
10.1694917678833,-37.77847671508789,0.1758359968662262
12.203390121459961,-37.77847671508789,0.26852989196777344
14.237288475036621,-37.77847671508789,0.30697113275527954
16.27118682861328,-37.77847671508789,0.3635353744029999
18.305084228515625,-37.77847671508789,0.7129536867141724
20.3389835357666,-37.77847671508789,1.158218264579773
22.372880935668945,-37.77847671508789,1.3873459100723267
24.406780242919922,-37.77847671508789,1.2980085611343384
26.440677642822266,-37.77847671508789,1.2076870203018188
28.474576950073242,-37.77847671508789,0.8648744821548462
30.508474349975586,-37.77847671508789,0.5257720351219177
32.54237365722656,-37.77847671508789,0.2648090422153473
34.576271057128906,-37.77847671508789,0.07658933103084564
36.61016845703125,-37.77847671508789,-0.061288006603717804
38.64406967163086,-37.77847671508789,0.03552977368235588
40.6779670715332,-37.77847671508789,0.11430447548627853
42.71186447143555,-37.77847671508789,0.19013547897338867
44.74576187133789,-37.77847671508789,0.2597011625766754
46.779659271240234,-37.77847671508789,0.3428008258342743
48.813560485839844,-37.77847671508789,0.4887283444404602
50.84745788574219,-37.77847671508789,0.655860185623169
52.88135528564453,-37.77847671508789,0.727451503276825
54.915252685546875,-37.77847671508789,0.7168070077896118
56.949153900146484,-37.77847671508789,0.6843633055686951
58.98305130004883,-37.77847671508789,0.5916513800621033
61.01694869995117,-37.77847671508789,0.49275001883506775
63.050846099853516,-37.77847671508789,0.5233801603317261
65.08474731445312,-37.77847671508789,0.590794563293457
67.11864471435547,-37.77847671508789,0.6201844811439514
69.15254211425781,-37.77847671508789,0.5953189730644226
71.18643951416016,-37.77847671508789,0.5694777369499207
73.2203369140625,-37.77847671508789,0.5637465119361877
75.25423431396484,-37.77847671508789,0.5971140265464783
77.28813934326172,-37.77847671508789,0.6252894997596741
79.32203674316406,-37.77847671508789,0.590082049369812
81.3559341430664,-37.77847671508789,0.5822266936302185
83.38983154296875,-37.77847671508789,0.6966601014137268
85.4237289428711,-37.77847671508789,0.8885959982872009
87.45762634277344,-37.77847671508789,1.0498830080032349
89.49152374267578,-37.77847671508789,1.1425102949142456
91.52542114257812,-37.77847671508789,1.2502577304840088
93.55931854248047,-37.77847671508789,1.332674264907837
95.59322357177734,-37.77847671508789,1.4172618389129639
97.62712097167969,-37.77847671508789,1.2776880264282227
99.66101837158203,-37.77847671508789,0.9792302846908569
101.69491577148438,-37.77847671508789,0.7502909302711487
103.72881317138672,-37.77847671508789,0.6522893309593201
105.76271057128906,-37.77847671508789,0.5966160297393799
107.7966079711914,-37.77847671508789,0.4996665120124817
109.83050537109375,-37.77847671508789,0.39365383982658386
111.86441040039062,-37.77847671508789,0.28739145398139954
113.89830780029297,-37.77847671508789,0.020618565380573273
115.93220520019531,-37.77847671508789,-0.21402715146541595
117.96610260009766,-37.77847671508789,-0.22545385360717773
120.0,-37.77847671508789,-0.1601414978504181
122.03389739990234,-37.77847671508789,-0.10721607506275177
124.06779479980469,-37.77847671508789,-0.03404000774025917
126.10169219970703,-37.77847671508789,0.07030337303876877
128.13558959960938,-37.77847671508789,0.009442678652703762
130.16949462890625,-37.77847671508789,-0.0243721641600132
132.20338439941406,-37.77847671508789,-0.0076948800124228
134.23728942871094,-37.77847671508789,0.01592143438756466
136.27117919921875,-37.77847671508789,0.027716604992747307
138.30508422851562,-37.77847671508789,-0.02236795425415039
140.3389892578125,-37.77847671508789,-0.18351627886295319
142.3728790283203,-37.77847671508789,-0.2148866057395935
144.4067840576172,-37.77847671508789,-0.2532922327518463
146.440673828125,-37.77847671508789,-0.44662192463874817
148.47457885742188,-37.77847671508789,-0.1789781004190445
150.5084686279297,-37.77847671508789,0.05888703837990761
152.54237365722656,-37.77847671508789,-0.050749968737363815
154.57627868652344,-37.77847671508789,-0.2429707795381546
156.61016845703125,-37.77847671508789,-0.3826204240322113
158.64407348632812,-37.77847671508789,-0.2468799650669098
160.67796325683594,-37.77847671508789,-0.10746479034423828
162.7118682861328,-37.77847671508789,-0.0659593865275383
164.74575805664062,-37.77847671508789,-0.11479167640209198
166.7796630859375,-37.77847671508789,-0.1433403342962265
168.8135528564453,-37.77847671508789,-0.0019741058349609375
170.8474578857422,-37.77847671508789,0.1609172224998474
172.88136291503906,-37.77847671508789,0.06544145196676254
174.91525268554688,-37.77847671508789,-0.149934321641922
176.94915771484375,-37.77847671508789,-0.3170526623725891
178.98304748535156,-37.77847671508789,-0.4756013751029968
-178.95953369140625,-39.38359069824219,-0.45030921697616577
-176.8786163330078,-39.38359069824219,-0.35889992117881775
-174.7976837158203,-39.38359069824219,-0.17067712545394897
-172.71676635742188,-39.38359069824219,0.04071401059627533
-170.63583374023438,-39.38359069824219,0.21885690093040466
-168.55491638183594,-39.38359069824219,0.3254014849662781
-166.47398376464844,-39.38359069824219,0.3848913908004761
-164.39306640625,-39.38359069824219,0.43458816409111023
-162.3121337890625,-39.38359069824219,0.5209919810295105
-160.23121643066406,-39.38359069824219,0.6239104270935059
-158.15028381347656,-39.38359069824219,0.6928228139877319
-156.06936645507812,-39.38359069824219,0.7267112135887146
-153.98843383789062,-39.38359069824219,0.7551557421684265
-151.9075164794922,-39.38359069824219,0.7821676731109619
-149.8265838623047,-39.38359069824219,0.8187386393547058
-147.74566650390625,-39.38359069824219,0.8436034321784973
-145.66473388671875,-39.38359069824219,0.8362441658973694
-143.5838165283203,-39.38359069824219,0.8034356832504272
-141.5028839111328,-39.38359069824219,0.7515658736228943
-139.42196655273438,-39.38359069824219,0.6952724456787109
-137.34103393554688,-39.38359069824219,0.643572986125946
-135.26011657714844,-39.38359069824219,0.6032129526138306
-133.17918395996094,-39.38359069824219,0.5896621346473694
-131.0982666015625,-39.38359069824219,0.5954786539077759
-129.017333984375,-39.38359069824219,0.5844393372535706
-126.93641662597656,-39.38359069824219,0.49251875281333923
-124.8554916381836,-39.38359069824219,0.3451005816459656
-122.77456665039062,-39.38359069824219,0.2109270691871643
-120.69364166259766,-39.38359069824219,0.0966106429696083
-118.61271667480469,-39.38359069824219,-0.013000011444091797
-116.53179168701172,-39.38359069824219,-0.11232363432645798
-114.45086669921875,-39.38359069824219,-0.21560898423194885
-112.36994171142578,-39.38359069824219,-0.33877846598625183
-110.28901672363281,-39.38359069824219,-0.4575219750404358
-108.20809173583984,-39.38359069824219,-0.5174000859260559
-106.12716674804688,-39.38359069824219,-0.4821179509162903
-104.0462417602539,-39.38359069824219,-0.37587061524391174
-101.96531677246094,-39.38359069824219,-0.21368545293807983
-99.88439178466797,-39.38359069824219,-0.014969062991440296
-97.803466796875,-39.38359069824219,0.18665902316570282
-95.72254180908203,-39.38359069824219,0.37895452976226807
-93.64161682128906,-39.38359069824219,0.5579332709312439
-91.5606918334961,-39.38359069824219,0.7442788481712341
-89.47976684570312,-39.38359069824219,0.9273496866226196
-87.39884185791016,-39.38359069824219,1.0600203275680542
-85.31791687011719,-39.38359069824219,1.1201461553573608
-83.23699188232422,-39.38359069824219,1.1282696723937988
-81.15606689453125,-39.38359069824219,1.1238598823547363
-79.07514190673828,-39.38359069824219,1.1424435377120972
-76.99421691894531,-39.38359069824219,1.2292582988739014
-74.91329193115234,-39.38359069824219,1.3500303030014038
-72.83236694335938,-39.38359069824219,1.0223777294158936
-70.7514419555664,-39.38359069824219,1.3573075532913208
-68.67051696777344,-39.38359069824219,1.383207082748413
-66.58959197998047,-39.38359069824219,0.7862095832824707
-64.5086669921875,-39.38359069824219,0.11859076470136642
-62.4277458190918,-39.38359069824219,0.1760067343711853
-60.34682083129883,-39.38359069824219,0.490519255399704
-58.26589584350586,-39.38359069824219,0.3342820405960083
-56.18497085571289,-39.38359069824219,0.16179561614990234
-54.10404586791992,-39.38359069824219,0.07227134704589844
-52.02312088012695,-39.38359069824219,0.15679749846458435
-49.942195892333984,-39.38359069824219,0.3801838457584381
-47.861270904541016,-39.38359069824219,0.5985519289970398
-45.78034591674805,-39.38359069824219,0.733126163482666
-43.69942092895508,-39.38359069824219,0.8164881467819214
-41.61849594116211,-39.38359069824219,0.8437586426734924
-39.53757095336914,-39.38359069824219,0.8165788650512695
-37.45664596557617,-39.38359069824219,0.7305466532707214
-35.3757209777832,-39.38359069824219,0.622734546661377
-33.294795989990234,-39.38359069824219,0.5277909636497498
-31.2138729095459,-39.38359069824219,0.45074471831321716
-29.13294792175293,-39.38359069824219,0.37304145097732544
-27.05202293395996,-39.38359069824219,0.26142820715904236
-24.971097946166992,-39.38359069824219,0.11102600395679474
-22.890172958374023,-39.38359069824219,-0.08320464938879013
-20.809247970581055,-39.38359069824219,-0.3033546507358551
-18.728322982788086,-39.38359069824219,-0.5148779153823853
-16.647397994995117,-39.38359069824219,-0.6768040060997009
-14.566473960876465,-39.38359069824219,-0.7647278308868408
-12.485548973083496,-39.38359069824219,-0.7806325554847717
-10.404623985290527,-39.38359069824219,-0.746232271194458
-8.323698997497559,-39.38359069824219,-0.6766158938407898
-6.242774486541748,-39.38359069824219,-0.5703749060630798
-4.161849498748779,-39.38359069824219,-0.4350152611732483
-2.0809247493743896,-39.38359069824219,-0.30868005752563477
0.0,-39.38359069824219,-0.21531371772289276
2.0809247493743896,-39.38359069824219,-0.19183383882045746
4.161849498748779,-39.38359069824219,-0.23153002560138702
6.242774486541748,-39.38359069824219,-0.2698045074939728
8.323698997497559,-39.38359069824219,-0.24103812873363495
10.404623985290527,-39.38359069824219,-0.1476699560880661
12.485548973083496,-39.38359069824219,-0.05180269852280617
14.566473960876465,-39.38359069824219,0.036619823426008224
16.647397994995117,-39.38359069824219,0.2010524719953537
18.728322982788086,-39.38359069824219,0.5123924016952515
20.809247970581055,-39.38359069824219,0.8453666567802429
22.890172958374023,-39.38359069824219,0.9968178272247314
24.971097946166992,-39.38359069824219,0.9620299935340881
27.05202293395996,-39.38359069824219,0.7968428134918213
29.13294792175293,-39.38359069824219,0.5211235284805298
31.2138729095459,-39.38359069824219,0.2377808839082718
33.294795989990234,-39.38359069824219,0.012958018109202385
35.3757209777832,-39.38359069824219,-0.13427549600601196
37.45664596557617,-39.38359069824219,-0.15002037584781647
39.53757095336914,-39.38359069824219,-0.04907560348510742
41.61849594116211,-39.38359069824219,0.05795663222670555
43.69942092895508,-39.38359069824219,0.13889770209789276
45.78034591674805,-39.38359069824219,0.2084330916404724
47.861270904541016,-39.38359069824219,0.3210691511631012
49.942195892333984,-39.38359069824219,0.4809459447860718
52.02312088012695,-39.38359069824219,0.6168807744979858
54.10404586791992,-39.38359069824219,0.6663753390312195
56.18497085571289,-39.38359069824219,0.6633673906326294
58.26589584350586,-39.38359069824219,0.6212419867515564
60.34682083129883,-39.38359069824219,0.5497422814369202
62.4277458190918,-39.38359069824219,0.5129051208496094
64.5086669921875,-39.38359069824219,0.5235103964805603
66.58959197998047,-39.38359069824219,0.5403780937194824
68.67051696777344,-39.38359069824219,0.5498931407928467
70.7514419555664,-39.38359069824219,0.5444425344467163
72.83236694335938,-39.38359069824219,0.5380969643592834
74.91329193115234,-39.38359069824219,0.5368050932884216
76.99421691894531,-39.38359069824219,0.5469921231269836
79.07514190673828,-39.38359069824219,0.5536850094795227
81.15606689453125,-39.38359069824219,0.5963112115859985
83.23699188232422,-39.38359069824219,0.6995163559913635
85.31791687011719,-39.38359069824219,0.8652316927909851
87.39884185791016,-39.38359069824219,1.0692074298858643
89.47976684570312,-39.38359069824219,1.2717666625976562
91.5606918334961,-39.38359069824219,1.4347493648529053
93.64161682128906,-39.38359069824219,1.5208666324615479
95.72254180908203,-39.38359069824219,1.5132441520690918
97.803466796875,-39.38359069824219,1.3521910905838013
99.88439178466797,-39.38359069824219,1.0963436365127563
101.96531677246094,-39.38359069824219,0.8882622718811035
104.0462417602539,-39.38359069824219,0.7673833966255188
106.12716674804688,-39.38359069824219,0.673116147518158
108.20809173583984,-39.38359069824219,0.5418923497200012
110.28901672363281,-39.38359069824219,0.3894520401954651
112.36994171142578,-39.38359069824219,0.2561827301979065
114.45086669921875,-39.38359069824219,0.14736798405647278
116.53179168701172,-39.38359069824219,0.06215985491871834
118.61271667480469,-39.38359069824219,0.03596747666597366
120.69364166259766,-39.38359069824219,0.03384431079030037
122.77456665039062,-39.38359069824219,0.049837589263916016
124.8554916381836,-39.38359069824219,0.07379945367574692
126.93641662597656,-39.38359069824219,0.07748177647590637
129.017333984375,-39.38359069824219,0.060122743248939514
131.0982666015625,-39.38359069824219,0.07340396195650101
133.17918395996094,-39.38359069824219,0.09816541522741318
135.26011657714844,-39.38359069824219,0.11241884529590607
137.34103393554688,-39.38359069824219,0.10921214520931244
139.42196655273438,-39.38359069824219,0.09496132284402847
141.5028839111328,-39.38359069824219,0.10010115057229996
143.5838165283203,-39.38359069824219,0.14776745438575745
145.66473388671875,-39.38359069824219,0.20946107804775238
147.74566650390625,-39.38359069824219,0.13732147216796875
149.8265838623047,-39.38359069824219,0.014659659005701542
151.9075164794922,-39.38359069824219,-0.12851686775684357
153.98843383789062,-39.38359069824219,-0.24068956077098846
156.06936645507812,-39.38359069824219,-0.27520427107810974
158.15028381347656,-39.38359069824219,-0.21719935536384583
160.23121643066406,-39.38359069824219,-0.1224576011300087
162.3121337890625,-39.38359069824219,-0.0725371390581131
164.39306640625,-39.38359069824219,-0.07909641414880753
166.47398376464844,-39.38359069824219,-0.08144903182983398
168.55491638183594,-39.38359069824219,-0.010946528054773808
170.63583374023438,-39.38359069824219,0.07548239827156067
172.71676635742188,-39.38359069824219,0.046282991766929626
174.7976837158203,-39.38359069824219,-0.19243831932544708
176.8786163330078,-39.38359069824219,-0.2558952271938324
178.95953369140625,-39.38359069824219,-0.39862602949142456
-178.93490600585938,-40.98851013183594,-0.2893811762332916
-176.8047332763672,-40.98851013183594,-0.14989729225635529
-174.674560546875,-40.98851013183594,0.11861178278923035
-172.54437255859375,-40.98851013183594,0.3681221306324005
-170.41419982910156,-40.98851013183594,0.5206684470176697
-168.28402709960938,-40.98851013183594,0.6106337308883667
-166.15383911132812,-40.98851013183594,0.6682369112968445
-164.02366638183594,-40.98851013183594,0.7531363368034363
-161.89349365234375,-40.98851013183594,0.8286069631576538
-159.76332092285156,-40.98851013183594,0.89795982837677
-157.6331329345703,-40.98851013183594,0.9071023464202881
-155.50296020507812,-40.98851013183594,0.842058539390564
-153.37278747558594,-40.98851013183594,0.8211032748222351
-151.2425994873047,-40.98851013183594,0.9118773341178894
-149.1124267578125,-40.98851013183594,1.0370519161224365
-146.9822540283203,-40.98851013183594,1.1291300058364868
-144.85206604003906,-40.98851013183594,1.187248706817627
-142.72189331054688,-40.98851013183594,1.1860227584838867
-140.5917205810547,-40.98851013183594,1.123936414718628
-138.46153259277344,-40.98851013183594,1.0408796072006226
-136.33135986328125,-40.98851013183594,0.9022055864334106
-134.20118713378906,-40.98851013183594,0.7809341549873352
-132.0709991455078,-40.98851013183594,0.6965835690498352
-129.94082641601562,-40.98851013183594,0.6289812326431274
-127.81065368652344,-40.98851013183594,0.5500014424324036
-125.68047332763672,-40.98851013183594,0.46469685435295105
-123.55029296875,-40.98851013183594,0.3644846975803375
-121.42012023925781,-40.98851013183594,0.19545122981071472
-119.2899398803711,-40.98851013183594,0.018323294818401337
-117.15975952148438,-40.98851013183594,-0.1326427459716797
-115.02958679199219,-40.98851013183594,-0.28270941972732544
-112.89940643310547,-40.98851013183594,-0.4494732618331909
-110.76923370361328,-40.98851013183594,-0.6047743558883667
-108.63905334472656,-40.98851013183594,-0.6981320977210999
-106.50887298583984,-40.98851013183594,-0.6341454386711121
-104.37870025634766,-40.98851013183594,-0.4711501896381378
-102.24851989746094,-40.98851013183594,-0.26609835028648376
-100.11833953857422,-40.98851013183594,-0.03626445308327675
-97.98816680908203,-40.98851013183594,0.2010832130908966
-95.85798645019531,-40.98851013183594,0.41916874051094055
-93.72781372070312,-40.98851013183594,0.6149963736534119
-91.5976333618164,-40.98851013183594,0.808143675327301
-89.46745300292969,-40.98851013183594,0.9894252419471741
-87.3372802734375,-40.98851013183594,1.1189360618591309
-85.20709991455078,-40.98851013183594,1.1679660081863403
-83.07691955566406,-40.98851013183594,1.1496751308441162
-80.94674682617188,-40.98851013183594,1.0958222150802612
-78.81656646728516,-40.98851013183594,1.0728367567062378
-76.68639373779297,-40.98851013183594,1.1211222410202026
-74.55621337890625,-40.98851013183594,1.1717380285263062
-72.42603302001953,-40.98851013183594,1.0556544065475464
-70.29586029052734,-40.98851013183594,1.111487627029419
-68.16567993164062,-40.98851013183594,0.7799382209777832
-66.0354995727539,-40.98851013183594,0.12454501539468765
-63.90532684326172,-40.98851013183594,0.13372421264648438
-61.775146484375,-40.98851013183594,0.537919282913208
-59.64496994018555,-40.98851013183594,0.36200380325317383
-57.514793395996094,-40.98851013183594,0.19330094754695892
-55.38461685180664,-40.98851013183594,0.09872671961784363
-53.25443649291992,-40.98851013183594,0.0978565514087677
-51.12425994873047,-40.98851013183594,0.20732584595680237
-48.994083404541016,-40.98851013183594,0.39661943912506104
-46.86390686035156,-40.98851013183594,0.6266540884971619
-44.733726501464844,-40.98851013183594,0.8291113972663879
-42.60354995727539,-40.98851013183594,0.9193138480186462
-40.47337341308594,-40.98851013183594,0.8790451288223267
-38.343196868896484,-40.98851013183594,0.7643498182296753
-36.213016510009766,-40.98851013183594,0.572713315486908
-34.08283996582031,-40.98851013183594,0.3869543671607971
-31.95266342163086,-40.98851013183594,0.3120594918727875
-29.822484970092773,-40.98851013183594,0.2913736402988434
-27.69230842590332,-40.98851013183594,0.20246709883213043
-25.562129974365234,-40.98851013183594,0.02943655662238598
-23.43195343017578,-40.98851013183594,-0.19264669716358185
-21.301774978637695,-40.98851013183594,-0.48699745535850525
-19.171598434448242,-40.98851013183594,-0.777794599533081
-17.041419982910156,-40.98851013183594,-0.9943984746932983
-14.911242485046387,-40.98851013183594,-1.1231721639633179
-12.781064987182617,-40.98851013183594,-1.1618163585662842
-10.650887489318848,-40.98851013183594,-1.1390148401260376
-8.520709991455078,-40.98851013183594,-1.0821088552474976
-6.390532493591309,-40.98851013183594,-0.9535037279129028
-4.260354995727539,-40.98851013183594,-0.7762570977210999
-2.1301774978637695,-40.98851013183594,-0.6319478154182434
0.0,-40.98851013183594,-0.5472100973129272
2.1301774978637695,-40.98851013183594,-0.5350638031959534
4.260354995727539,-40.98851013183594,-0.5753724575042725
6.390532493591309,-40.98851013183594,-0.6066352725028992
8.520709991455078,-40.98851013183594,-0.5836169123649597
10.650887489318848,-40.98851013183594,-0.5164117217063904
12.781064987182617,-40.98851013183594,-0.4100763201713562
14.911242485046387,-40.98851013183594,-0.2671632468700409
17.041419982910156,-40.98851013183594,-0.06929340213537216
19.171598434448242,-40.98851013183594,0.20881420373916626
21.301774978637695,-40.98851013183594,0.4712618589401245
23.43195343017578,-40.98851013183594,0.5838574171066284
25.562129974365234,-40.98851013183594,0.5424456000328064
27.69230842590332,-40.98851013183594,0.3887516260147095
29.822484970092773,-40.98851013183594,0.1668093353509903
31.95266342163086,-40.98851013183594,-0.05855054780840874
34.08283996582031,-40.98851013183594,-0.23355478048324585
36.213016510009766,-40.98851013183594,-0.32332926988601685
38.343196868896484,-40.98851013183594,-0.22685804963111877
40.47337341308594,-40.98851013183594,-0.048508040606975555
42.60354995727539,-40.98851013183594,0.0580691322684288
44.733726501464844,-40.98851013183594,0.07486006617546082
46.86390686035156,-40.98851013183594,0.12584730982780457
48.994083404541016,-40.98851013183594,0.29692378640174866
51.12425994873047,-40.98851013183594,0.4762372672557831
53.25443649291992,-40.98851013183594,0.5916093587875366
55.38461685180664,-40.98851013183594,0.6465005278587341
57.514793395996094,-40.98851013183594,0.6365267634391785
59.64496994018555,-40.98851013183594,0.5777212977409363
61.775146484375,-40.98851013183594,0.5134389400482178
63.90532684326172,-40.98851013183594,0.45892947912216187
66.0354995727539,-40.98851013183594,0.4243135452270508
68.16567993164062,-40.98851013183594,0.44201985001564026
70.29586029052734,-40.98851013183594,0.4741825759410858
72.42603302001953,-40.98851013183594,0.4843975901603699
74.55621337890625,-40.98851013183594,0.47781288623809814
76.68639373779297,-40.98851013183594,0.47404053807258606
78.81656646728516,-40.98851013183594,0.4832480251789093
80.94674682617188,-40.98851013183594,0.5426200032234192
83.07691955566406,-40.98851013183594,0.6345141530036926
85.20709991455078,-40.98851013183594,0.75639408826828
87.3372802734375,-40.98851013183594,0.9891993403434753
89.46745300292969,-40.98851013183594,1.3319798707962036
91.5976333618164,-40.98851013183594,1.5937236547470093
93.72781372070312,-40.98851013183594,1.6381887197494507
95.85798645019531,-40.98851013183594,1.5477402210235596
97.98816680908203,-40.98851013183594,1.358242154121399
100.11833953857422,-40.98851013183594,1.107600450515747
102.24851989746094,-40.98851013183594,0.9194457530975342
104.37870025634766,-40.98851013183594,0.8402021527290344
106.50887298583984,-40.98851013183594,0.7473421692848206
108.63905334472656,-40.98851013183594,0.5474058985710144
110.76923370361328,-40.98851013183594,0.34278935194015503
112.89940643310547,-40.98851013183594,0.29550400376319885
115.02958679199219,-40.98851013183594,0.35464537143707275
117.15975952148438,-40.98851013183594,0.3515954315662384
119.2899398803711,-40.98851013183594,0.24448604881763458
121.42012023925781,-40.98851013183594,0.14990195631980896
123.55029296875,-40.98851013183594,0.12009048461914062
125.68047332763672,-40.98851013183594,0.09803765267133713
127.81065368652344,-40.98851013183594,0.08498109132051468
129.94082641601562,-40.98851013183594,0.10123376548290253
132.0709991455078,-40.98851013183594,0.13604237139225006
134.20118713378906,-40.98851013183594,0.16990751028060913
136.33135986328125,-40.98851013183594,0.18494056165218353
138.46153259277344,-40.98851013183594,0.2132503241300583
140.5917205810547,-40.98851013183594,0.2561129331588745
142.72189331054688,-40.98851013183594,0.33107832074165344
144.85206604003906,-40.98851013183594,-0.04628957062959671
146.9822540283203,-40.98851013183594,-0.0795886367559433
149.1124267578125,-40.98851013183594,0.052227336913347244
151.2425994873047,-40.98851013183594,-0.24435265362262726
153.37278747558594,-40.98851013183594,-0.31712615489959717
155.50296020507812,-40.98851013183594,-0.24215593934059143
157.6331329345703,-40.98851013183594,-0.1590115875005722
159.76332092285156,-40.98851013183594,-0.0965118408203125
161.89349365234375,-40.98851013183594,-0.051912181079387665
164.02366638183594,-40.98851013183594,-0.04716542735695839
166.15383911132812,-40.98851013183594,-0.04787727817893028
168.28402709960938,-40.98851013183594,-0.009587828069925308
170.41419982910156,-40.98851013183594,0.03564049303531647
172.54437255859375,-40.98851013183594,-0.21429356932640076
174.674560546875,-40.98851013183594,-0.0751718208193779
176.8047332763672,-40.98851013183594,-0.15812088549137115
178.93490600585938,-40.98851013183594,-0.26607808470726013
-178.90908813476562,-42.59453582763672,-0.16499309241771698
-176.72727966308594,-42.59453582763672,0.032057445496320724
-174.5454559326172,-42.59453582763672,0.3765795826911926
-172.36363220214844,-42.59453582763672,0.6320531368255615
-170.18182373046875,-42.59453582763672,0.7448133826255798
-168.0,-42.59453582763672,0.8313891887664795
-165.81817626953125,-42.59453582763672,0.8679799437522888
-163.63636779785156,-42.59453582763672,1.015008807182312
-161.4545440673828,-42.59453582763672,0.9983564019203186
-159.27272033691406,-42.59453582763672,1.0674077272415161
-157.09091186523438,-42.59453582763672,0.9902669191360474
-154.90908813476562,-42.59453582763672,0.8453250527381897
-152.72727966308594,-42.59453582763672,0.8316386342048645
-150.5454559326172,-42.59453582763672,1.0118204355239868
-148.36363220214844,-42.59453582763672,1.2087563276290894
-146.18182373046875,-42.59453582763672,1.3078981637954712
-144.0,-42.59453582763672,1.4246695041656494
-141.81817626953125,-42.59453582763672,1.3795770406723022
-139.63636779785156,-42.59453582763672,1.3273929357528687
-137.4545440673828,-42.59453582763672,1.1824814081192017
-135.27272033691406,-42.59453582763672,0.9369555711746216
-133.09091186523438,-42.59453582763672,0.7648954391479492
-130.90908813476562,-42.59453582763672,0.6333519220352173
-128.72727966308594,-42.59453582763672,0.5341812968254089
-126.54545593261719,-42.59453582763672,0.46018949151039124
-124.36363983154297,-42.59453582763672,0.4432516098022461
-122.18181610107422,-42.59453582763672,0.2747362554073334
-120.0,-42.59453582763672,0.03346967697143555
-117.81818389892578,-42.59453582763672,-0.15368016064167023
-115.63636016845703,-42.59453582763672,-0.3338865339756012
-113.45454406738281,-42.59453582763672,-0.5222944617271423
-111.2727279663086,-42.59453582763672,-0.6916845440864563
-109.09091186523438,-42.59453582763672,-0.8296810388565063
-106.90908813476562,-42.59453582763672,-0.7361734509468079
-104.7272720336914,-42.59453582763672,-0.525048553943634
-102.54545593261719,-42.59453582763672,-0.2837958335876465
-100.36363983154297,-42.59453582763672,-0.03677094727754593
-98.18181610107422,-42.59453582763672,0.21554511785507202
-96.0,-42.59453582763672,0.44812333583831787
-93.81818389892578,-42.59453582763672,0.6565724015235901
-91.63636016845703,-42.59453582763672,0.8571054935455322
-89.45454406738281,-42.59453582763672,1.053534746170044
-87.2727279663086,-42.59453582763672,1.177252173423767
-85.09091186523438,-42.59453582763672,1.2052565813064575
-82.90908813476562,-42.59453582763672,1.1596300601959229
-80.7272720336914,-42.59453582763672,1.052904486656189
-78.54545593261719,-42.59453582763672,0.9530043601989746
-76.36363983154297,-42.59453582763672,0.9760726690292358
-74.18181610107422,-42.59453582763672,0.8686090111732483
-72.0,-42.59453582763672,0.5957645773887634
-69.81818389892578,-42.59453582763672,0.38276803493499756
-67.63636016845703,-42.59453582763672,0.08695828169584274
-65.45454406738281,-42.59453582763672,-0.22212955355644226
-63.272727966308594,-42.59453582763672,0.4660017788410187
-61.09090805053711,-42.59453582763672,0.39393848180770874
-58.90909194946289,-42.59453582763672,0.178510382771492
-56.727272033691406,-42.59453582763672,0.08519455790519714
-54.54545593261719,-42.59453582763672,0.050620779395103455
-52.3636360168457,-42.59453582763672,0.09246276319026947
-50.181819915771484,-42.59453582763672,0.2252727448940277
-48.0,-42.59453582763672,0.424309104681015
-45.818180084228516,-42.59453582763672,0.7186909317970276
-43.6363639831543,-42.59453582763672,0.9723920822143555
-41.45454406738281,-42.59453582763672,0.9252563714981079
-39.272727966308594,-42.59453582763672,0.8083254098892212
-37.09090805053711,-42.59453582763672,0.5779832601547241
-34.90909194946289,-42.59453582763672,0.28672248125076294
-32.727272033691406,-42.59453582763672,0.11144685745239258
-30.545454025268555,-42.59453582763672,0.14133329689502716
-28.363636016845703,-42.59453582763672,0.13568058609962463
-26.18181800842285,-42.59453582763672,-0.12460530549287796
-24.0,-42.59453582763672,-0.3312501609325409
-21.81818199157715,-42.59453582763672,-0.6750932335853577
-19.636363983154297,-42.59453582763672,-1.029511570930481
-17.454545974731445,-42.59453582763672,-1.2887303829193115
-15.272727012634277,-42.59453582763672,-1.4381266832351685
-13.090909004211426,-42.59453582763672,-1.515819787979126
-10.909090995788574,-42.59453582763672,-1.5093531608581543
-8.727272987365723,-42.59453582763672,-1.4888551235198975
-6.545454502105713,-42.59453582763672,-1.3409755229949951
-4.363636493682861,-42.59453582763672,-1.1374257802963257
-2.1818182468414307,-42.59453582763672,-0.9834845662117004
0.0,-42.59453582763672,-0.8984174132347107
2.1818182468414307,-42.59453582763672,-0.8752868175506592
4.363636493682861,-42.59453582763672,-0.9154015779495239
6.545454502105713,-42.59453582763672,-0.9568926095962524
8.727272987365723,-42.59453582763672,-0.9280139803886414
10.909090995788574,-42.59453582763672,-0.8897531032562256
13.090909004211426,-42.59453582763672,-0.7451807856559753
15.272727012634277,-42.59453582763672,-0.5791965126991272
17.454545974731445,-42.59453582763672,-0.37057843804359436
19.636363983154297,-42.59453582763672,-0.08691546320915222
21.81818199157715,-42.59453582763672,0.14426177740097046
24.0,-42.59453582763672,0.2093963623046875
26.18181800842285,-42.59453582763672,0.16375920176506042
28.363636016845703,-42.59453582763672,0.04708906635642052
30.545454025268555,-42.59453582763672,-0.13438726961612701
32.727272033691406,-42.59453582763672,-0.2958621680736542
34.90909194946289,-42.59453582763672,-0.42908090353012085
37.09090805053711,-42.59453582763672,-0.4589911997318268
39.272727966308594,-42.59453582763672,-0.20322535932064056
41.45454406738281,-42.59453582763672,0.04785257950425148
43.6363639831543,-42.59453582763672,0.022477149963378906
45.818180084228516,-42.59453582763672,-0.040758706629276276
48.0,-42.59453582763672,0.1109263077378273
50.181819915771484,-42.59453582763672,0.3426906168460846
52.3636360168457,-42.59453582763672,0.5088681578636169
54.54545593261719,-42.59453582763672,0.6114231944084167
56.727272033691406,-42.59453582763672,0.6680665016174316
58.90909194946289,-42.59453582763672,0.570669412612915
61.09090805053711,-42.59453582763672,0.4979838728904724
63.272727966308594,-42.59453582763672,0.38851797580718994
65.45454406738281,-42.59453582763672,0.29454076290130615
67.63636016845703,-42.59453582763672,0.2890229821205139
69.81818389892578,-42.59453582763672,0.3545377552509308
72.0,-42.59453582763672,0.4049430191516876
74.18181610107422,-42.59453582763672,0.4010658264160156
76.36363983154297,-42.59453582763672,0.40614527463912964
78.54545593261719,-42.59453582763672,0.399228036403656
80.7272720336914,-42.59453582763672,0.45176851749420166
82.90908813476562,-42.59453582763672,0.539088785648346
85.09091186523438,-42.59453582763672,0.6285585165023804
87.2727279663086,-42.59453582763672,0.8589654564857483
89.45454406738281,-42.59453582763672,1.3437784910202026
91.63636016845703,-42.59453582763672,1.7484585046768188
93.81818389892578,-42.59453582763672,1.6816436052322388
96.0,-42.59453582763672,1.546399712562561
98.18181610107422,-42.59453582763672,1.3365601301193237
100.36363983154297,-42.59453582763672,1.0695414543151855
102.54545593261719,-42.59453582763672,0.9131787419319153
104.7272720336914,-42.59453582763672,0.8960712552070618
106.90908813476562,-42.59453582763672,0.8267470598220825
109.09091186523438,-42.59453582763672,0.5349671244621277
111.2727279663086,-42.59453582763672,0.2531048357486725
113.45454406738281,-42.59453582763672,0.4084106981754303
115.63636016845703,-42.59453582763672,0.6022469401359558
117.81818389892578,-42.59453582763672,0.5329630374908447
120.0,-42.59453582763672,0.3198515772819519
122.18181610107422,-42.59453582763672,0.1792449653148651
124.36363983154297,-42.59453582763672,0.1369786560535431
126.54545593261719,-42.59453582763672,0.10298678278923035
128.72727966308594,-42.59453582763672,0.10535421222448349
130.90908813476562,-42.59453582763672,0.126127690076828
133.09091186523438,-42.59453582763672,0.18830327689647675
135.27272033691406,-42.59453582763672,0.22778752446174622
137.4545440673828,-42.59453582763672,0.26600778102874756
139.63636779785156,-42.59453582763672,0.33601313829421997
141.81817626953125,-42.59453582763672,0.41882845759391785
144.0,-42.59453582763672,0.5271015763282776
146.18182373046875,-42.59453582763672,-0.7961675524711609
148.36363220214844,-42.59453582763672,0.04792369157075882
150.5454559326172,-42.59453582763672,-0.2846144735813141
152.72727966308594,-42.59453582763672,-0.4368661344051361
154.90908813476562,-42.59453582763672,-0.269652783870697
157.09091186523438,-42.59453582763672,-0.11288334429264069
159.27272033691406,-42.59453582763672,-0.09377667307853699
161.4545440673828,-42.59453582763672,-0.03230339661240578
163.63636779785156,-42.59453582763672,-0.03654257580637932
165.81817626953125,-42.59453582763672,-0.03415015712380409
168.0,-42.59453582763672,0.0008613268728367984
170.18182373046875,-42.59453582763672,0.038732338696718216
172.36363220214844,-42.59453582763672,-0.2971344590187073
174.5454559326172,-42.59453582763672,-0.01155583094805479
176.72727966308594,-42.59453582763672,-0.04888134077191353
178.90908813476562,-42.59453582763672,-0.1368003487586975
-178.88198852539062,-44.20306396484375,0.009617614559829235
-176.64596557617188,-44.20306396484375,0.17965221405029297
-174.40994262695312,-44.20306396484375,0.44635993242263794
-172.17391967773438,-44.20306396484375,0.6688209772109985
-169.93788146972656,-44.20306396484375,0.7880271077156067
-167.7018585205078,-44.20306396484375,0.8328408598899841
-165.46583557128906,-44.20306396484375,0.8567019104957581
-163.2298126220703,-44.20306396484375,0.8974471688270569
-160.99378967285156,-44.20306396484375,0.9180636405944824
-158.7577667236328,-44.20306396484375,0.9264218807220459
-156.52174377441406,-44.20306396484375,0.8649035096168518
-154.2857208251953,-44.20306396484375,0.8116435408592224
-152.0496826171875,-44.20306396484375,0.8708571791648865
-149.81365966796875,-44.20306396484375,1.0197464227676392
-147.57763671875,-44.20306396484375,1.1636435985565186
-145.34161376953125,-44.20306396484375,1.2652992010116577
-143.1055908203125,-44.20306396484375,1.3211407661437988
-140.86956787109375,-44.20306396484375,1.3026418685913086
-138.633544921875,-44.20306396484375,1.2085751295089722
-136.39752197265625,-44.20306396484375,0.992192804813385
-134.16148376464844,-44.20306396484375,0.7546653151512146
-131.9254608154297,-44.20306396484375,0.5696667432785034
-129.68943786621094,-44.20306396484375,0.43237075209617615
-127.45341491699219,-44.20306396484375,0.3390846252441406
-125.21739196777344,-44.20306396484375,0.26901382207870483
-122.98136901855469,-44.20306396484375,0.16277332603931427
-120.7453384399414,-44.20306396484375,-0.02235994301736355
-118.50931549072266,-44.20306396484375,-0.20282596349716187
-116.2732925415039,-44.20306396484375,-0.3858064115047455
-114.03726959228516,-44.20306396484375,-0.5718767046928406
-111.80123901367188,-44.20306396484375,-0.7115703225135803
-109.56521606445312,-44.20306396484375,-0.7843981981277466
-107.32919311523438,-44.20306396484375,-0.712638795375824
-105.09317016601562,-44.20306396484375,-0.5174979567527771
-102.85713958740234,-44.20306396484375,-0.28134551644325256
-100.6211166381836,-44.20306396484375,-0.04215018078684807
-98.38509368896484,-44.20306396484375,0.2069506049156189
-96.1490707397461,-44.20306396484375,0.44376248121261597
-93.91304016113281,-44.20306396484375,0.6646626591682434
-91.67701721191406,-44.20306396484375,0.8877094984054565
-89.44099426269531,-44.20306396484375,1.095847725868225
-87.20497131347656,-44.20306396484375,1.2129480838775635
-84.96894073486328,-44.20306396484375,1.213845133781433
-82.73291778564453,-44.20306396484375,1.135133147239685
-80.49689483642578,-44.20306396484375,1.0177791118621826
-78.26087188720703,-44.20306396484375,0.911899745464325
-76.02484130859375,-44.20306396484375,0.8448020219802856
-73.788818359375,-44.20306396484375,0.7298351526260376
-71.55279541015625,-44.20306396484375,0.1971883475780487
-69.3167724609375,-44.20306396484375,-0.13340137898921967
-67.08074188232422,-44.20306396484375,-0.2817113697528839
-64.84471893310547,-44.20306396484375,0.29290446639060974
-62.60869598388672,-44.20306396484375,0.32355165481567383
-60.3726692199707,-44.20306396484375,0.17468620836734772
-58.13664627075195,-44.20306396484375,0.05554688721895218
-55.90061950683594,-44.20306396484375,0.014781920239329338
-53.66459655761719,-44.20306396484375,0.030616028234362602
-51.42856979370117,-44.20306396484375,0.12801310420036316
-49.19254684448242,-44.20306396484375,0.30603450536727905
-46.956520080566406,-44.20306396484375,0.559593915939331
-44.720497131347656,-44.20306396484375,0.8032887578010559
-42.48447036743164,-44.20306396484375,0.8897765278816223
-40.24844741821289,-44.20306396484375,0.7809198498725891
-38.012420654296875,-44.20306396484375,0.5654836297035217
-35.776397705078125,-44.20306396484375,0.30486181378364563
-33.54037094116211,-44.20306396484375,0.08332179486751556
-31.30434799194336,-44.20306396484375,-0.035641543567180634
-29.068323135375977,-44.20306396484375,-0.15810172259807587
-26.832298278808594,-44.20306396484375,-0.3904918134212494
-24.59627342224121,-44.20306396484375,-0.675045371055603
-22.360248565673828,-44.20306396484375,-0.9613290429115295
-20.124223709106445,-44.20306396484375,-1.2404999732971191
-17.888198852539062,-44.20306396484375,-1.4741154909133911
-15.65217399597168,-44.20306396484375,-1.6533461809158325
-13.416149139404297,-44.20306396484375,-1.7737526893615723
-11.180124282836914,-44.20306396484375,-1.806654453277588
-8.944099426269531,-44.20306396484375,-1.7949727773666382
-6.708074569702148,-44.20306396484375,-1.7052628993988037
-4.472049713134766,-44.20306396484375,-1.5470043420791626
-2.236024856567383,-44.20306396484375,-1.3829376697540283
0.0,-44.20306396484375,-1.2667618989944458
2.236024856567383,-44.20306396484375,-1.222114086151123
4.472049713134766,-44.20306396484375,-1.2327420711517334
6.708074569702148,-44.20306396484375,-1.2433830499649048
8.944099426269531,-44.20306396484375,-1.2157349586486816
11.180124282836914,-44.20306396484375,-1.1349453926086426
13.416149139404297,-44.20306396484375,-0.9847214221954346
15.65217399597168,-44.20306396484375,-0.7994638085365295
17.888198852539062,-44.20306396484375,-0.5793654918670654
20.124223709106445,-44.20306396484375,-0.346735417842865
22.360248565673828,-44.20306396484375,-0.17344513535499573
24.59627342224121,-44.20306396484375,-0.09779771417379379
26.832298278808594,-44.20306396484375,-0.1117381751537323
29.068323135375977,-44.20306396484375,-0.18443332612514496
31.30434799194336,-44.20306396484375,-0.2894945442676544
33.54037094116211,-44.20306396484375,-0.38295021653175354
35.776397705078125,-44.20306396484375,-0.41999128460884094
38.012420654296875,-44.20306396484375,-0.3281860053539276
40.24844741821289,-44.20306396484375,-0.15679146349430084
42.48447036743164,-44.20306396484375,-0.0397350937128067
44.720497131347656,-44.20306396484375,0.003242142964154482
46.956520080566406,-44.20306396484375,0.07987357676029205
49.19254684448242,-44.20306396484375,0.2543732821941376
51.42856979370117,-44.20306396484375,0.42364680767059326
53.66459655761719,-44.20306396484375,0.5391603708267212
55.90061950683594,-44.20306396484375,0.5840193033218384
58.13664627075195,-44.20306396484375,0.5201517343521118
60.3726692199707,-44.20306396484375,0.39647695422172546
62.60869598388672,-44.20306396484375,0.27882277965545654
64.84471893310547,-44.20306396484375,0.1921132355928421
67.08074188232422,-44.20306396484375,0.15866747498512268
69.3167724609375,-44.20306396484375,0.19411815702915192
71.55279541015625,-44.20306396484375,0.24523530900478363
73.788818359375,-44.20306396484375,0.27550145983695984
76.02484130859375,-44.20306396484375,0.28723061084747314
78.26087188720703,-44.20306396484375,0.29198217391967773
80.49689483642578,-44.20306396484375,0.3388158082962036
82.73291778564453,-44.20306396484375,0.44601690769195557
84.96894073486328,-44.20306396484375,0.6161564588546753
87.20497131347656,-44.20306396484375,0.8986045718193054
89.44099426269531,-44.20306396484375,1.2856611013412476
91.67701721191406,-44.20306396484375,1.5687060356140137
93.91304016113281,-44.20306396484375,1.6083755493164062
96.1490707397461,-44.20306396484375,1.4935609102249146
98.38509368896484,-44.20306396484375,1.3095948696136475
100.6211166381836,-44.20306396484375,1.1068412065505981
102.85713958740234,-44.20306396484375,0.9660042524337769
105.09317016601562,-44.20306396484375,0.8767405152320862
107.32919311523438,-44.20306396484375,0.7422214150428772
109.56521606445312,-44.20306396484375,0.5686414241790771
111.80123901367188,-44.20306396484375,0.4937762916088104
114.03726959228516,-44.20306396484375,0.5660125017166138
116.2732925415039,-44.20306396484375,0.6073604822158813
118.50931549072266,-44.20306396484375,0.4825877547264099
120.7453384399414,-44.20306396484375,0.30491912364959717
122.98136901855469,-44.20306396484375,0.1949167251586914
125.21739196777344,-44.20306396484375,0.14860372245311737
127.45341491699219,-44.20306396484375,0.12603123486042023
129.68943786621094,-44.20306396484375,0.13574479520320892
131.9254608154297,-44.20306396484375,0.1908896118402481
134.16148376464844,-44.20306396484375,0.26383644342422485
136.39752197265625,-44.20306396484375,0.31340503692626953
138.633544921875,-44.20306396484375,0.36930134892463684
140.86956787109375,-44.20306396484375,0.4374885857105255
143.1055908203125,-44.20306396484375,0.5112408995628357
145.34161376953125,-44.20306396484375,0.5333726406097412
147.57763671875,-44.20306396484375,0.34053894877433777
149.81365966796875,-44.20306396484375,-0.034033872187137604
152.0496826171875,-44.20306396484375,-0.3067781329154968
154.2857208251953,-44.20306396484375,-0.31442707777023315
156.52174377441406,-44.20306396484375,-0.21415477991104126
158.7577667236328,-44.20306396484375,-0.15294507145881653
160.99378967285156,-44.20306396484375,-0.10778693854808807
163.2298126220703,-44.20306396484375,-0.0738605186343193
165.46583557128906,-44.20306396484375,-0.031022770330309868
167.7018585205078,-44.20306396484375,-0.08998409658670425
169.93788146972656,-44.20306396484375,-0.4871872067451477
172.17391967773438,-44.20306396484375,-0.032116953283548355
174.40994262695312,-44.20306396484375,0.013470998965203762
176.64596557617188,-44.20306396484375,-0.030915673822164536
178.88198852539062,-44.20306396484375,-0.04395351558923721
-178.84616088867188,-45.81040954589844,0.1186901107430458
-176.53846740722656,-45.81040954589844,0.27725082635879517
-174.23077392578125,-45.81040954589844,0.47389093041419983
-171.92308044433594,-45.81040954589844,0.6481859683990479
-169.61538696289062,-45.81040954589844,0.7462878227233887
-167.3076934814453,-45.81040954589844,0.7468522787094116
-165.0,-45.81040954589844,0.6986158490180969
-162.6923065185547,-45.81040954589844,0.6789329051971436
-160.38461303710938,-45.81040954589844,0.7055450677871704
-158.07691955566406,-45.81040954589844,0.7129824757575989
-155.76922607421875,-45.81040954589844,0.6976926922798157
-153.46153259277344,-45.81040954589844,0.7111641764640808
-151.15383911132812,-45.81040954589844,0.7886355519294739
-148.84616088867188,-45.81040954589844,0.9004070162773132
-146.53846740722656,-45.81040954589844,0.9965901970863342
-144.23077392578125,-45.81040954589844,1.0568031072616577
-141.92308044433594,-45.81040954589844,1.0953590869903564
-139.61538696289062,-45.81040954589844,1.0784426927566528
-137.3076934814453,-45.81040954589844,0.9128850698471069
-135.0,-45.81040954589844,0.6387191414833069
-132.6923065185547,-45.81040954589844,0.4026356339454651
-130.38461303710938,-45.81040954589844,0.2542576789855957
-128.07691955566406,-45.81040954589844,0.14992013573646545
-125.76923370361328,-45.81040954589844,0.061374664306640625
-123.46154022216797,-45.81040954589844,-0.038513217121362686
-121.15384674072266,-45.81040954589844,-0.1610061377286911
-118.84615325927734,-45.81040954589844,-0.3046570122241974
-116.53845977783203,-45.81040954589844,-0.4732513725757599
-114.23076629638672,-45.81040954589844,-0.645250678062439
-111.92308044433594,-45.81040954589844,-0.7499370574951172
-109.61538696289062,-45.81040954589844,-0.7572694420814514
-107.30769348144531,-45.81040954589844,-0.6512185335159302
-105.0,-45.81040954589844,-0.4409540891647339
-102.69230651855469,-45.81040954589844,-0.2088191658258438
-100.38461303710938,-45.81040954589844,0.0018236796604469419
-98.07691955566406,-45.81040954589844,0.22714351117610931
-95.76923370361328,-45.81040954589844,0.4459759294986725
-93.46154022216797,-45.81040954589844,0.678284764289856
-91.15384674072266,-45.81040954589844,0.933754026889801
-88.84615325927734,-45.81040954589844,1.1589244604110718
-86.53845977783203,-45.81040954589844,1.2304638624191284
-84.23076629638672,-45.81040954589844,1.1787352561950684
-81.92308044433594,-45.81040954589844,1.0617272853851318
-79.61538696289062,-45.81040954589844,0.9191914796829224
-77.30769348144531,-45.81040954589844,0.8022866249084473
-75.0,-45.81040954589844,0.6851040124893188
-72.69230651855469,-45.81040954589844,0.37388572096824646
-70.38461303710938,-45.81040954589844,0.12182047218084335
-68.07691955566406,-45.81040954589844,-0.1294431835412979
-65.76923370361328,-45.81040954589844,0.16643956303596497
-63.46154022216797,-45.81040954589844,0.13137711584568024
-61.153846740722656,-45.81040954589844,0.039979856461286545
-58.846153259277344,-45.81040954589844,-0.05469778552651405
-56.53845977783203,-45.81040954589844,-0.05625775828957558
-54.230770111083984,-45.81040954589844,0.00196863804012537
-51.92307662963867,-45.81040954589844,0.0964297279715538
-49.61538314819336,-45.81040954589844,0.2408512383699417
-47.30769348144531,-45.81040954589844,0.4979446828365326
-45.0,-45.81040954589844,0.7950592637062073
-42.69230651855469,-45.81040954589844,0.8846043348312378
-40.38461685180664,-45.81040954589844,0.7046149969100952
-38.07692337036133,-45.81040954589844,0.4376004934310913
-35.769229888916016,-45.81040954589844,0.19738098978996277
-33.46154022216797,-45.81040954589844,-0.016355054453015327
-31.153846740722656,-45.81040954589844,-0.22283385694026947
-28.846153259277344,-45.81040954589844,-0.46778640151023865
-26.538461685180664,-45.81040954589844,-0.7891308665275574
-24.230770111083984,-45.81040954589844,-1.138645052909851
-21.923076629638672,-45.81040954589844,-1.369066834449768
-19.615385055541992,-45.81040954589844,-1.5263426303863525
-17.30769157409668,-45.81040954589844,-1.6877939701080322
-15.0,-45.81040954589844,-1.8601182699203491
-12.692307472229004,-45.81040954589844,-1.9883346557617188
-10.384614944458008,-45.81040954589844,-2.051795721054077
-8.076923370361328,-45.81040954589844,-2.0567445755004883
-5.769230842590332,-45.81040954589844,-1.9694904088974
-3.461538553237915,-45.81040954589844,-1.8278743028640747
-1.1538461446762085,-45.81040954589844,-1.6709176301956177
1.1538461446762085,-45.81040954589844,-1.5598783493041992
3.461538553237915,-45.81040954589844,-1.5173815488815308
5.769230842590332,-45.81040954589844,-1.5143269300460815
8.076923370361328,-45.81040954589844,-1.48317289352417
10.384614944458008,-45.81040954589844,-1.4002596139907837
12.692307472229004,-45.81040954589844,-1.2563862800598145
15.0,-45.81040954589844,-1.0690300464630127
17.30769157409668,-45.81040954589844,-0.8537143468856812
19.615385055541992,-45.81040954589844,-0.6372255682945251
21.923076629638672,-45.81040954589844,-0.45823776721954346
24.230770111083984,-45.81040954589844,-0.34522995352745056
26.538461685180664,-45.81040954589844,-0.293722540140152
28.846153259277344,-45.81040954589844,-0.30852988362312317
31.153846740722656,-45.81040954589844,-0.3486131727695465
33.46154022216797,-45.81040954589844,-0.3718080520629883
35.769229888916016,-45.81040954589844,-0.34493380784988403
38.07692337036133,-45.81040954589844,-0.27655911445617676
40.38461685180664,-45.81040954589844,-0.1871757060289383
42.69230651855469,-45.81040954589844,-0.08195020258426666
45.0,-45.81040954589844,0.03023223951458931
47.30769348144531,-45.81040954589844,0.16913078725337982
49.61538314819336,-45.81040954589844,0.3223290741443634
51.92307662963867,-45.81040954589844,0.45571255683898926
54.230770111083984,-45.81040954589844,0.5491361618041992
56.53845977783203,-45.81040954589844,0.5517045259475708
58.846153259277344,-45.81040954589844,0.40948668122291565
61.153846740722656,-45.81040954589844,0.2144751399755478
63.46154022216797,-45.81040954589844,0.09439479559659958
65.76923370361328,-45.81040954589844,0.03080735169351101
68.07691955566406,-45.81040954589844,0.02597753144800663
70.38461303710938,-45.81040954589844,0.0666511207818985
72.69230651855469,-45.81040954589844,0.11951252818107605
75.0,-45.81040954589844,0.1586306095123291
77.30769348144531,-45.81040954589844,0.16801978647708893
79.61538696289062,-45.81040954589844,0.1930140107870102
81.92308044433594,-45.81040954589844,0.2912069857120514
84.23076629638672,-45.81040954589844,0.49569666385650635
86.53845977783203,-45.81040954589844,0.7932508587837219
88.84615325927734,-45.81040954589844,1.1486262083053589
91.15384674072266,-45.81040954589844,1.4449228048324585
93.46154022216797,-45.81040954589844,1.5220750570297241
95.76923370361328,-45.81040954589844,1.435957431793213
98.07691955566406,-45.81040954589844,1.2929295301437378
100.38461303710938,-45.81040954589844,1.137851595878601
102.69230651855469,-45.81040954589844,0.9826900362968445
105.0,-45.81040954589844,0.833827018737793
107.30769348144531,-45.81040954589844,0.7100334167480469
109.61538696289062,-45.81040954589844,0.6520295143127441
111.92308044433594,-45.81040954589844,0.6510745882987976
114.23076629638672,-45.81040954589844,0.650877833366394
116.53845977783203,-45.81040954589844,0.591923177242279
118.84615325927734,-45.81040954589844,0.4279269874095917
121.15384674072266,-45.81040954589844,0.2505713105201721
123.46154022216797,-45.81040954589844,0.17132605612277985
125.76923370361328,-45.81040954589844,0.15045279264450073
128.07691955566406,-45.81040954589844,0.1529925912618637
130.38461303710938,-45.81040954589844,0.18968836963176727
132.6923065185547,-45.81040954589844,0.25985968112945557
135.0,-45.81040954589844,0.3385790288448334
137.3076934814453,-45.81040954589844,0.38995128870010376
139.61538696289062,-45.81040954589844,0.41866376996040344
141.92308044433594,-45.81040954589844,0.4583604633808136
144.23077392578125,-45.81040954589844,0.5036606192588806
146.53846740722656,-45.81040954589844,0.4296008348464966
148.84616088867188,-45.81040954589844,0.15705209970474243
151.15383911132812,-45.81040954589844,-0.15249356627464294
153.46153259277344,-45.81040954589844,-0.2897097170352936
155.76922607421875,-45.81040954589844,-0.2756688892841339
158.07691955566406,-45.81040954589844,-0.21432062983512878
160.38461303710938,-45.81040954589844,-0.15715856850147247
162.6923065185547,-45.81040954589844,-0.11453015357255936
165.0,-45.81040954589844,-0.06179281696677208
167.3076934814453,-45.81040954589844,-0.5227392315864563
169.61538696289062,-45.81040954589844,-0.6466710567474365
171.92308044433594,-45.81040954589844,0.12487150728702545
174.23077392578125,-45.81040954589844,0.05548601225018501
176.53846740722656,-45.81040954589844,-0.018606344237923622
178.84616088867188,-45.81040954589844,0.01123876590281725
-178.8157958984375,-47.417938232421875,0.21203333139419556
-176.44737243652344,-47.417938232421875,0.3443014323711395
-174.07894897460938,-47.417938232421875,0.483829140663147
-171.7105255126953,-47.417938232421875,0.6091902852058411
-169.34210205078125,-47.417938232421875,0.6714279651641846
-166.9736785888672,-47.417938232421875,0.6305875182151794
-164.6052703857422,-47.417938232421875,0.4917173981666565
-162.23684692382812,-47.417938232421875,0.45259740948677063
-159.86842346191406,-47.417938232421875,0.49900057911872864
-157.5,-47.417938232421875,0.5105106830596924
-155.13157653808594,-47.417938232421875,0.5158731341362
-152.76315307617188,-47.417938232421875,0.5368146300315857
-150.3947296142578,-47.417938232421875,0.5990281701087952
-148.0263214111328,-47.417938232421875,0.6828556656837463
-145.65789794921875,-47.417938232421875,0.7252586483955383
-143.2894744873047,-47.417938232421875,0.742253839969635
-140.92105102539062,-47.417938232421875,0.8082648515701294
-138.55262756347656,-47.417938232421875,0.8459767699241638
-136.1842041015625,-47.417938232421875,0.5244143009185791
-133.8157958984375,-47.417938232421875,0.18850965797901154
-131.44737243652344,-47.417938232421875,0.05342971533536911
-129.07894897460938,-47.417938232421875,-0.04659586027264595
-126.71052551269531,-47.417938232421875,-0.12625713646411896
-124.34210205078125,-47.417938232421875,-0.21066340804100037
-121.97368621826172,-47.417938232421875,-0.2836746871471405
-119.60526275634766,-47.417938232421875,-0.37857040762901306
-117.2368392944336,-47.417938232421875,-0.5156710743904114
-114.86842346191406,-47.417938232421875,-0.6835228800773621
-112.5,-47.417938232421875,-0.7869698405265808
-110.13157653808594,-47.417938232421875,-0.782529890537262
-107.7631607055664,-47.417938232421875,-0.6745479702949524
-105.39473724365234,-47.417938232421875,-0.45038241147994995
-103.02631378173828,-47.417938232421875,-0.194117933511734
-100.65789794921875,-47.417938232421875,-0.04180971905589104
-98.28947448730469,-47.417938232421875,0.17877085506916046
-95.92105102539062,-47.417938232421875,0.3414470851421356
-93.5526351928711,-47.417938232421875,0.5597874522209167
-91.18421173095703,-47.417938232421875,0.8304495811462402
-88.81578826904297,-47.417938232421875,1.1407839059829712
-86.4473648071289,-47.417938232421875,1.1333472728729248
-84.07894897460938,-47.417938232421875,1.1035577058792114
-81.71052551269531,-47.417938232421875,0.953366219997406
-79.34210205078125,-47.417938232421875,0.8030378222465515
-76.97368621826172,-47.417938232421875,0.6871890425682068
-74.60526275634766,-47.417938232421875,0.6062836647033691
-72.2368392944336,-47.417938232421875,0.5841834545135498
-69.86842346191406,-47.417938232421875,0.3746296167373657
-67.5,-47.417938232421875,0.13122309744358063
-65.13157653808594,-47.417938232421875,-0.027470430359244347
-62.76315689086914,-47.417938232421875,-0.041591644287109375
-60.394737243652344,-47.417938232421875,-0.1222817599773407
-58.02631759643555,-47.417938232421875,-0.19535166025161743
-55.657894134521484,-47.417938232421875,-0.03552671894431114
-53.28947448730469,-47.417938232421875,0.09772424399852753
-50.921051025390625,-47.417938232421875,0.17621009051799774
-48.55263137817383,-47.417938232421875,0.2284979671239853
-46.18421173095703,-47.417938232421875,0.6607500910758972
-43.81578826904297,-47.417938232421875,1.02947199344635
-41.44736862182617,-47.417938232421875,0.7909116148948669
-39.078948974609375,-47.417938232421875,0.41571733355522156
-36.71052551269531,-47.417938232421875,0.16339564323425293
-34.342105865478516,-47.417938232421875,-0.039670608937740326
-31.973684310913086,-47.417938232421875,-0.28925755620002747
-29.605262756347656,-47.417938232421875,-0.5818214416503906
-27.236841201782227,-47.417938232421875,-0.9164911508560181
-24.86842155456543,-47.417938232421875,-1.3412492275238037
-22.5,-47.417938232421875,-1.6060582399368286
-20.13157844543457,-47.417938232421875,-1.6155860424041748
-17.763158798217773,-47.417938232421875,-1.7263013124465942
-15.394737243652344,-47.417938232421875,-1.8932369947433472
-13.026315689086914,-47.417938232421875,-2.0603623390197754
-10.6578950881958,-47.417938232421875,-2.1948437690734863
-8.289473533630371,-47.417938232421875,-2.298027515411377
-5.9210524559021,-47.417938232421875,-2.200387954711914
-3.5526316165924072,-47.417938232421875,-2.1168415546417236
-1.1842105388641357,-47.417938232421875,-1.9459965229034424
1.1842105388641357,-47.417938232421875,-1.821077823638916
3.5526316165924072,-47.417938232421875,-1.7564079761505127
5.9210524559021,-47.417938232421875,-1.745471715927124
8.289473533630371,-47.417938232421875,-1.6703574657440186
10.6578950881958,-47.417938232421875,-1.5663678646087646
13.026315689086914,-47.417938232421875,-1.397207260131836
15.394737243652344,-47.417938232421875,-1.1983362436294556
17.763158798217773,-47.417938232421875,-0.9799006581306458
20.13157844543457,-47.417938232421875,-0.7726798057556152
22.5,-47.417938232421875,-0.6152182817459106
24.86842155456543,-47.417938232421875,-0.4941006302833557
27.236841201782227,-47.417938232421875,-0.4205595850944519
29.605262756347656,-47.417938232421875,-0.42780181765556335
31.973684310913086,-47.417938232421875,-0.42586377263069153
34.342105865478516,-47.417938232421875,-0.3521869480609894
36.71052551269531,-47.417938232421875,-0.2420882135629654
39.078948974609375,-47.417938232421875,-0.21464605629444122
41.44736862182617,-47.417938232421875,-0.19271114468574524
43.81578826904297,-47.417938232421875,-0.029130617156624794
46.18421173095703,-47.417938232421875,0.12935087084770203
48.55263137817383,-47.417938232421875,0.283329039812088
50.921051025390625,-47.417938232421875,0.41531071066856384
53.28947448730469,-47.417938232421875,0.520243227481842
55.657894134521484,-47.417938232421875,0.613954484462738
58.02631759643555,-47.417938232421875,0.4752722680568695
60.394737243652344,-47.417938232421875,0.18124133348464966
62.76315689086914,-47.417938232421875,0.011960236355662346
65.13157653808594,-47.417938232421875,-0.050858959555625916
67.5,-47.417938232421875,-0.08102116733789444
69.86842346191406,-47.417938232421875,-0.040326040238142014
72.2368392944336,-47.417938232421875,-0.00535744009539485
74.60526275634766,-47.417938232421875,0.0740424320101738
76.97368621826172,-47.417938232421875,0.0787258967757225
79.34210205078125,-47.417938232421875,0.0874309241771698
81.71052551269531,-47.417938232421875,0.13411350548267365
84.07894897460938,-47.417938232421875,0.38337475061416626
86.4473648071289,-47.417938232421875,0.6964064240455627
88.81578826904297,-47.417938232421875,1.0534175634384155
91.18421173095703,-47.417938232421875,1.434824824333191
93.5526351928711,-47.417938232421875,1.4116076231002808
95.92105102539062,-47.417938232421875,1.3075037002563477
98.28947448730469,-47.417938232421875,1.1900638341903687
100.65789794921875,-47.417938232421875,1.0614185333251953
103.02631378173828,-47.417938232421875,0.9122586846351624
105.39473724365234,-47.417938232421875,0.7370269894599915
107.7631607055664,-47.417938232421875,0.6611606478691101
110.13157653808594,-47.417938232421875,0.7105896472930908
112.5,-47.417938232421875,0.7390958666801453
114.86842346191406,-47.417938232421875,0.6773532032966614
117.2368392944336,-47.417938232421875,0.5549535155296326
119.60526275634766,-47.417938232421875,0.3197094798088074
121.97368621826172,-47.417938232421875,0.11582265049219131
124.34210205078125,-47.417938232421875,0.15222103893756866
126.71052551269531,-47.417938232421875,0.18086495995521545
129.07894897460938,-47.417938232421875,0.2168111354112625
131.44737243652344,-47.417938232421875,0.27303311228752136
133.8157958984375,-47.417938232421875,0.34437045454978943
136.1842041015625,-47.417938232421875,0.4395788013935089
138.55262756347656,-47.417938232421875,0.43686679005622864
140.92105102539062,-47.417938232421875,0.40129992365837097
143.2894744873047,-47.417938232421875,0.47469860315322876
145.65789794921875,-47.417938232421875,0.5279935002326965
148.0263214111328,-47.417938232421875,0.3293229341506958
150.3947296142578,-47.417938232421875,-0.03021300584077835
152.76315307617188,-47.417938232421875,-0.22795693576335907
155.13157653808594,-47.417938232421875,-0.24441100656986237
157.5,-47.417938232421875,-0.22297899425029755
159.86842346191406,-47.417938232421875,-0.15517807006835938
162.23684692382812,-47.417938232421875,-0.11213274300098419
164.6052703857422,-47.417938232421875,-0.07077598571777344
166.9736785888672,-47.417938232421875,-0.006310812663286924
169.34210205078125,-47.417938232421875,0.14416436851024628
171.7105255126953,-47.417938232421875,0.24507945775985718
174.07894897460938,-47.417938232421875,0.1228686049580574
176.44737243652344,-47.417938232421875,-0.05278638377785683
178.8157958984375,-47.417938232421875,0.07012208551168442
-178.7755126953125,-49.02682876586914,0.28637146949768066
-176.3265380859375,-49.02682876586914,0.383161336183548
-173.87754821777344,-49.02682876586914,0.4945570230484009
-171.42857360839844,-49.02682876586914,0.5823990106582642
-168.97959899902344,-49.02682876586914,0.6055725812911987
-166.53060913085938,-49.02682876586914,0.5458901524543762
-164.08163452148438,-49.02682876586914,0.43747779726982117
-161.63265991210938,-49.02682876586914,0.3912055790424347
-159.1836700439453,-49.02682876586914,0.3770385682582855
-156.7346954345703,-49.02682876586914,0.3521951735019684
-154.2857208251953,-49.02682876586914,0.32183295488357544
-151.83673095703125,-49.02682876586914,0.32513925433158875
-149.38775634765625,-49.02682876586914,0.3609970211982727
-146.93878173828125,-49.02682876586914,0.4008072018623352
-144.4897918701172,-49.02682876586914,0.42642301321029663
-142.0408172607422,-49.02682876586914,0.44235047698020935
-139.5918426513672,-49.02682876586914,0.41682955622673035
-137.14285278320312,-49.02682876586914,0.2756122648715973
-134.69387817382812,-49.02682876586914,0.04359172284603119
-132.24490356445312,-49.02682876586914,-0.13333651423454285
-129.79591369628906,-49.02682876586914,-0.23807136714458466
-127.34693908691406,-49.02682876586914,-0.30110493302345276
-124.89795684814453,-49.02682876586914,-0.3516833186149597
-122.44898223876953,-49.02682876586914,-0.39646169543266296
-120.0,-49.02682876586914,-0.46577033400535583
-117.55101776123047,-49.02682876586914,-0.5724503993988037
-115.10204315185547,-49.02682876586914,-0.7023170590400696
-112.65306091308594,-49.02682876586914,-0.7939426302909851
-110.2040786743164,-49.02682876586914,-0.8005053997039795
-107.7551040649414,-49.02682876586914,-0.7067425847053528
-105.30612182617188,-49.02682876586914,-0.5170112252235413
-102.85713958740234,-49.02682876586914,-0.3187553882598877
-100.40816497802734,-49.02682876586914,-0.14070267975330353
-97.95918273925781,-49.02682876586914,0.03643965721130371
-95.51020050048828,-49.02682876586914,0.19964732229709625
-93.06122589111328,-49.02682876586914,0.3950487971305847
-90.61224365234375,-49.02682876586914,0.6293445229530334
-88.16326904296875,-49.02682876586914,0.7971075773239136
-85.71428680419922,-49.02682876586914,0.8143503665924072
-83.26530456542969,-49.02682876586914,0.7705016732215881
-80.81632995605469,-49.02682876586914,0.6753067970275879
-78.36734771728516,-49.02682876586914,0.5769885182380676
-75.91836547851562,-49.02682876586914,0.5016635656356812
-73.46939086914062,-49.02682876586914,0.5361714959144592
-71.0204086303711,-49.02682876586914,0.6078934669494629
-68.57142639160156,-49.02682876586914,0.49130386114120483
-66.12245178222656,-49.02682876586914,-0.08261331170797348
-63.67346954345703,-49.02682876586914,-0.08632160723209381
-61.224491119384766,-49.02682876586914,-0.08483872562646866
-58.775508880615234,-49.02682876586914,-0.05935921519994736
-56.32653045654297,-49.02682876586914,0.0571659579873085
-53.8775520324707,-49.02682876586914,0.20234476029872894
-51.42856979370117,-49.02682876586914,0.3098973333835602
-48.979591369628906,-49.02682876586914,0.42041221261024475
-46.53061294555664,-49.02682876586914,0.6443988680839539
-44.081634521484375,-49.02682876586914,0.8196300268173218
-41.632652282714844,-49.02682876586914,0.6825660467147827
-39.18367385864258,-49.02682876586914,0.36647936701774597
-36.73469543457031,-49.02682876586914,0.0828607901930809
-34.28571319580078,-49.02682876586914,-0.16346293687820435
-31.836734771728516,-49.02682876586914,-0.42265748977661133
-29.387754440307617,-49.02682876586914,-0.6973690390586853
-26.93877601623535,-49.02682876586914,-0.9901012778282166
-24.489795684814453,-49.02682876586914,-1.294893741607666
-22.040817260742188,-49.02682876586914,-1.461450457572937
-19.59183692932129,-49.02682876586914,-1.5394253730773926
-17.14285659790039,-49.02682876586914,-1.6805459260940552
-14.693877220153809,-49.02682876586914,-1.8793025016784668
-12.244897842407227,-49.02682876586914,-2.069362163543701
-9.795918464660645,-49.02682876586914,-2.2172513008117676
-7.346938610076904,-49.02682876586914,-2.2737631797790527
-4.897959232330322,-49.02682876586914,-2.2470200061798096
-2.448979616165161,-49.02682876586914,-2.164242744445801
0.0,-49.02682876586914,-2.041330575942993
2.448979616165161,-49.02682876586914,-1.9382555484771729
4.897959232330322,-49.02682876586914,-1.8709837198257446
7.346938610076904,-49.02682876586914,-1.7987085580825806
9.795918464660645,-49.02682876586914,-1.6834471225738525
12.244897842407227,-49.02682876586914,-1.526361346244812
14.693877220153809,-49.02682876586914,-1.3315576314926147
17.14285659790039,-49.02682876586914,-1.1209229230880737
19.59183692932129,-49.02682876586914,-0.9268686771392822
22.040817260742188,-49.02682876586914,-0.7915151119232178
24.489795684814453,-49.02682876586914,-0.6801096200942993
26.93877601623535,-49.02682876586914,-0.5914480686187744
29.387754440307617,-49.02682876586914,-0.5408858060836792
31.836734771728516,-49.02682876586914,-0.492748498916626
34.28571319580078,-49.02682876586914,-0.4041624963283539
36.73469543457031,-49.02682876586914,-0.2882355749607086
39.18367385864258,-49.02682876586914,-0.18010900914669037
41.632652282714844,-49.02682876586914,-0.08403975516557693
44.081634521484375,-49.02682876586914,0.04226556792855263
46.53061294555664,-49.02682876586914,0.1810137927532196
48.979591369628906,-49.02682876586914,0.3159812390804291
51.42856979370117,-49.02682876586914,0.4257895350456238
53.8775520324707,-49.02682876586914,0.503674328327179
56.32653045654297,-49.02682876586914,0.5200912356376648
58.775508880615234,-49.02682876586914,0.37739500403404236
61.224491119384766,-49.02682876586914,0.17199625074863434
63.67346954345703,-49.02682876586914,0.06312249600887299
66.12245178222656,-49.02682876586914,0.012692204676568508
68.57142639160156,-49.02682876586914,0.12779079377651215
71.0204086303711,-49.02682876586914,0.06589750200510025
73.46939086914062,-49.02682876586914,0.07331635802984238
75.91836547851562,-49.02682876586914,0.07732696086168289
78.36734771728516,-49.02682876586914,0.05965718254446983
80.81632995605469,-49.02682876586914,0.09081604331731796
83.26530456542969,-49.02682876586914,0.2232767790555954
85.71428680419922,-49.02682876586914,0.4500882923603058
88.16326904296875,-49.02682876586914,0.7422398328781128
90.61224365234375,-49.02682876586914,1.0279203653335571
93.06122589111328,-49.02682876586914,1.1525964736938477
95.51020050048828,-49.02682876586914,1.1332811117172241
97.95918273925781,-49.02682876586914,1.0704265832901
100.40816497802734,-49.02682876586914,0.9814478158950806
102.85713958740234,-49.02682876586914,0.8637666702270508
105.30612182617188,-49.02682876586914,0.7308236360549927
107.7551040649414,-49.02682876586914,0.6559858918190002
110.2040786743164,-49.02682876586914,0.6671251058578491
112.65306091308594,-49.02682876586914,0.6759739518165588
115.10204315185547,-49.02682876586914,0.6173644065856934
117.55101776123047,-49.02682876586914,0.48698797821998596
120.0,-49.02682876586914,0.31200388073921204
122.44898223876953,-49.02682876586914,0.21343082189559937
124.89795684814453,-49.02682876586914,0.22284135222434998
127.34693908691406,-49.02682876586914,0.25043031573295593
129.79591369628906,-49.02682876586914,0.28140076994895935
132.24490356445312,-49.02682876586914,0.3286457359790802
134.69387817382812,-49.02682876586914,0.3988145887851715
137.14285278320312,-49.02682876586914,0.4555240869522095
139.5918426513672,-49.02682876586914,0.4758478105068207
142.0408172607422,-49.02682876586914,0.503241777420044
144.4897918701172,-49.02682876586914,0.5390493273735046
146.93878173828125,-49.02682876586914,0.47673070430755615
149.38775634765625,-49.02682876586914,0.2657627463340759
151.83673095703125,-49.02682876586914,0.042612187564373016
154.2857208251953,-49.02682876586914,-0.0578579418361187
156.7346954345703,-49.02682876586914,-0.08847978711128235
159.1836700439453,-49.02682876586914,-0.07744002342224121
161.63265991210938,-49.02682876586914,-0.06049812585115433
164.08163452148438,-49.02682876586914,-0.039620161056518555
166.53060913085938,-49.02682876586914,0.025588862597942352
168.97959899902344,-49.02682876586914,0.14667819440364838
171.42857360839844,-49.02682876586914,0.24513427913188934
173.87754821777344,-49.02682876586914,0.24784602224826813
176.3265380859375,-49.02682876586914,0.20111195743083954
178.7755126953125,-49.02682876586914,0.21503578126430511
-178.73239135742188,-50.63298416137695,0.3545837998390198
-176.1971893310547,-50.63298416137695,0.40001654624938965
-173.66197204589844,-50.63298416137695,0.49856942892074585
-171.1267547607422,-50.63298416137695,0.5750023126602173
-168.591552734375,-50.63298416137695,0.5701455473899841
-166.05633544921875,-50.63298416137695,0.5040901899337769
-163.52113342285156,-50.63298416137695,0.42429378628730774
-160.9859161376953,-50.63298416137695,0.363279789686203
-158.45069885253906,-50.63298416137695,0.29661136865615845
-155.91549682617188,-50.63298416137695,0.20620326697826385
-153.38027954101562,-50.63298416137695,0.13092663884162903
-150.84507751464844,-50.63298416137695,0.10630572587251663
-148.3098602294922,-50.63298416137695,0.10536470264196396
-145.77464294433594,-50.63298416137695,0.13359948992729187
-143.23944091796875,-50.63298416137695,0.1464076042175293
-140.7042236328125,-50.63298416137695,0.08258349448442459
-138.1690216064453,-50.63298416137695,-0.04313170164823532
-135.63380432128906,-50.63298416137695,-0.18781359493732452
-133.0985870361328,-50.63298416137695,-0.3233188986778259
-130.56338500976562,-50.63298416137695,-0.4108050465583801
-128.02816772460938,-50.63298416137695,-0.45174065232276917
-125.49295806884766,-50.63298416137695,-0.4689025282859802
-122.95774841308594,-50.63298416137695,-0.48635974526405334
-120.42253875732422,-50.63298416137695,-0.526475727558136
-117.88732147216797,-50.63298416137695,-0.5901398658752441
-115.35211181640625,-50.63298416137695,-0.676385223865509
-112.81690216064453,-50.63298416137695,-0.7644322514533997
-110.28169250488281,-50.63298416137695,-0.7985216379165649
-107.74647521972656,-50.63298416137695,-0.7523056268692017
-105.21126556396484,-50.63298416137695,-0.611097514629364
-102.67605590820312,-50.63298416137695,-0.4334297776222229
-100.1408462524414,-50.63298416137695,-0.25891169905662537
-97.60563659667969,-50.63298416137695,-0.10970702022314072
-95.07041931152344,-50.63298416137695,0.02229137346148491
-92.53520965576172,-50.63298416137695,0.1749202162027359
-90.0,-50.63298416137695,0.31900590658187866
-87.46479034423828,-50.63298416137695,0.4090411365032196
-84.92958068847656,-50.63298416137695,0.4433930814266205
-82.39436340332031,-50.63298416137695,0.4368895888328552
-79.8591537475586,-50.63298416137695,0.4020795524120331
-77.32394409179688,-50.63298416137695,0.35669225454330444
-74.78873443603516,-50.63298416137695,0.38951167464256287
-72.25352478027344,-50.63298416137695,0.41814282536506653
-69.71830749511719,-50.63298416137695,0.4960538148880005
-67.18309783935547,-50.63298416137695,-0.022698163986206055
-64.64788818359375,-50.63298416137695,-0.0757022574543953
-62.112674713134766,-50.63298416137695,-0.046809229999780655
-59.57746505737305,-50.63298416137695,0.07575270533561707
-57.04225540161133,-50.63298416137695,0.23142394423484802
-54.507041931152344,-50.63298416137695,0.38089698553085327
-51.971832275390625,-50.63298416137695,0.49588653445243835
-49.43661880493164,-50.63298416137695,0.5863632559776306
-46.90140914916992,-50.63298416137695,0.6893284320831299
-44.36619567871094,-50.63298416137695,0.7302170395851135
-41.83098602294922,-50.63298416137695,0.5720014572143555
-39.2957763671875,-50.63298416137695,0.2754863500595093
-36.760562896728516,-50.63298416137695,-0.005095100495964289
-34.2253532409668,-50.63298416137695,-0.25100192427635193
-31.690141677856445,-50.63298416137695,-0.49253159761428833
-29.154930114746094,-50.63298416137695,-0.7194427251815796
-26.619718551635742,-50.63298416137695,-0.9240105152130127
-24.08450698852539,-50.63298416137695,-1.1040124893188477
-21.54929542541504,-50.63298416137695,-1.2307640314102173
-19.014083862304688,-50.63298416137695,-1.3467395305633545
-16.478872299194336,-50.63298416137695,-1.5339837074279785
-13.9436616897583,-50.63298416137695,-1.7645245790481567
-11.408451080322266,-50.63298416137695,-1.9869765043258667
-8.873239517211914,-50.63298416137695,-2.1524033546447754
-6.3380279541015625,-50.63298416137695,-2.2355408668518066
-3.802816867828369,-50.63298416137695,-2.239649772644043
-1.2676056623458862,-50.63298416137695,-2.1697452068328857
1.2676056623458862,-50.63298416137695,-2.0598740577697754
3.802816867828369,-50.63298416137695,-1.9563268423080444
6.3380279541015625,-50.63298416137695,-1.865175724029541
8.873239517211914,-50.63298416137695,-1.749389886856079
11.408451080322266,-50.63298416137695,-1.5949161052703857
13.9436616897583,-50.63298416137695,-1.400160789489746
16.478872299194336,-50.63298416137695,-1.1896826028823853
19.014083862304688,-50.63298416137695,-1.010316014289856
21.54929542541504,-50.63298416137695,-0.9022778868675232
24.08450698852539,-50.63298416137695,-0.8358229398727417
26.619718551635742,-50.63298416137695,-0.7624001502990723
29.154930114746094,-50.63298416137695,-0.6683505177497864
31.690141677856445,-50.63298416137695,-0.5907678008079529
34.2253532409668,-50.63298416137695,-0.5050429701805115
36.760562896728516,-50.63298416137695,-0.3649280369281769
39.2957763671875,-50.63298416137695,-0.14589372277259827
41.83098602294922,-50.63298416137695,0.04288308322429657
44.36619567871094,-50.63298416137695,0.11880994588136673
46.90140914916992,-50.63298416137695,0.20116470754146576
49.43661880493164,-50.63298416137695,0.32574278116226196
51.971832275390625,-50.63298416137695,0.42381104826927185
54.507041931152344,-50.63298416137695,0.4701988697052002
57.04225540161133,-50.63298416137695,0.4507860541343689
59.57746505737305,-50.63298416137695,0.35345232486724854
62.112674713134766,-50.63298416137695,0.24415358901023865
64.64788818359375,-50.63298416137695,0.17921258509159088
67.18309783935547,-50.63298416137695,0.15052635967731476
69.71830749511719,-50.63298416137695,0.1475043147802353
72.25352478027344,-50.63298416137695,0.15583489835262299
74.78873443603516,-50.63298416137695,0.13751202821731567
77.32394409179688,-50.63298416137695,0.09550680965185165
79.8591537475586,-50.63298416137695,0.08067501336336136
82.39436340332031,-50.63298416137695,0.13260668516159058
84.92958068847656,-50.63298416137695,0.2350364625453949
87.46479034423828,-50.63298416137695,0.42005524039268494
90.0,-50.63298416137695,0.6673312783241272
92.53520965576172,-50.63298416137695,0.8412348031997681
95.07041931152344,-50.63298416137695,0.9072346091270447
97.60563659667969,-50.63298416137695,0.9102663993835449
100.1408462524414,-50.63298416137695,0.8759474754333496
102.67605590820312,-50.63298416137695,0.7977564930915833
105.21126556396484,-50.63298416137695,0.6889299154281616
107.74647521972656,-50.63298416137695,0.6016235947608948
110.28169250488281,-50.63298416137695,0.5675521492958069
112.81690216064453,-50.63298416137695,0.5579746961593628
115.35211181640625,-50.63298416137695,0.5125195384025574
117.88732147216797,-50.63298416137695,0.41813427209854126
120.42253875732422,-50.63298416137695,0.3381335437297821
122.95774841308594,-50.63298416137695,0.3098510801792145
125.49295806884766,-50.63298416137695,0.3141307830810547
128.02816772460938,-50.63298416137695,0.32156097888946533
130.56338500976562,-50.63298416137695,0.34692975878715515
133.0985870361328,-50.63298416137695,0.39226940274238586
135.63380432128906,-50.63298416137695,0.43896976113319397
138.1690216064453,-50.63298416137695,0.49627819657325745
140.7042236328125,-50.63298416137695,0.5654277205467224
143.23944091796875,-50.63298416137695,0.6050902009010315
145.77464294433594,-50.63298416137695,0.5876947641372681
148.3098602294922,-50.63298416137695,0.49174273014068604
150.84507751464844,-50.63298416137695,0.3413521349430084
153.38027954101562,-50.63298416137695,0.2003575712442398
155.91549682617188,-50.63298416137695,0.11579721421003342
158.45069885253906,-50.63298416137695,0.07313353568315506
160.9859161376953,-50.63298416137695,0.04588596150279045
163.52113342285156,-50.63298416137695,0.021786054596304893
166.05633544921875,-50.63298416137695,0.0333026722073555
168.591552734375,-50.63298416137695,0.14768415689468384
171.1267547607422,-50.63298416137695,0.2806706726551056
173.66197204589844,-50.63298416137695,0.3973146080970764
176.1971893310547,-50.63298416137695,0.46013158559799194
178.73239135742188,-50.63298416137695,0.4055631458759308
-178.68612670898438,-52.23744583129883,0.36277106404304504
-176.0583953857422,-52.23744583129883,0.4134504497051239
-173.4306640625,-52.23744583129883,0.5133354067802429
-170.80291748046875,-52.23744583129883,0.5840375423431396
-168.17518615722656,-52.23744583129883,0.5756092667579651
-165.5474395751953,-52.23744583129883,0.515766441822052
-162.91970825195312,-52.23744583129883,0.4421883225440979
-160.29197692871094,-52.23744583129883,0.3689741790294647
-157.6642303466797,-52.23744583129883,0.259865939617157
-155.0364990234375,-52.23744583129883,0.10795729607343674
-152.40875244140625,-52.23744583129883,-0.0018068155040964484
-149.78102111816406,-52.23744583129883,-0.05381123349070549
-147.15328979492188,-52.23744583129883,-0.06473959237337112
-144.52554321289062,-52.23744583129883,-0.020609473809599876
-141.89781188964844,-52.23744583129883,-0.08667084574699402
-139.27008056640625,-52.23744583129883,-0.27042239904403687
-136.642333984375,-52.23744583129883,-0.39152079820632935
-134.0146026611328,-52.23744583129883,-0.5133322477340698
-131.38685607910156,-52.23744583129883,-0.5438646078109741
-128.75912475585938,-52.23744583129883,-0.5684759020805359
-126.13138580322266,-52.23744583129883,-0.5550625920295715
-123.50364685058594,-52.23744583129883,-0.5634720325469971
-120.87591552734375,-52.23744583129883,-0.5447778105735779
-118.24817657470703,-52.23744583129883,-0.5587884187698364
-115.62043762207031,-52.23744583129883,-0.6016415357589722
-112.9926986694336,-52.23744583129883,-0.6784839034080505
-110.36495971679688,-52.23744583129883,-0.7292071580886841
-107.73722839355469,-52.23744583129883,-0.7516395449638367
-105.10948944091797,-52.23744583129883,-0.6203857660293579
-102.48175048828125,-52.23744583129883,-0.4810789227485657
-99.85401153564453,-52.23744583129883,-0.3220198452472687
-97.22628021240234,-52.23744583129883,-0.2055935561656952
-94.59854125976562,-52.23744583129883,-0.11927816271781921
-91.9708023071289,-52.23744583129883,-0.013152853585779667
-89.34306335449219,-52.23744583129883,0.030727196484804153
-86.71533203125,-52.23744583129883,0.1262843757867813
-84.08759307861328,-52.23744583129883,0.176208034157753
-81.45985412597656,-52.23744583129883,0.2196098119020462
-78.83211517333984,-52.23744583129883,0.19849248230457306
-76.20437622070312,-52.23744583129883,0.20714916288852692
-73.57664489746094,-52.23744583129883,0.31251847743988037
-70.94890594482422,-52.23744583129883,0.415327787399292
-68.3211669921875,-52.23744583129883,0.18085281550884247
-65.69342803955078,-52.23744583129883,-0.0360138900578022
-63.06569290161133,-52.23744583129883,-0.07066113501787186
-60.437957763671875,-52.23744583129883,0.08173453062772751
-57.810218811035156,-52.23744583129883,0.37722423672676086
-55.18247985839844,-52.23744583129883,0.5429399609565735
-52.554744720458984,-52.23744583129883,0.6708240509033203
-49.927005767822266,-52.23744583129883,0.7148317694664001
-47.29927062988281,-52.23744583129883,0.7469205856323242
-44.671531677246094,-52.23744583129883,0.730394721031189
-42.04379653930664,-52.23744583129883,0.5289624929428101
-39.41605758666992,-52.23744583129883,0.1709764003753662
-36.78832244873047,-52.23744583129883,-0.09707976132631302
-34.16058349609375,-52.23744583129883,-0.31768596172332764
-31.532846450805664,-52.23744583129883,-0.5203226208686829
-28.905109405517578,-52.23744583129883,-0.7022280693054199
-26.277372360229492,-52.23744583129883,-0.8298878073692322
-23.649635314941406,-52.23744583129883,-0.9203315377235413
-21.02189826965332,-52.23744583129883,-1.03534996509552
-18.394161224365234,-52.23744583129883,-1.1232858896255493
-15.766423225402832,-52.23744583129883,-1.3903628587722778
-13.138686180114746,-52.23744583129883,-1.616711974143982
-10.51094913482666,-52.23744583129883,-1.9054038524627686
-7.883211612701416,-52.23744583129883,-2.092123508453369
-5.25547456741333,-52.23744583129883,-2.191032648086548
-2.627737283706665,-52.23744583129883,-2.1907379627227783
0.0,-52.23744583129883,-2.1122066974639893
2.627737283706665,-52.23744583129883,-2.000514507293701
5.25547456741333,-52.23744583129883,-1.8972501754760742
7.883211612701416,-52.23744583129883,-1.7813408374786377
10.51094913482666,-52.23744583129883,-1.6373603343963623
13.138686180114746,-52.23744583129883,-1.4457058906555176
15.766423225402832,-52.23744583129883,-1.2162470817565918
18.394161224365234,-52.23744583129883,-1.0562124252319336
21.02189826965332,-52.23744583129883,-0.9432958364486694
23.649635314941406,-52.23744583129883,-0.9350988268852234
26.277372360229492,-52.23744583129883,-0.9276535511016846
28.905109405517578,-52.23744583129883,-0.7966290712356567
31.532846450805664,-52.23744583129883,-0.683597981929779
34.16058349609375,-52.23744583129883,-0.6181453466415405
36.78832244873047,-52.23744583129883,-0.5061438083648682
39.41605758666992,-52.23744583129883,-0.09559936076402664
42.04379653930664,-52.23744583129883,0.2181219458580017
44.671531677246094,-52.23744583129883,0.14388054609298706
47.29927062988281,-52.23744583129883,0.15731212496757507
49.927005767822266,-52.23744583129883,0.3312286138534546
52.554744720458984,-52.23744583129883,0.4292135536670685
55.18247985839844,-52.23744583129883,0.45401301980018616
57.810218811035156,-52.23744583129883,0.43541237711906433
60.437957763671875,-52.23744583129883,0.37521520256996155
63.06569290161133,-52.23744583129883,0.3204624056816101
65.69342803955078,-52.23744583129883,0.29214733839035034
68.3211669921875,-52.23744583129883,0.26580914855003357
70.94890594482422,-52.23744583129883,0.2687889337539673
73.57664489746094,-52.23744583129883,0.22484514117240906
76.20437622070312,-52.23744583129883,0.17606930434703827
78.83211517333984,-52.23744583129883,0.12017952650785446
81.45985412597656,-52.23744583129883,0.11523047834634781
84.08759307861328,-52.23744583129883,0.13411186635494232
86.71533203125,-52.23744583129883,0.1563815027475357
89.34306335449219,-52.23744583129883,0.4143531620502472
91.9708023071289,-52.23744583129883,0.6066882014274597
94.59854125976562,-52.23744583129883,0.7057169079780579
97.22628021240234,-52.23744583129883,0.7412330508232117
99.85401153564453,-52.23744583129883,0.7457709908485413
102.48175048828125,-52.23744583129883,0.7005234360694885
105.10948944091797,-52.23744583129883,0.5907363295555115
107.73722839355469,-52.23744583129883,0.49722376465797424
110.36495971679688,-52.23744583129883,0.43269631266593933
112.9926986694336,-52.23744583129883,0.41885098814964294
115.62043762207031,-52.23744583129883,0.3948045074939728
118.24817657470703,-52.23744583129883,0.3633488416671753
120.87591552734375,-52.23744583129883,0.3710688650608063
123.50364685058594,-52.23744583129883,0.3845142126083374
126.13138580322266,-52.23744583129883,0.3865453004837036
128.75912475585938,-52.23744583129883,0.3915964961051941
131.38685607910156,-52.23744583129883,0.4305547773838043
134.0146026611328,-52.23744583129883,0.45695918798446655
136.642333984375,-52.23744583129883,0.46020638942718506
139.27008056640625,-52.23744583129883,0.5737601518630981
141.89781188964844,-52.23744583129883,0.6667576432228088
144.52554321289062,-52.23744583129883,0.6646454334259033
147.15328979492188,-52.23744583129883,0.6347922086715698
149.78102111816406,-52.23744583129883,0.5355579853057861
152.40875244140625,-52.23744583129883,0.42017853260040283
155.0364990234375,-52.23744583129883,0.3022761046886444
157.6642303466797,-52.23744583129883,0.23728302121162415
160.29197692871094,-52.23744583129883,0.18530574440956116
162.91970825195312,-52.23744583129883,0.13076238334178925
165.5474395751953,-52.23744583129883,0.06803014874458313
168.17518615722656,-52.23744583129883,0.16031162440776825
170.80291748046875,-52.23744583129883,0.3240552842617035
173.4306640625,-52.23744583129883,0.5343702435493469
176.0583953857422,-52.23744583129883,0.7737842798233032
178.68612670898438,-52.23744583129883,0.5854882001876831
-178.63636779785156,-53.84135437011719,0.48704710602760315
-175.90908813476562,-53.84135437011719,0.4841977059841156
-173.18182373046875,-53.84135437011719,0.5564693808555603
-170.4545440673828,-53.84135437011719,0.61872398853302
-167.72727966308594,-53.84135437011719,0.6241626143455505
-165.0,-53.84135437011719,0.5871812105178833
-162.27272033691406,-53.84135437011719,0.5197700262069702
-159.5454559326172,-53.84135437011719,0.44186004996299744
-156.81817626953125,-53.84135437011719,0.34986066818237305
-154.09091186523438,-53.84135437011719,0.23227617144584656
-151.36363220214844,-53.84135437011719,0.138444721698761
-148.63636779785156,-53.84135437011719,0.039126213639974594
-145.90908813476562,-53.84135437011719,-0.019283588975667953
-143.18182373046875,-53.84135437011719,-0.09806592017412186
-140.4545440673828,-53.84135437011719,-0.2285831868648529
-137.72727966308594,-53.84135437011719,-0.3758191168308258
-135.0,-53.84135437011719,-0.47349029779434204
-132.27272033691406,-53.84135437011719,-0.5264186859130859
-129.5454559326172,-53.84135437011719,-0.5449904203414917
-126.81818389892578,-53.84135437011719,-0.5499750375747681
-124.09091186523438,-53.84135437011719,-0.531589925289154
-121.36363983154297,-53.84135437011719,-0.4946652948856354
-118.63636016845703,-53.84135437011719,-0.46045395731925964
-115.90908813476562,-53.84135437011719,-0.4472592771053314
-113.18181610107422,-53.84135437011719,-0.4463464617729187
-110.45454406738281,-53.84135437011719,-0.450640469789505
-107.7272720336914,-53.84135437011719,-0.449903666973114
-105.0,-53.84135437011719,-0.40157344937324524
-102.2727279663086,-53.84135437011719,-0.3322594463825226
-99.54545593261719,-53.84135437011719,-0.2459370195865631
-96.81818389892578,-53.84135437011719,-0.15337663888931274
-94.09091186523438,-53.84135437011719,-0.07350371778011322
-91.36363983154297,-53.84135437011719,-0.003385051153600216
-88.63636016845703,-53.84135437011719,0.03983486443758011
-85.90908813476562,-53.84135437011719,0.12660548090934753
-83.18181610107422,-53.84135437011719,0.18413253128528595
-80.45454406738281,-53.84135437011719,0.1991770714521408
-77.7272720336914,-53.84135437011719,0.17610050737857819
-75.0,-53.84135437011719,0.15591281652450562
-72.2727279663086,-53.84135437011719,0.13078691065311432
-69.54545593261719,-53.84135437011719,0.07980846613645554
-66.81818389892578,-53.84135437011719,0.021319817751646042
-64.09091186523438,-53.84135437011719,0.004129521083086729
-61.3636360168457,-53.84135437011719,0.1365768015384674
-58.6363639831543,-53.84135437011719,0.3691434860229492
-55.90909194946289,-53.84135437011719,0.5685762166976929
-53.181819915771484,-53.84135437011719,0.7155789732933044
-50.45454406738281,-53.84135437011719,0.7754532694816589
-47.727272033691406,-53.84135437011719,0.7649521827697754
-45.0,-53.84135437011719,0.6773351430892944
-42.272727966308594,-53.84135437011719,0.4674626290798187
-39.54545593261719,-53.84135437011719,0.1559336632490158
-36.818180084228516,-53.84135437011719,-0.179482102394104
-34.09090805053711,-53.84135437011719,-0.3343556225299835
-31.363636016845703,-53.84135437011719,-0.5164356231689453
-28.636363983154297,-53.84135437011719,-0.6669265031814575
-25.909090042114258,-53.84135437011719,-0.778880774974823
-23.18181800842285,-53.84135437011719,-0.8810316324234009
-20.454545974731445,-53.84135437011719,-1.0076560974121094
-17.727272033691406,-53.84135437011719,-1.173127293586731
-15.0,-53.84135437011719,-1.392716407775879
-12.272727012634277,-53.84135437011719,-1.6306829452514648
-9.545454978942871,-53.84135437011719,-1.8617801666259766
-6.818181991577148,-53.84135437011719,-2.0232913494110107
-4.090909004211426,-53.84135437011719,-2.083406448364258
-1.3636363744735718,-53.84135437011719,-2.0511391162872314
1.3636363744735718,-53.84135437011719,-1.9668447971343994
4.090909004211426,-53.84135437011719,-1.8521335124969482
6.818181991577148,-53.84135437011719,-1.7382103204727173
9.545454978942871,-53.84135437011719,-1.6093709468841553
12.272727012634277,-53.84135437011719,-1.4591972827911377
15.0,-53.84135437011719,-1.2817003726959229
17.727272033691406,-53.84135437011719,-1.134027123451233
20.454545974731445,-53.84135437011719,-1.0419470071792603
23.18181800842285,-53.84135437011719,-1.0070202350616455
25.909090042114258,-53.84135437011719,-0.9784079790115356
28.636363983154297,-53.84135437011719,-0.8818508386611938
31.363636016845703,-53.84135437011719,-0.7652128338813782
34.09090805053711,-53.84135437011719,-0.6553243398666382
36.818180084228516,-53.84135437011719,-0.4623158872127533
39.54545593261719,-53.84135437011719,-0.12286951392889023
42.272727966308594,-53.84135437011719,0.10946058481931686
45.0,-53.84135437011719,0.1366375833749771
47.727272033691406,-53.84135437011719,0.1923590451478958
50.45454406738281,-53.84135437011719,0.3107779920101166
53.181819915771484,-53.84135437011719,0.3735235333442688
55.90909194946289,-53.84135437011719,0.39859968423843384
58.6363639831543,-53.84135437011719,0.3861787021160126
61.3636360168457,-53.84135437011719,0.3688926100730896
64.09091186523438,-53.84135437011719,0.34625905752182007
66.81818389892578,-53.84135437011719,0.3241249620914459
69.54545593261719,-53.84135437011719,0.2995346784591675
72.2727279663086,-53.84135437011719,0.26964783668518066
75.0,-53.84135437011719,0.2205488681793213
77.7272720336914,-53.84135437011719,0.1798478364944458
80.45454406738281,-53.84135437011719,0.17763164639472961
83.18181610107422,-53.84135437011719,0.2097981572151184
85.90908813476562,-53.84135437011719,0.2402762770652771
88.63636016845703,-53.84135437011719,0.3600768446922302
91.36363983154297,-53.84135437011719,0.5037827491760254
94.09091186523438,-53.84135437011719,0.573340654373169
96.81818389892578,-53.84135437011719,0.5855065584182739
99.54545593261719,-53.84135437011719,0.5680575966835022
102.2727279663086,-53.84135437011719,0.5211895108222961
105.0,-53.84135437011719,0.43540531396865845
107.7272720336914,-53.84135437011719,0.35662904381752014
110.45454406738281,-53.84135437011719,0.3038078546524048
113.18181610107422,-53.84135437011719,0.29064762592315674
115.90908813476562,-53.84135437011719,0.2981225848197937
118.63636016845703,-53.84135437011719,0.33208298683166504
121.36363983154297,-53.84135437011719,0.3906882107257843
124.09091186523438,-53.84135437011719,0.42721545696258545
126.81818389892578,-53.84135437011719,0.4351481795310974
129.5454559326172,-53.84135437011719,0.4534856379032135
132.27272033691406,-53.84135437011719,0.5161089301109314
135.0,-53.84135437011719,0.5519305467605591
137.72727966308594,-53.84135437011719,0.5809810757637024
140.4545440673828,-53.84135437011719,0.6241066455841064
143.18182373046875,-53.84135437011719,0.6307867765426636
145.90908813476562,-53.84135437011719,0.6078102588653564
148.63636779785156,-53.84135437011719,0.5451675057411194
151.36363220214844,-53.84135437011719,0.4515945017337799
154.09091186523438,-53.84135437011719,0.35868799686431885
156.81817626953125,-53.84135437011719,0.31640225648880005
159.5454559326172,-53.84135437011719,0.2982707619667053
162.27272033691406,-53.84135437011719,0.28029146790504456
165.0,-53.84135437011719,0.2587452530860901
167.72727966308594,-53.84135437011719,0.2957809567451477
170.4545440673828,-53.84135437011719,0.4185270667076111
173.18182373046875,-53.84135437011719,0.5896031260490417
175.90908813476562,-53.84135437011719,0.7259677052497864
178.63636779785156,-53.84135437011719,0.6331652402877808
-178.58267211914062,-55.44598388671875,0.5598718523979187
-175.74803161621094,-55.44598388671875,0.5597158074378967
-172.91339111328125,-55.44598388671875,0.6130737066268921
-170.0787353515625,-55.44598388671875,0.6644270420074463
-167.2440948486328,-55.44598388671875,0.6864685416221619
-164.40945434570312,-55.44598388671875,0.6815926432609558
-161.57479858398438,-55.44598388671875,0.6504021883010864
-158.7401580810547,-55.44598388671875,0.621678352355957
-155.905517578125,-55.44598388671875,0.5802960991859436
-153.07086181640625,-55.44598388671875,0.5055515170097351
-150.23622131347656,-55.44598388671875,0.3903602659702301
-147.40158081054688,-55.44598388671875,0.22216874361038208
-144.56692504882812,-55.44598388671875,0.027878547087311745
-141.73228454589844,-55.44598388671875,-0.11324448883533478
-138.89764404296875,-55.44598388671875,-0.21579840779304504
-136.06298828125,-55.44598388671875,-0.3194746673107147
-133.2283477783203,-55.44598388671875,-0.4000846743583679
-130.39370727539062,-55.44598388671875,-0.44841375946998596
-127.55905151367188,-55.44598388671875,-0.46337807178497314
-124.72441101074219,-55.44598388671875,-0.44073599576950073
-121.88976287841797,-55.44598388671875,-0.38955456018447876
-119.05511474609375,-55.44598388671875,-0.32416194677352905
-116.22047424316406,-55.44598388671875,-0.2498561292886734
-113.38582611083984,-55.44598388671875,-0.15970923006534576
-110.55117797851562,-55.44598388671875,-0.06360459327697754
-107.71653747558594,-55.44598388671875,-0.02232189103960991
-104.88188934326172,-55.44598388671875,-0.05063621327280998
-102.0472412109375,-55.44598388671875,-0.07001698762178421
-99.21260070800781,-55.44598388671875,-0.05194007605314255
-96.3779525756836,-55.44598388671875,0.0026463826652616262
-93.54330444335938,-55.44598388671875,0.07971380650997162
-90.70866394042969,-55.44598388671875,0.14668935537338257
-87.87401580810547,-55.44598388671875,0.2137564718723297
-85.03936767578125,-55.44598388671875,0.3037657141685486
-82.20472717285156,-55.44598388671875,0.33026042580604553
-79.37007904052734,-55.44598388671875,0.2687435746192932
-76.53543090820312,-55.44598388671875,0.1833353191614151
-73.70079040527344,-55.44598388671875,0.10967722535133362
-70.86614227294922,-55.44598388671875,0.04641491547226906
-68.031494140625,-55.44598388671875,-0.11204372346401215
-65.19685363769531,-55.44598388671875,0.046567536890506744
-62.362205505371094,-55.44598388671875,0.1436372846364975
-59.527557373046875,-55.44598388671875,0.3266288638114929
-56.69291305541992,-55.44598388671875,0.5245795845985413
-53.85826873779297,-55.44598388671875,0.6868361830711365
-51.02362060546875,-55.44598388671875,0.7832654714584351
-48.1889762878418,-55.44598388671875,0.766319990158081
-45.354331970214844,-55.44598388671875,0.6219878792762756
-42.519683837890625,-55.44598388671875,0.4044688642024994
-39.68503952026367,-55.44598388671875,0.15390269458293915
-36.85039520263672,-55.44598388671875,-0.11176778376102448
-34.0157470703125,-55.44598388671875,-0.35127413272857666
-31.181102752685547,-55.44598388671875,-0.5216978192329407
-28.34645652770996,-55.44598388671875,-0.6442021131515503
-25.511810302734375,-55.44598388671875,-0.7591702938079834
-22.677165985107422,-55.44598388671875,-0.9036731123924255
-19.842519760131836,-55.44598388671875,-1.0991441011428833
-17.00787353515625,-55.44598388671875,-1.2887532711029053
-14.17322826385498,-55.44598388671875,-1.4556725025177002
-11.338582992553711,-55.44598388671875,-1.6377629041671753
-8.503936767578125,-55.44598388671875,-1.7966103553771973
-5.6692914962768555,-55.44598388671875,-1.8903225660324097
-2.8346457481384277,-55.44598388671875,-1.893638253211975
0.0,-55.44598388671875,-1.844590425491333
2.8346457481384277,-55.44598388671875,-1.7635383605957031
5.6692914962768555,-55.44598388671875,-1.661361813545227
8.503936767578125,-55.44598388671875,-1.548143982887268
11.338582992553711,-55.44598388671875,-1.4325209856033325
14.17322826385498,-55.44598388671875,-1.3224114179611206
17.00787353515625,-55.44598388671875,-1.2141975164413452
19.842519760131836,-55.44598388671875,-1.1264863014221191
22.677165985107422,-55.44598388671875,-1.0725529193878174
25.511810302734375,-55.44598388671875,-1.0220770835876465
28.34645652770996,-55.44598388671875,-0.9332265853881836
31.181102752685547,-55.44598388671875,-0.8030675053596497
34.0157470703125,-55.44598388671875,-0.642505943775177
36.85039520263672,-55.44598388671875,-0.42318469285964966
39.68503952026367,-55.44598388671875,-0.1676723212003708
42.519683837890625,-55.44598388671875,0.021039633080363274
45.354331970214844,-55.44598388671875,0.113007552921772
48.1889762878418,-55.44598388671875,0.18524982035160065
51.02362060546875,-55.44598388671875,0.2570517361164093
53.85826873779297,-55.44598388671875,0.30192846059799194
56.69291305541992,-55.44598388671875,0.3240125775337219
59.527557373046875,-55.44598388671875,0.33178606629371643
62.362205505371094,-55.44598388671875,0.33877357840538025
65.19685363769531,-55.44598388671875,0.3271949291229248
68.031494140625,-55.44598388671875,0.29880690574645996
70.86614227294922,-55.44598388671875,0.25968873500823975
73.70079040527344,-55.44598388671875,0.22974254190921783
76.53543090820312,-55.44598388671875,0.21341665089130402
79.37007904052734,-55.44598388671875,0.24344998598098755
82.20472717285156,-55.44598388671875,0.31917575001716614
85.03936767578125,-55.44598388671875,0.3985970914363861
87.87401580810547,-55.44598388671875,0.4626266062259674
90.70866394042969,-55.44598388671875,0.5142285823822021
93.54330444335938,-55.44598388671875,0.5163864493370056
96.3779525756836,-55.44598388671875,0.46714267134666443
99.21260070800781,-55.44598388671875,0.3925659954547882
102.0472412109375,-55.44598388671875,0.31485891342163086
104.88188934326172,-55.44598388671875,0.24684245884418488
107.71653747558594,-55.44598388671875,0.18657664954662323
110.55117797851562,-55.44598388671875,0.1474163681268692
113.38582611083984,-55.44598388671875,0.15368004143238068
116.22047424316406,-55.44598388671875,0.20473377406597137
119.05511474609375,-55.44598388671875,0.3047412633895874
121.88976287841797,-55.44598388671875,0.40118828415870667
124.72441101074219,-55.44598388671875,0.4428255558013916
127.55905151367188,-55.44598388671875,0.4564492404460907
130.39370727539062,-55.44598388671875,0.5161221623420715
133.2283477783203,-55.44598388671875,0.6121495366096497
136.06298828125,-55.44598388671875,0.6641690135002136
138.89764404296875,-55.44598388671875,0.6237466931343079
141.73228454589844,-55.44598388671875,0.5508500337600708
144.56692504882812,-55.44598388671875,0.4987967312335968
147.40158081054688,-55.44598388671875,0.43617263436317444
150.23622131347656,-55.44598388671875,0.3490229547023773
153.07086181640625,-55.44598388671875,0.28526198863983154
155.905517578125,-55.44598388671875,0.2861754596233368
158.7401580810547,-55.44598388671875,0.33882856369018555
161.57479858398438,-55.44598388671875,0.40253186225891113
164.40945434570312,-55.44598388671875,0.4557853639125824
167.2440948486328,-55.44598388671875,0.4859333038330078
170.0787353515625,-55.44598388671875,0.5162340998649597
172.91339111328125,-55.44598388671875,0.5984284281730652
175.74803161621094,-55.44598388671875,0.6708863973617554
178.58267211914062,-55.44598388671875,0.6319536566734314
-178.52459716796875,-57.05276107788086,0.5771692395210266
-175.5737762451172,-57.05276107788086,0.602459192276001
-172.62295532226562,-57.05276107788086,0.6480339169502258
-169.67213439941406,-57.05276107788086,0.6849988698959351
-166.7213134765625,-57.05276107788086,0.7250397205352783
-163.77049255371094,-57.05276107788086,0.7551663517951965
-160.81967163085938,-57.05276107788086,0.7918619513511658
-157.8688507080078,-57.05276107788086,0.8408204317092896
-154.91802978515625,-57.05276107788086,0.8269745707511902
-151.9672088623047,-57.05276107788086,0.7507036924362183
-149.01638793945312,-57.05276107788086,0.6147840023040771
-146.06556701660156,-57.05276107788086,0.2846459150314331
-143.11476135253906,-57.05276107788086,-0.020470378920435905
-140.1639404296875,-57.05276107788086,-0.05791473761200905
-137.21311950683594,-57.05276107788086,-0.12482796609401703
-134.26229858398438,-57.05276107788086,-0.24795116484165192
-131.3114776611328,-57.05276107788086,-0.3178563416004181
-128.36065673828125,-57.05276107788086,-0.3434400260448456
-125.40983581542969,-57.05276107788086,-0.3227502703666687
-122.45901489257812,-57.05276107788086,-0.2607862055301666
-119.50819396972656,-57.05276107788086,-0.1718139797449112
-116.55738067626953,-57.05276107788086,-0.054954852908849716
-113.60655975341797,-57.05276107788086,0.1063455194234848
-110.6557388305664,-57.05276107788086,0.31056517362594604
-107.70491790771484,-57.05276107788086,0.4281047284603119
-104.75409698486328,-57.05276107788086,0.29876700043678284
-101.80327606201172,-57.05276107788086,0.2094983458518982
-98.85246276855469,-57.05276107788086,0.18096809089183807
-95.90164184570312,-57.05276107788086,0.20814816653728485
-92.95082092285156,-57.05276107788086,0.27479493618011475
-90.0,-57.05276107788086,0.34442538022994995
-87.04917907714844,-57.05276107788086,0.43082481622695923
-84.09835815429688,-57.05276107788086,0.5460008978843689
-81.14753723144531,-57.05276107788086,0.469016432762146
-78.19672393798828,-57.05276107788086,0.30832451581954956
-75.24590301513672,-57.05276107788086,0.15728755295276642
-72.29508209228516,-57.05276107788086,0.051059041172266006
-69.3442611694336,-57.05276107788086,0.004426455590873957
-66.39344024658203,-57.05276107788086,0.028580093756318092
-63.442623138427734,-57.05276107788086,0.12846653163433075
-60.49180221557617,-57.05276107788086,0.30857717990875244
-57.540985107421875,-57.05276107788086,0.5038001537322998
-54.59016418457031,-57.05276107788086,0.6497741341590881
-51.63934326171875,-57.05276107788086,0.7652378082275391
-48.68852615356445,-57.05276107788086,0.8049980401992798
-45.73770523071289,-57.05276107788086,0.5989925265312195
-42.78688430786133,-57.05276107788086,0.3445017337799072
-39.83606719970703,-57.05276107788086,0.1640060693025589
-36.88524627685547,-57.05276107788086,-0.08924894034862518
-33.934425354003906,-57.05276107788086,-0.38437411189079285
-30.983606338500977,-57.05276107788086,-0.5210212469100952
-28.032787322998047,-57.05276107788086,-0.6068659424781799
-25.081966400146484,-57.05276107788086,-0.7191601395606995
-22.131147384643555,-57.05276107788086,-0.9274265766143799
-19.180328369140625,-57.05276107788086,-1.215001106262207
-16.229507446289062,-57.05276107788086,-1.3558428287506104
-13.278688430786133,-57.05276107788086,-1.4616203308105469
-10.327868461608887,-57.05276107788086,-1.57977294921875
-7.377048969268799,-57.05276107788086,-1.6739534139633179
-4.426229476928711,-57.05276107788086,-1.6760176420211792
-1.4754098653793335,-57.05276107788086,-1.66443932056427
1.4754098653793335,-57.05276107788086,-1.6166954040527344
4.426229476928711,-57.05276107788086,-1.5473477840423584
7.377048969268799,-57.05276107788086,-1.4554301500320435
10.327868461608887,-57.05276107788086,-1.375231385231018
13.278688430786133,-57.05276107788086,-1.3212031126022339
16.229507446289062,-57.05276107788086,-1.2779422998428345
19.180328369140625,-57.05276107788086,-1.176306962966919
22.131147384643555,-57.05276107788086,-1.1021571159362793
25.081966400146484,-57.05276107788086,-1.0470972061157227
28.032787322998047,-57.05276107788086,-0.9467217922210693
30.983606338500977,-57.05276107788086,-0.8000049591064453
33.934425354003906,-57.05276107788086,-0.6159922480583191
36.88524627685547,-57.05276107788086,-0.39992034435272217
39.83606719970703,-57.05276107788086,-0.1800960749387741
42.78688430786133,-57.05276107788086,-0.01470914576202631
45.73770523071289,-57.05276107788086,0.08546341955661774
48.68852615356445,-57.05276107788086,0.14690567553043365
51.63934326171875,-57.05276107788086,0.19644951820373535
54.59016418457031,-57.05276107788086,0.23188990354537964
57.540985107421875,-57.05276107788086,0.25687479972839355
60.49180221557617,-57.05276107788086,0.2768859267234802
63.442623138427734,-57.05276107788086,0.28791531920433044
66.39344024658203,-57.05276107788086,0.26927900314331055
69.3442611694336,-57.05276107788086,0.22763442993164062
72.29508209228516,-57.05276107788086,0.19963248074054718
75.24590301513672,-57.05276107788086,0.1784301996231079
78.19672393798828,-57.05276107788086,0.2271876037120819
81.14753723144531,-57.05276107788086,0.3613089323043823
84.09835815429688,-57.05276107788086,0.4834766089916229
87.04917907714844,-57.05276107788086,0.5858977437019348
90.0,-57.05276107788086,0.539081335067749
92.95082092285156,-57.05276107788086,0.4778125286102295
95.90164184570312,-57.05276107788086,0.37630149722099304
98.85246276855469,-57.05276107788086,0.23770388960838318
101.80327606201172,-57.05276107788086,0.09938537329435349
104.75409698486328,-57.05276107788086,0.06253736466169357
107.70491790771484,-57.05276107788086,0.007993822917342186
110.6557388305664,-57.05276107788086,-0.04365195333957672
113.60655975341797,-57.05276107788086,-0.007302015088498592
116.55738067626953,-57.05276107788086,0.08176761120557785
119.50819396972656,-57.05276107788086,0.2732483446598053
122.45901489257812,-57.05276107788086,0.4074535667896271
125.40983581542969,-57.05276107788086,0.41264185309410095
128.36065673828125,-57.05276107788086,0.4470614790916443
131.3114776611328,-57.05276107788086,0.5453944206237793
134.26229858398438,-57.05276107788086,0.6762534976005554
137.21311950683594,-57.05276107788086,0.7235783338546753
140.1639404296875,-57.05276107788086,0.4946678876876831
143.11476135253906,-57.05276107788086,0.3561036288738251
146.06556701660156,-57.05276107788086,0.2889278829097748
149.01638793945312,-57.05276107788086,0.185727059841156
151.9672088623047,-57.05276107788086,0.10889627784490585
154.91802978515625,-57.05276107788086,0.1596224308013916
157.8688507080078,-57.05276107788086,0.2747003138065338
160.81967163085938,-57.05276107788086,0.43908289074897766
163.77049255371094,-57.05276107788086,0.5639743804931641
166.7213134765625,-57.05276107788086,0.653256356716156
169.67213439941406,-57.05276107788086,0.5794163942337036
172.62295532226562,-57.05276107788086,0.5790944695472717
175.5737762451172,-57.05276107788086,0.6706685423851013
178.52459716796875,-57.05276107788086,0.6459648609161377
-178.46153259277344,-58.663330078125,0.6086225509643555
-175.38461303710938,-58.663330078125,0.6175374984741211
-172.3076934814453,-58.663330078125,0.6383002400398254
-169.23077392578125,-58.663330078125,0.662809431552887
-166.15383911132812,-58.663330078125,0.7107688784599304
-163.07691955566406,-58.663330078125,0.7580071687698364
-160.0,-58.663330078125,0.8192872405052185
-156.92308044433594,-58.663330078125,0.8551620244979858
-153.84616088867188,-58.663330078125,0.8304550051689148
-150.76922607421875,-58.663330078125,0.7175650596618652
-147.6923065185547,-58.663330078125,0.5085962414741516
-144.61538696289062,-58.663330078125,0.20950667560100555
-141.53846740722656,-58.663330078125,0.05082370713353157
-138.46153259277344,-58.663330078125,-0.01649322547018528
-135.38461303710938,-58.663330078125,-0.12698841094970703
-132.3076934814453,-58.663330078125,-0.20078490674495697
-129.23077392578125,-58.663330078125,-0.2246713489294052
-126.15384674072266,-58.663330078125,-0.2017015516757965
-123.07691955566406,-58.663330078125,-0.13034652173519135
-120.0,-58.663330078125,-0.023829715326428413
-116.92308044433594,-58.663330078125,0.11141587048768997
-113.84615325927734,-58.663330078125,0.29961520433425903
-110.76923370361328,-58.663330078125,0.5146601796150208
-107.69230651855469,-58.663330078125,0.6202922463417053
-104.61538696289062,-58.663330078125,0.5370764136314392
-101.53845977783203,-58.663330078125,0.4366084635257721
-98.46154022216797,-58.663330078125,0.39137816429138184
-95.38461303710938,-58.663330078125,0.40216532349586487
-92.30769348144531,-58.663330078125,0.4607260525226593
-89.23076629638672,-58.663330078125,0.5320873260498047
-86.15384674072266,-58.663330078125,0.6023421883583069
-83.07691955566406,-58.663330078125,0.6357479691505432
-80.0,-58.663330078125,0.5120740532875061
-76.92308044433594,-58.663330078125,0.31665414571762085
-73.84615325927734,-58.663330078125,0.12833118438720703
-70.76923370361328,-58.663330078125,0.015916841104626656
-67.69230651855469,-58.663330078125,0.0009919584263116121
-64.61538696289062,-58.663330078125,0.09382068365812302
-61.53845977783203,-58.663330078125,0.2636169195175171
-58.46154022216797,-58.663330078125,0.4610482454299927
-55.38461685180664,-58.663330078125,0.6063932180404663
-52.30769348144531,-58.663330078125,0.723240852355957
-49.230770111083984,-58.663330078125,0.9496476054191589
-46.153846740722656,-58.663330078125,0.833631694316864
-43.07692337036133,-58.663330078125,0.6271783113479614
-40.0,-58.663330078125,0.4362911283969879
-36.92307662963867,-58.663330078125,0.2097068876028061
-33.846153259277344,-58.663330078125,-0.23822781443595886
-30.769229888916016,-58.663330078125,-0.2342890202999115
-27.69230842590332,-58.663330078125,-0.5837069749832153
-24.615385055541992,-58.663330078125,-0.63376384973526
-21.538461685180664,-58.663330078125,-0.898662269115448
-18.461538314819336,-58.663330078125,-1.1524040699005127
-15.384614944458008,-58.663330078125,-1.2791565656661987
-12.307692527770996,-58.663330078125,-1.3736326694488525
-9.230769157409668,-58.663330078125,-1.460083246231079
-6.153846263885498,-58.663330078125,-1.5059740543365479
-3.076923131942749,-58.663330078125,-1.4996693134307861
0.0,-58.663330078125,-1.4873919486999512
3.076923131942749,-58.663330078125,-1.4359980821609497
6.153846263885498,-58.663330078125,-1.3722304105758667
9.230769157409668,-58.663330078125,-1.307237982749939
12.307692527770996,-58.663330078125,-1.2662644386291504
15.384614944458008,-58.663330078125,-1.2387948036193848
18.461538314819336,-58.663330078125,-1.1765183210372925
21.538461685180664,-58.663330078125,-1.1044542789459229
24.615385055541992,-58.663330078125,-1.0357695817947388
27.69230842590332,-58.663330078125,-0.9268316030502319
30.769229888916016,-58.663330078125,-0.7677769064903259
33.846153259277344,-58.663330078125,-0.5737738609313965
36.92307662963867,-58.663330078125,-0.37078872323036194
40.0,-58.663330078125,-0.18253840506076813
43.07692337036133,-58.663330078125,-0.04127967730164528
46.153846740722656,-58.663330078125,0.0471089743077755
49.230770111083984,-58.663330078125,0.09926512837409973
52.30769348144531,-58.663330078125,0.14333224296569824
55.38461685180664,-58.663330078125,0.17084433138370514
58.46154022216797,-58.663330078125,0.19143100082874298
61.53845977783203,-58.663330078125,0.2048252522945404
64.61538696289062,-58.663330078125,0.1999092549085617
67.69230651855469,-58.663330078125,0.16451852023601532
70.76923370361328,-58.663330078125,0.13162150979042053
73.84615325927734,-58.663330078125,0.11692225188016891
76.92308044433594,-58.663330078125,0.13736292719841003
80.0,-58.663330078125,0.23460088670253754
83.07691955566406,-58.663330078125,0.34976696968078613
86.15384674072266,-58.663330078125,0.44359198212623596
89.23076629638672,-58.663330078125,0.4251748025417328
92.30769348144531,-58.663330078125,0.35337939858436584
95.38461303710938,-58.663330078125,0.25109225511550903
98.46154022216797,-58.663330078125,0.11617765575647354
101.53845977783203,-58.663330078125,-0.016157666221261024
104.61538696289062,-58.663330078125,-0.08572521060705185
107.69230651855469,-58.663330078125,-0.1460285484790802
110.76923370361328,-58.663330078125,-0.18327811360359192
113.84615325927734,-58.663330078125,-0.12822921574115753
116.92308044433594,-58.663330078125,0.004237226210534573
120.0,-58.663330078125,0.18248221278190613
123.07691955566406,-58.663330078125,0.29101619124412537
126.15384674072266,-58.663330078125,0.3213137090206146
129.23077392578125,-58.663330078125,0.37152838706970215
132.3076934814453,-58.663330078125,0.4539484679698944
135.38461303710938,-58.663330078125,0.5249438881874084
138.46153259277344,-58.663330078125,0.43090763688087463
141.53846740722656,-58.663330078125,0.24097734689712524
144.61538696289062,-58.663330078125,0.1287239044904709
147.6923065185547,-58.663330078125,0.0320795476436615
150.76922607421875,-58.663330078125,-0.052467573434114456
153.84616088867188,-58.663330078125,-0.027955053374171257
156.92308044433594,-58.663330078125,0.0933014452457428
160.0,-58.663330078125,0.27250608801841736
163.07691955566406,-58.663330078125,0.46681541204452515
166.15383911132812,-58.663330078125,0.6022151708602905
169.23077392578125,-58.663330078125,0.6112658977508545
172.3076934814453,-58.663330078125,0.6068094372749329
175.38461303710938,-58.663330078125,0.6552565693855286
178.46153259277344,-58.663330078125,0.6449252963066101
-178.3783721923828,-60.272193908691406,0.6097986102104187
-175.1351318359375,-60.272193908691406,0.5971462726593018
-171.8918914794922,-60.272193908691406,0.5894991159439087
-168.64865112304688,-60.272193908691406,0.6011923551559448
-165.40541076660156,-60.272193908691406,0.6397514939308167
-162.1621551513672,-60.272193908691406,0.6765634417533875
-158.91891479492188,-60.272193908691406,0.7062502503395081
-155.67567443847656,-60.272193908691406,0.6918537020683289
-152.43243408203125,-60.272193908691406,0.6119398474693298
-149.18919372558594,-60.272193908691406,0.4683780372142792
-145.94595336914062,-60.272193908691406,0.2944846749305725
-142.70269775390625,-60.272193908691406,0.14509330689907074
-139.45945739746094,-60.272193908691406,0.024106008931994438
-136.21621704101562,-60.272193908691406,-0.07062790542840958
-132.9729766845703,-60.272193908691406,-0.1272425651550293
-129.729736328125,-60.272193908691406,-0.13154640793800354
-126.48648834228516,-60.272193908691406,-0.09158249944448471
-123.24324035644531,-60.272193908691406,-0.00663841562345624
-120.0,-60.272193908691406,0.11131835728883743
-116.75675964355469,-60.272193908691406,0.2632119357585907
-113.51351165771484,-60.272193908691406,0.4673711955547333
-110.27027130126953,-60.272193908691406,0.6609230041503906
-107.02702331542969,-60.272193908691406,0.7199468016624451
-103.78378295898438,-60.272193908691406,0.6503826975822449
-100.54054260253906,-60.272193908691406,0.5780521035194397
-97.29729461669922,-60.272193908691406,0.5423903465270996
-94.0540542602539,-60.272193908691406,0.559375524520874
-90.8108139038086,-60.272193908691406,0.6185835003852844
-87.56756591796875,-60.272193908691406,0.6677112579345703
-84.32432556152344,-60.272193908691406,0.6886841654777527
-81.0810775756836,-60.272193908691406,0.6340175867080688
-77.83783721923828,-60.272193908691406,0.4651360511779785
-74.59459686279297,-60.272193908691406,0.2237667292356491
-71.35134887695312,-60.272193908691406,0.027362074702978134
-68.10810852050781,-60.272193908691406,-0.031164975836873055
-64.8648681640625,-60.272193908691406,0.0745314210653305
-61.621620178222656,-60.272193908691406,0.2983061373233795
-58.378379821777344,-60.272193908691406,0.7197522521018982
-55.135135650634766,-60.272193908691406,1.3925442695617676
-51.89189147949219,-60.272193908691406,2.0684802532196045
-48.64864730834961,-60.272193908691406,3.166590452194214
-45.4054069519043,-60.272193908691406,2.4813289642333984
-42.16216278076172,-60.272193908691406,1.683903455734253
-38.91891860961914,-60.272193908691406,1.1938090324401855
-35.67567443847656,-60.272193908691406,1.0026288032531738
-32.43243408203125,-60.272193908691406,0.5018711686134338
-29.189189910888672,-60.272193908691406,-0.2788061499595642
-25.945945739746094,-60.272193908691406,-0.5480723977088928
-22.70270347595215,-60.272193908691406,-0.17269191145896912
-19.45945930480957,-60.272193908691406,-0.5876256823539734
-16.216217041015625,-60.272193908691406,-0.9808974266052246
-12.972972869873047,-60.272193908691406,-0.8171864151954651
-9.729729652404785,-60.272193908691406,-0.89085853099823
-6.486486434936523,-60.272193908691406,-1.1999602317810059
-3.2432432174682617,-60.272193908691406,-1.286739468574524
0.0,-60.272193908691406,-1.3274357318878174
3.2432432174682617,-60.272193908691406,-1.290040373802185
6.486486434936523,-60.272193908691406,-1.244436264038086
9.729729652404785,-60.272193908691406,-1.190883994102478
12.972972869873047,-60.272193908691406,-1.167056918144226
16.216217041015625,-60.272193908691406,-1.1521376371383667
19.45945930480957,-60.272193908691406,-1.1126508712768555
22.70270347595215,-60.272193908691406,-1.0448319911956787
25.945945739746094,-60.272193908691406,-0.9317411780357361
29.189189910888672,-60.272193908691406,-0.7801367044448853
32.43243408203125,-60.272193908691406,-0.5997183322906494
35.67567443847656,-60.272193908691406,-0.40228039026260376
38.91891860961914,-60.272193908691406,-0.2216426134109497
42.16216278076172,-60.272193908691406,-0.08867240697145462
45.4054069519043,-60.272193908691406,-0.003982424270361662
48.64864730834961,-60.272193908691406,0.053542643785476685
51.89189147949219,-60.272193908691406,0.0971718579530716
55.135135650634766,-60.272193908691406,0.11521220207214355
58.378379821777344,-60.272193908691406,0.11369826644659042
61.621620178222656,-60.272193908691406,0.10694579035043716
64.8648681640625,-60.272193908691406,0.0911630243062973
68.10810852050781,-60.272193908691406,0.06387778371572495
71.35134887695312,-60.272193908691406,0.030099280178546906
74.59459686279297,-60.272193908691406,0.021663403138518333
77.83783721923828,-60.272193908691406,0.04256923869252205
81.0810775756836,-60.272193908691406,0.12354294210672379
84.32432556152344,-60.272193908691406,0.26132073998451233
87.56756591796875,-60.272193908691406,0.19821321964263916
90.8108139038086,-60.272193908691406,0.15522401034832
94.0540542602539,-60.272193908691406,0.09610065072774887
97.29729461669922,-60.272193908691406,0.008604557253420353
100.54054260253906,-60.272193908691406,-0.09854377806186676
103.78378295898438,-60.272193908691406,-0.19184722006320953
107.02702331542969,-60.272193908691406,-0.2632390856742859
110.27027130126953,-60.272193908691406,-0.29008832573890686
113.51351165771484,-60.272193908691406,-0.24274230003356934
116.75675964355469,-60.272193908691406,-0.11718840897083282
120.0,-60.272193908691406,0.02144703082740307
123.24324035644531,-60.272193908691406,0.13667121529579163
126.48648834228516,-60.272193908691406,0.19697247445583344
129.729736328125,-60.272193908691406,0.24124307930469513
132.9729766845703,-60.272193908691406,0.24637484550476074
136.21621704101562,-60.272193908691406,0.20596154034137726
139.45945739746094,-60.272193908691406,0.08489727228879929
142.70269775390625,-60.272193908691406,-0.02307680994272232
145.94595336914062,-60.272193908691406,-0.10777830332517624
149.18919372558594,-60.272193908691406,-0.18522897362709045
152.43243408203125,-60.272193908691406,-0.2159266471862793
155.67567443847656,-60.272193908691406,-0.15902850031852722
158.91891479492188,-60.272193908691406,-0.0178481787443161
162.1621551513672,-60.272193908691406,0.2076350450515747
165.40541076660156,-60.272193908691406,0.43747562170028687
168.64865112304688,-60.272193908691406,0.5647891163825989
171.8918914794922,-60.272193908691406,0.6152218580245972
175.1351318359375,-60.272193908691406,0.6379488706588745
178.3783721923828,-60.272193908691406,0.6316341757774353
-178.3018798828125,-61.88082504272461,0.5684975385665894
-174.90565490722656,-61.88082504272461,0.5405120849609375
-171.50942993164062,-61.88082504272461,0.5051981806755066
-168.1132049560547,-61.88082504272461,0.519726574420929
-164.71697998046875,-61.88082504272461,0.5374041795730591
-161.3207550048828,-61.88082504272461,0.5408328771591187
-157.92453002929688,-61.88082504272461,0.5087272524833679
-154.52830505371094,-61.88082504272461,0.44007325172424316
-151.132080078125,-61.88082504272461,0.3331029713153839
-147.73585510253906,-61.88082504272461,0.2112203985452652
-144.33963012695312,-61.88082504272461,0.1511450558900833
-140.94338989257812,-61.88082504272461,0.04654594138264656
-137.5471649169922,-61.88082504272461,-0.03954435884952545
-134.15093994140625,-61.88082504272461,-0.07290546596050262
-130.7547149658203,-61.88082504272461,-0.0728020891547203
-127.35848999023438,-61.88082504272461,-0.02888455055654049
-123.96226501464844,-61.88082504272461,0.05254492536187172
-120.5660400390625,-61.88082504272461,0.17175455391407013
-117.16981506347656,-61.88082504272461,0.3280843198299408
-113.7735824584961,-61.88082504272461,0.5439883470535278
-110.37735748291016,-61.88082504272461,0.778759241104126
-106.98113250732422,-61.88082504272461,0.8439005613327026
-103.58490753173828,-61.88082504272461,0.723577082157135
-100.18868255615234,-61.88082504272461,0.6685686707496643
-96.79244995117188,-61.88082504272461,0.6337810158729553
-93.39622497558594,-61.88082504272461,0.6444507241249084
-90.0,-61.88082504272461,0.6844801306724548
-86.60377502441406,-61.88082504272461,0.7119069695472717
-83.20755004882812,-61.88082504272461,0.7195844054222107
-79.81131744384766,-61.88082504272461,0.6581519246101379
-76.41509246826172,-61.88082504272461,0.4269339442253113
-73.01886749267578,-61.88082504272461,0.11707621067762375
-69.62264251708984,-61.88082504272461,-0.10042066127061844
-66.2264175415039,-61.88082504272461,-0.05559132620692253
-62.8301887512207,-61.88082504272461,0.40690484642982483
-59.433963775634766,-61.88082504272461,1.5750566720962524
-56.03773498535156,-61.88082504272461,4.312108039855957
-52.641510009765625,-61.88082504272461,3.7745044231414795
-49.24528121948242,-61.88082504272461,1.3903769254684448
-45.849056243896484,-61.88082504272461,0.851630449295044
-42.45283126831055,-61.88082504272461,-0.18480554223060608
-39.056602478027344,-61.88082504272461,-0.5340071320533752
-35.660377502441406,-61.88082504272461,-0.48936891555786133
-32.26415252685547,-61.88082504272461,-0.8912332653999329
-28.867923736572266,-61.88082504272461,-1.6185146570205688
-25.471698760986328,-61.88082504272461,-2.688270092010498
-22.075471878051758,-61.88082504272461,-1.89661705493927
-18.679244995117188,-61.88082504272461,-0.5420575141906738
-15.283019065856934,-61.88082504272461,-0.6122508645057678
-11.886792182922363,-61.88082504272461,-0.032121531665325165
-8.49056625366211,-61.88082504272461,-0.37236130237579346
-5.094339847564697,-61.88082504272461,-0.778234601020813
-1.698113203048706,-61.88082504272461,-0.8064464926719666
1.698113203048706,-61.88082504272461,-0.7048495411872864
5.094339847564697,-61.88082504272461,-0.9363930225372314
8.49056625366211,-61.88082504272461,-1.0396451950073242
11.886792182922363,-61.88082504272461,-1.003429889678955
15.283019065856934,-61.88082504272461,-1.0020889043807983
18.679244995117188,-61.88082504272461,-1.0036152601242065
22.075471878051758,-61.88082504272461,-0.9920597672462463
25.471698760986328,-61.88082504272461,-0.8694178462028503
28.867923736572266,-61.88082504272461,-0.7072744369506836
32.26415252685547,-61.88082504272461,-0.5321222543716431
35.660377502441406,-61.88082504272461,-0.34032943844795227
39.056602478027344,-61.88082504272461,-0.1713702380657196
42.45283126831055,-61.88082504272461,-0.0592040978372097
45.849056243896484,-61.88082504272461,-0.00028774738893844187
49.24528121948242,-61.88082504272461,0.045695964246988297
52.641510009765625,-61.88082504272461,0.07558002322912216
56.03773498535156,-61.88082504272461,0.10116691887378693
59.433963775634766,-61.88082504272461,0.04675932228565216
62.8301887512207,-61.88082504272461,0.14112511277198792
66.2264175415039,-61.88082504272461,0.21824684739112854
69.62264251708984,-61.88082504272461,-0.5142031908035278
73.01886749267578,-61.88082504272461,-0.9571422338485718
76.41509246826172,-61.88082504272461,-0.9484912157058716
79.81131744384766,-61.88082504272461,0.2762297987937927
83.20755004882812,-61.88082504272461,0.03815590962767601
86.60377502441406,-61.88082504272461,-0.01889091171324253
90.0,-61.88082504272461,0.4172036647796631
93.39622497558594,-61.88082504272461,0.5305752158164978
96.79244995117188,-61.88082504272461,0.9314510226249695
100.18868255615234,-61.88082504272461,0.5155107975006104
103.58490753173828,-61.88082504272461,0.21314124763011932
106.98113250732422,-61.88082504272461,0.1251106858253479
110.37735748291016,-61.88082504272461,0.10183163732290268
113.7735824584961,-61.88082504272461,0.16251379251480103
117.16981506347656,-61.88082504272461,0.22475376725196838
120.5660400390625,-61.88082504272461,0.23481424152851105
123.96226501464844,-61.88082504272461,0.41220778226852417
127.35848999023438,-61.88082504272461,1.0293433666229248
130.7547149658203,-61.88082504272461,1.2741152048110962
134.15093994140625,-61.88082504272461,1.2063655853271484
137.5471649169922,-61.88082504272461,0.3688596785068512
140.94338989257812,-61.88082504272461,0.20348086953163147
144.33963012695312,-61.88082504272461,0.19265075027942657
147.73585510253906,-61.88082504272461,-0.10315398871898651
151.132080078125,-61.88082504272461,-0.2792847156524658
154.52830505371094,-61.88082504272461,-0.7754852771759033
157.92453002929688,-61.88082504272461,-0.9069985151290894
161.3207550048828,-61.88082504272461,-0.7535610795021057
164.71697998046875,-61.88082504272461,0.07373286783695221
168.1132049560547,-61.88082504272461,0.5080161690711975
171.50942993164062,-61.88082504272461,0.572137713432312
174.90565490722656,-61.88082504272461,0.5949021577835083
178.3018798828125,-61.88082504272461,0.5885512232780457
-178.1999969482422,-63.49015426635742,0.48615413904190063
-174.60000610351562,-63.49015426635742,0.46271228790283203
-171.0,-63.49015426635742,0.4835444390773773
-167.39999389648438,-63.49015426635742,0.47775521874427795
-163.8000030517578,-63.49015426635742,0.4546971321105957
-160.1999969482422,-63.49015426635742,0.3742901086807251
-156.60000610351562,-63.49015426635742,0.2758328318595886
-153.0,-63.49015426635742,0.15504240989685059
-149.39999389648438,-63.49015426635742,0.029685229063034058
-145.8000030517578,-63.49015426635742,0.02042250521481037
-142.1999969482422,-63.49015426635742,-0.017846224829554558
-138.60000610351562,-63.49015426635742,-0.0729348435997963
-135.0,-63.49015426635742,-0.093936488032341
-131.39999389648438,-63.49015426635742,-0.07707652449607849
-127.80000305175781,-63.49015426635742,-0.027577120810747147
-124.19999694824219,-63.49015426635742,0.054628245532512665
-120.5999984741211,-63.49015426635742,0.1882258504629135
-117.0,-63.49015426635742,0.3576675057411194
-113.4000015258789,-63.49015426635742,0.5793938040733337
-109.80000305175781,-63.49015426635742,0.7989462018013
-106.19999694824219,-63.49015426635742,0.8282548189163208
-102.5999984741211,-63.49015426635742,0.7470660209655762
-99.0,-63.49015426635742,0.7019254565238953
-95.4000015258789,-63.49015426635742,0.6695513725280762
-91.80000305175781,-63.49015426635742,0.6654313206672668
-88.19999694824219,-63.49015426635742,0.6651609539985657
-84.5999984741211,-63.49015426635742,0.639333963394165
-81.0,-63.49015426635742,0.5791400074958801
-77.4000015258789,-63.49015426635742,0.4359420835971832
-73.80000305175781,-63.49015426635742,0.16402730345726013
-70.19999694824219,-63.49015426635742,-0.05627994239330292
-66.5999984741211,-63.49015426635742,-0.02730810083448887
-63.0,-63.49015426635742,0.7641282677650452
-59.400001525878906,-63.49015426635742,3.6109721660614014
-55.79999923706055,-63.49015426635742,4.287311553955078
-52.20000076293945,-63.49015426635742,1.6793864965438843
-48.599998474121094,-63.49015426635742,0.3115086555480957
-45.0,-63.49015426635742,-0.41073980927467346
-41.400001525878906,-63.49015426635742,-0.9511938095092773
-37.79999923706055,-63.49015426635742,-1.2322317361831665
-34.20000076293945,-63.49015426635742,-1.3862130641937256
-30.600000381469727,-63.49015426635742,-1.6453611850738525
-27.0,-63.49015426635742,-2.199458360671997
-23.399999618530273,-63.49015426635742,-2.4733428955078125
-19.799999237060547,-63.49015426635742,0.6031712293624878
-16.200000762939453,-63.49015426635742,1.3550363779067993
-12.600000381469727,-63.49015426635742,1.0285159349441528
-9.0,-63.49015426635742,-0.06495518982410431
-5.400000095367432,-63.49015426635742,-0.5781899094581604
-1.7999999523162842,-63.49015426635742,-0.6910919547080994
1.7999999523162842,-63.49015426635742,1.2283974885940552
5.400000095367432,-63.49015426635742,0.402466356754303
9.0,-63.49015426635742,-0.4058365523815155
12.600000381469727,-63.49015426635742,-0.16457533836364746
16.200000762939453,-63.49015426635742,-0.02821812778711319
19.799999237060547,-63.49015426635742,0.031500544399023056
23.399999618530273,-63.49015426635742,-0.1844727098941803
27.0,-63.49015426635742,-0.10366857796907425
30.600000381469727,-63.49015426635742,-0.03577914834022522
34.20000076293945,-63.49015426635742,0.12436655163764954
37.79999923706055,-63.49015426635742,0.26205626130104065
41.400001525878906,-63.49015426635742,0.4122057557106018
45.0,-63.49015426635742,0.7561928629875183
48.599998474121094,-63.49015426635742,1.7967066764831543
52.20000076293945,-63.49015426635742,2.3770856857299805
55.79999923706055,-63.49015426635742,3.0928614139556885
59.400001525878906,-63.49015426635742,1.702179193496704
63.0,-63.49015426635742,-0.00996969360858202
66.5999984741211,-63.49015426635742,-2.4184439182281494
70.19999694824219,-63.49015426635742,-2.9987716674804688
73.80000305175781,-63.49015426635742,-3.8620553016662598
77.4000015258789,-63.49015426635742,-1.6156598329544067
81.0,-63.49015426635742,-0.6620837450027466
84.5999984741211,-63.49015426635742,-0.9927656650543213
88.19999694824219,-63.49015426635742,-0.29574906826019287
91.80000305175781,-63.49015426635742,0.8626651167869568
95.4000015258789,-63.49015426635742,2.0338430404663086
99.0,-63.49015426635742,1.6336003541946411
102.5999984741211,-63.49015426635742,2.2192187309265137
106.19999694824219,-63.49015426635742,3.8194100856781006
109.80000305175781,-63.49015426635742,3.9921491146087646
113.4000015258789,-63.49015426635742,3.1020452976226807
117.0,-63.49015426635742,2.473320245742798
120.5999984741211,-63.49015426635742,3.0272645950317383
124.19999694824219,-63.49015426635742,3.2034385204315186
127.80000305175781,-63.49015426635742,3.47346830368042
131.39999389648438,-63.49015426635742,3.2526936531066895
135.0,-63.49015426635742,2.962501049041748
138.60000610351562,-63.49015426635742,2.7731778621673584
142.1999969482422,-63.49015426635742,2.691854238510132
145.8000030517578,-63.49015426635742,2.7769556045532227
149.39999389648438,-63.49015426635742,0.3254413306713104
153.0,-63.49015426635742,-1.4630271196365356
156.60000610351562,-63.49015426635742,-2.5125648975372314
160.1999969482422,-63.49015426635742,-3.310342311859131
163.8000030517578,-63.49015426635742,-3.6257643699645996
167.39999389648438,-63.49015426635742,-1.0804694890975952
171.0,-63.49015426635742,0.5208578109741211
174.60000610351562,-63.49015426635742,0.50526362657547
178.1999969482422,-63.49015426635742,0.49843159317970276
-178.08511352539062,-65.09337615966797,0.5992957353591919
-174.2553253173828,-65.09337615966797,0.592193603515625
-170.425537109375,-65.09337615966797,0.668241560459137
-166.5957489013672,-65.09337615966797,0.5383132696151733
-162.76596069335938,-65.09337615966797,0.3567478656768799
-158.93617248535156,-65.09337615966797,0.33249253034591675
-155.10638427734375,-65.09337615966797,-0.06898012012243271
-151.27659606933594,-65.09337615966797,0.013026991859078407
-147.44680786132812,-65.09337615966797,0.1242263987660408
-143.6170196533203,-65.09337615966797,-0.28439295291900635
-139.7872314453125,-65.09337615966797,-0.24951979517936707
-135.9574432373047,-65.09337615966797,-0.4077063798904419
-132.12765502929688,-65.09337615966797,-0.4917416274547577
-128.29786682128906,-65.09337615966797,-0.42714738845825195
-124.46808624267578,-65.09337615966797,-0.30997106432914734
-120.63829803466797,-65.09337615966797,-0.017556365579366684
-116.80850982666016,-65.09337615966797,0.2210347205400467
-112.97872161865234,-65.09337615966797,0.47327184677124023
-109.14893341064453,-65.09337615966797,0.681057333946228
-105.31914520263672,-65.09337615966797,0.7759637832641602
-101.48936462402344,-65.09337615966797,0.7616275548934937
-97.65957641601562,-65.09337615966797,0.7008348703384399
-93.82978820800781,-65.09337615966797,0.6405389308929443
-90.0,-65.09337615966797,0.5922650098800659
-86.17021179199219,-65.09337615966797,0.5092906355857849
-82.34042358398438,-65.09337615966797,0.3862961530685425
-78.51063537597656,-65.09337615966797,0.28770047426223755
-74.68085479736328,-65.09337615966797,0.30481648445129395
-70.85106658935547,-65.09337615966797,0.1607036143541336
-67.02127838134766,-65.09337615966797,0.2534962296485901
-63.191490173339844,-65.09337615966797,0.0327218696475029
-59.36170196533203,-65.09337615966797,1.8602675199508667
-55.53191375732422,-65.09337615966797,1.3040990829467773
-51.70212936401367,-65.09337615966797,0.5714169144630432
-47.87234115600586,-65.09337615966797,-0.11071484535932541
-44.04255294799805,-65.09337615966797,-0.836596667766571
-40.212764739990234,-65.09337615966797,-1.3135048151016235
-36.38298034667969,-65.09337615966797,-1.5521366596221924
-32.553192138671875,-65.09337615966797,-1.7761313915252686
-28.723403930664062,-65.09337615966797,-2.129016637802124
-24.893617630004883,-65.09337615966797,-2.2380776405334473
-21.06382942199707,-65.09337615966797,-1.2758742570877075
-17.23404312133789,-65.09337615966797,-0.3615375757217407
-13.404254913330078,-65.09337615966797,-0.5325888991355896
-9.574467658996582,-65.09337615966797,-0.45539695024490356
-5.744680881500244,-65.09337615966797,0.6087785363197327
-1.914893627166748,-65.09337615966797,1.5432816743850708
1.914893627166748,-65.09337615966797,4.7956719398498535
5.744680881500244,-65.09337615966797,3.9513633251190186
9.574467658996582,-65.09337615966797,3.351148843765259
13.404254913330078,-65.09337615966797,3.7237820625305176
17.23404312133789,-65.09337615966797,4.8674211502075195
21.06382942199707,-65.09337615966797,4.229798793792725
24.893617630004883,-65.09337615966797,4.0345001220703125
28.723403930664062,-65.09337615966797,4.06074857711792
32.553192138671875,-65.09337615966797,3.8297550678253174
36.38298034667969,-65.09337615966797,4.273904323577881
40.212764739990234,-65.09337615966797,4.784702301025391
44.04255294799805,-65.09337615966797,5.15372371673584
47.87234115600586,-65.09337615966797,6.1292619705200195
51.70212936401367,-65.09337615966797,4.7862138748168945
55.53191375732422,-65.09337615966797,2.841982364654541
59.36170196533203,-65.09337615966797,-0.34912869334220886
63.191490173339844,-65.09337615966797,-2.274127244949341
67.02127838134766,-65.09337615966797,-2.341594934463501
70.85106658935547,-65.09337615966797,-2.175508737564087
74.68085479736328,-65.09337615966797,-1.916768193244934
78.51063537597656,-65.09337615966797,-1.0070724487304688
82.34042358398438,-65.09337615966797,-0.6488344073295593
86.17021179199219,-65.09337615966797,-0.2087310403585434
90.0,-65.09337615966797,-0.08289321511983871
93.82978820800781,-65.09337615966797,1.1445469856262207
97.65957641601562,-65.09337615966797,1.4807276725769043
101.48936462402344,-65.09337615966797,0.8848912715911865
105.31914520263672,-65.09337615966797,1.017806053161621
109.14893341064453,-65.09337615966797,1.8107858896255493
112.97872161865234,-65.09337615966797,1.118931770324707
116.80850982666016,-65.09337615966797,0.3903399109840393
120.63829803466797,-65.09337615966797,2.8243813514709473
124.46808624267578,-65.09337615966797,2.673492193222046
128.29786682128906,-65.09337615966797,1.5864686965942383
132.12765502929688,-65.09337615966797,0.3826412856578827
135.9574432373047,-65.09337615966797,0.3892776072025299
139.7872314453125,-65.09337615966797,0.7725068926811218
143.6170196533203,-65.09337615966797,0.47490108013153076
147.44680786132812,-65.09337615966797,0.9418500065803528
151.27659606933594,-65.09337615966797,-0.29335838556289673
155.10638427734375,-65.09337615966797,-0.4045834243297577
158.93617248535156,-65.09337615966797,-1.0749627351760864
162.76596069335938,-65.09337615966797,-2.3066787719726562
166.5957489013672,-65.09337615966797,-1.2968080043792725
170.425537109375,-65.09337615966797,1.110368013381958
174.2553253173828,-65.09337615966797,0.6176235675811768
178.08511352539062,-65.09337615966797,0.39192789793014526
-177.97752380371094,-66.70006561279297,1.157220482826233
-173.93258666992188,-66.70006561279297,1.2637181282043457
-169.88763427734375,-66.70006561279297,-0.6542125940322876
-165.8426971435547,-66.70006561279297,-2.1552093029022217
-161.79776000976562,-66.70006561279297,-1.6024093627929688
-157.7528076171875,-66.70006561279297,-1.3383153676986694
-153.70787048339844,-66.70006561279297,-0.9423107504844666
-149.6629180908203,-66.70006561279297,-0.10808375477790833
-145.61798095703125,-66.70006561279297,0.45773255825042725
-141.57302856445312,-66.70006561279297,0.31962206959724426
-137.52809143066406,-66.70006561279297,0.665079653263092
-133.48313903808594,-66.70006561279297,0.8943936228752136
-129.43820190429688,-66.70006561279297,0.6172494292259216
-125.39325714111328,-66.70006561279297,0.6607875227928162
-121.34831237792969,-66.70006561279297,0.7733744382858276
-117.3033676147461,-66.70006561279297,0.39912599325180054
-113.25843048095703,-66.70006561279297,0.6535490155220032
-109.21348571777344,-66.70006561279297,1.082236647605896
-105.16854095458984,-66.70006561279297,1.273598074913025
-101.12359619140625,-66.70006561279297,1.3648958206176758
-97.07865142822266,-66.70006561279297,1.252333641052246
-93.03370666503906,-66.70006561279297,1.0922670364379883
-88.98876190185547,-66.70006561279297,0.7969043254852295
-84.94381713867188,-66.70006561279297,0.570884644985199
-80.89888000488281,-66.70006561279297,0.4995783567428589
-76.85393524169922,-66.70006561279297,0.3959786295890808
-72.80899047851562,-66.70006561279297,-0.5611417889595032
-68.76404571533203,-66.70006561279297,-1.286380648612976
-64.71910095214844,-66.70006561279297,-2.024787425994873
-60.674156188964844,-66.70006561279297,-0.23044204711914062
-56.629215240478516,-66.70006561279297,-0.5725526809692383
-52.58427047729492,-66.70006561279297,-0.5971315503120422
-48.53932571411133,-66.70006561279297,-0.8365089297294617
-44.494380950927734,-66.70006561279297,-1.1366842985153198
-40.449440002441406,-66.70006561279297,-1.4971122741699219
-36.40449523925781,-66.70006561279297,-2.029731512069702
-32.35955047607422,-66.70006561279297,-2.348444938659668
-28.314607620239258,-66.70006561279297,-2.4969372749328613
-24.269662857055664,-66.70006561279297,-2.59079647064209
-20.224720001220703,-66.70006561279297,-2.536768674850464
-16.17977523803711,-66.70006561279297,-2.459223747253418
-12.134831428527832,-66.70006561279297,-2.6336278915405273
-8.089887619018555,-66.70006561279297,-1.3006346225738525
-4.044943809509277,-66.70006561279297,3.1897435188293457
0.0,-66.70006561279297,6.728209495544434
4.044943809509277,-66.70006561279297,8.830401420593262
8.089887619018555,-66.70006561279297,7.695634365081787
12.134831428527832,-66.70006561279297,4.652071475982666
16.17977523803711,-66.70006561279297,6.5921430587768555
20.224720001220703,-66.70006561279297,7.242575168609619
24.269662857055664,-66.70006561279297,6.517242908477783
28.314607620239258,-66.70006561279297,6.859764575958252
32.35955047607422,-66.70006561279297,5.257032871246338
36.40449523925781,-66.70006561279297,7.529308795928955
40.449440002441406,-66.70006561279297,7.433053493499756
44.494380950927734,-66.70006561279297,3.6069862842559814
48.53932571411133,-66.70006561279297,0.7273255586624146
52.58427047729492,-66.70006561279297,-1.101636528968811
56.629215240478516,-66.70006561279297,-1.220725655555725
60.674156188964844,-66.70006561279297,-1.5441371202468872
64.71910095214844,-66.70006561279297,-1.4929510354995728
68.76404571533203,-66.70006561279297,-1.0793951749801636
72.80899047851562,-66.70006561279297,-0.9932934641838074
76.85393524169922,-66.70006561279297,-0.5286942720413208
80.89888000488281,-66.70006561279297,-0.05515683442354202
84.94381713867188,-66.70006561279297,0.14728966355323792
88.98876190185547,-66.70006561279297,0.00729688024148345
93.03370666503906,-66.70006561279297,0.36840325593948364
97.07865142822266,-66.70006561279297,0.0056101479567587376
101.12359619140625,-66.70006561279297,0.07239048928022385
105.16854095458984,-66.70006561279297,0.07076002657413483
109.21348571777344,-66.70006561279297,0.679462730884552
113.25843048095703,-66.70006561279297,0.052163854241371155
117.3033676147461,-66.70006561279297,-0.06881348043680191
121.34831237792969,-66.70006561279297,0.29151636362075806
125.39325714111328,-66.70006561279297,-0.298286110162735
129.43820190429688,-66.70006561279297,-0.17508955299854279
133.48313903808594,-66.70006561279297,-0.5316775441169739
137.52809143066406,-66.70006561279297,-0.7024989724159241
141.57302856445312,-66.70006561279297,-0.5073884129524231
145.61798095703125,-66.70006561279297,0.148508682847023
149.6629180908203,-66.70006561279297,-0.18182404339313507
153.70787048339844,-66.70006561279297,-0.2816544473171234
157.7528076171875,-66.70006561279297,-0.15406452119350433
161.79776000976562,-66.70006561279297,-0.20084701478481293
165.8426971435547,-66.70006561279297,0.49306195974349976
169.88763427734375,-66.70006561279297,2.1916263103485107
173.93258666992188,-66.70006561279297,-1.0644465684890747
177.97752380371094,-66.70006561279297,-0.8080629706382751
-177.83132934570312,-68.3117446899414,-1.3338114023208618
-173.4939727783203,-68.3117446899414,-1.3097975254058838
-169.15663146972656,-68.3117446899414,-3.196261405944824
-164.81927490234375,-68.3117446899414,-2.187689781188965
-160.48193359375,-68.3117446899414,-1.5056394338607788
-156.1445770263672,-68.3117446899414,-0.9449912309646606
-151.80723571777344,-68.3117446899414,-0.21145670115947723
-147.46987915039062,-68.3117446899414,0.5703756809234619
-143.1325225830078,-68.3117446899414,1.1051527261734009
-138.79518127441406,-68.3117446899414,1.2814401388168335
-134.45782470703125,-68.3117446899414,1.4067761898040771
-130.1204833984375,-68.3117446899414,1.4613637924194336
-125.78313446044922,-68.3117446899414,1.5392060279846191
-121.44578552246094,-68.3117446899414,1.5546724796295166
-117.10843658447266,-68.3117446899414,1.5244364738464355
-112.77108764648438,-68.3117446899414,1.6060174703598022
-108.4337387084961,-68.3117446899414,1.5977489948272705
-104.09638214111328,-68.3117446899414,1.5685185194015503
-99.759033203125,-68.3117446899414,1.5693546533584595
-95.42168426513672,-68.3117446899414,1.7121142148971558
-91.08433532714844,-68.3117446899414,1.323626160621643
-86.74698638916016,-68.3117446899414,0.618584156036377
-82.40963745117188,-68.3117446899414,0.19270046055316925
-78.0722885131836,-68.3117446899414,-0.22194620966911316
-73.73493957519531,-68.3117446899414,-1.5708922147750854
-69.39759063720703,-68.3117446899414,-2.2779483795166016
-65.06024169921875,-68.3117446899414,-2.5459818840026855
-60.72289276123047,-68.3117446899414,-1.783230185508728
-56.38554382324219,-68.3117446899414,-1.8921942710876465
-52.04819107055664,-68.3117446899414,-1.8567204475402832
-47.71084213256836,-68.3117446899414,-1.8271238803863525
-43.37349319458008,-68.3117446899414,-1.9582356214523315
-39.0361442565918,-68.3117446899414,-2.220773458480835
-34.698795318603516,-68.3117446899414,-2.703890562057495
-30.361446380615234,-68.3117446899414,-2.7842321395874023
-26.02409553527832,-68.3117446899414,-2.818237543106079
-21.68674659729004,-68.3117446899414,-3.040982723236084
-17.349397659301758,-68.3117446899414,-3.078603506088257
-13.01204776763916,-68.3117446899414,-2.8176522254943848
-8.674698829650879,-68.3117446899414,-1.8212672472000122
-4.3373494148254395,-68.3117446899414,1.7143689393997192
0.0,-68.3117446899414,5.881726264953613
4.3373494148254395,-68.3117446899414,4.064917087554932
8.674698829650879,-68.3117446899414,1.872015357017517
13.01204776763916,-68.3117446899414,1.1833738088607788
17.349397659301758,-68.3117446899414,2.356323480606079
21.68674659729004,-68.3117446899414,2.4903531074523926
26.02409553527832,-68.3117446899414,1.5232571363449097
30.361446380615234,-68.3117446899414,2.3013663291931152
34.698795318603516,-68.3117446899414,1.474536418914795
39.0361442565918,-68.3117446899414,1.3225700855255127
43.37349319458008,-68.3117446899414,-0.5583695769309998
47.71084213256836,-68.3117446899414,-1.023302435874939
52.04819107055664,-68.3117446899414,-1.2510300874710083
56.38554382324219,-68.3117446899414,-1.44908607006073
60.72289276123047,-68.3117446899414,-1.6654889583587646
65.06024169921875,-68.3117446899414,-1.5820338726043701
69.39759063720703,-68.3117446899414,-0.8543010354042053
73.73493957519531,-68.3117446899414,-0.8057588934898376
78.0722885131836,-68.3117446899414,-0.3215159475803375
82.40963745117188,-68.3117446899414,-0.5519601702690125
86.74698638916016,-68.3117446899414,-0.4292754530906677
91.08433532714844,-68.3117446899414,-0.3361545503139496
95.42168426513672,-68.3117446899414,-0.31929072737693787
99.759033203125,-68.3117446899414,-0.3096315264701843
104.09638214111328,-68.3117446899414,-0.2538090944290161
108.4337387084961,-68.3117446899414,-0.23531970381736755
112.77108764648438,-68.3117446899414,-0.28410255908966064
117.10843658447266,-68.3117446899414,-0.366616815328598
121.44578552246094,-68.3117446899414,-0.47771185636520386
125.78313446044922,-68.3117446899414,-0.5972878932952881
130.1204833984375,-68.3117446899414,-0.6979196071624756
134.45782470703125,-68.3117446899414,-0.7786500453948975
138.79518127441406,-68.3117446899414,-0.8319771885871887
143.1325225830078,-68.3117446899414,-0.8016244769096375
147.46987915039062,-68.3117446899414,-0.5270174145698547
151.80723571777344,-68.3117446899414,-0.2760353088378906
156.1445770263672,-68.3117446899414,-0.12453676760196686
160.48193359375,-68.3117446899414,-0.037785179913043976
164.81927490234375,-68.3117446899414,-0.3153880536556244
169.15663146972656,-68.3117446899414,1.1192927360534668
173.4939727783203,-68.3117446899414,-1.1290335655212402
177.83132934570312,-68.3117446899414,-1.4341601133346558
-177.66233825683594,-69.92082214355469,-0.5831798315048218
-172.9870147705078,-69.92082214355469,-1.1791208982467651
-168.3116912841797,-69.92082214355469,-0.9979895353317261
-163.63636779785156,-69.92082214355469,-0.2547916769981384
-158.96104431152344,-69.92082214355469,0.09864770621061325
-154.2857208251953,-69.92082214355469,0.33535051345825195
-149.61038208007812,-69.92082214355469,0.6840720176696777
-144.93505859375,-69.92082214355469,0.9341697692871094
-140.25973510742188,-69.92082214355469,1.1426689624786377
-135.58441162109375,-69.92082214355469,1.2711162567138672
-130.90908813476562,-69.92082214355469,1.3641833066940308
-126.2337646484375,-69.92082214355469,1.4907453060150146
-121.55844116210938,-69.92082214355469,1.5712041854858398
-116.88311767578125,-69.92082214355469,1.6242088079452515
-112.20779418945312,-69.92082214355469,1.6573598384857178
-107.532470703125,-69.92082214355469,1.6669245958328247
-102.85713958740234,-69.92082214355469,1.620332956314087
-98.18181610107422,-69.92082214355469,1.4901808500289917
-93.5064926147461,-69.92082214355469,1.2499585151672363
-88.83116912841797,-69.92082214355469,0.9456971287727356
-84.15584564208984,-69.92082214355469,0.3548181354999542
-79.48052215576172,-69.92082214355469,-0.30184075236320496
-74.80519104003906,-69.92082214355469,-0.7164551615715027
-70.12986755371094,-69.92082214355469,-1.8233354091644287
-65.45454406738281,-69.92082214355469,-2.3286631107330322
-60.77922058105469,-69.92082214355469,-2.362980365753174
-56.10389709472656,-69.92082214355469,-2.7078826427459717
-51.42856979370117,-69.92082214355469,-2.7963385581970215
-46.75324630737305,-69.92082214355469,-2.8524327278137207
-42.07792282104492,-69.92082214355469,-2.7962098121643066
-37.40259552001953,-69.92082214355469,-2.998460054397583
-32.727272033691406,-69.92082214355469,-3.5002710819244385
-28.05194854736328,-69.92082214355469,-3.477604389190674
-23.376623153686523,-69.92082214355469,-3.129011631011963
-18.701297760009766,-69.92082214355469,-3.2484612464904785
-14.02597427368164,-69.92082214355469,-2.545389413833618
-9.350648880004883,-69.92082214355469,-1.2097209692001343
-4.675324440002441,-69.92082214355469,-0.6050190329551697
0.0,-69.92082214355469,-0.2534327208995819
4.675324440002441,-69.92082214355469,0.22964172065258026
9.350648880004883,-69.92082214355469,0.8167567849159241
14.02597427368164,-69.92082214355469,0.6767747402191162
18.701297760009766,-69.92082214355469,0.3999970555305481
23.376623153686523,-69.92082214355469,1.0888564586639404
28.05194854736328,-69.92082214355469,0.9661785960197449
32.727272033691406,-69.92082214355469,-0.4474489986896515
37.40259552001953,-69.92082214355469,-0.5180907845497131
42.07792282104492,-69.92082214355469,-0.9321718215942383
46.75324630737305,-69.92082214355469,-1.1012026071548462
51.42856979370117,-69.92082214355469,-1.3074548244476318
56.10389709472656,-69.92082214355469,-1.507912516593933
60.77922058105469,-69.92082214355469,-1.6244984865188599
65.45454406738281,-69.92082214355469,-1.5557211637496948
70.12986755371094,-69.92082214355469,-1.3597339391708374
74.80519104003906,-69.92082214355469,-1.0347588062286377
79.48052215576172,-69.92082214355469,-0.8430010080337524
84.15584564208984,-69.92082214355469,-0.7835240960121155
88.83116912841797,-69.92082214355469,-0.6338717341423035
93.5064926147461,-69.92082214355469,-0.5445674657821655
98.18181610107422,-69.92082214355469,-0.502914547920227
102.85713958740234,-69.92082214355469,-0.5031110048294067
107.532470703125,-69.92082214355469,-0.5372995734214783
112.20779418945312,-69.92082214355469,-0.5874207615852356
116.88311767578125,-69.92082214355469,-0.6848209500312805
121.55844116210938,-69.92082214355469,-0.7164571285247803
126.2337646484375,-69.92082214355469,-0.8221518397331238
130.90908813476562,-69.92082214355469,-0.9727308750152588
135.58441162109375,-69.92082214355469,-1.0252437591552734
140.25973510742188,-69.92082214355469,-1.067954182624817
144.93505859375,-69.92082214355469,-0.9767521023750305
149.61038208007812,-69.92082214355469,-0.8222579956054688
154.2857208251953,-69.92082214355469,-0.6190431118011475
158.96104431152344,-69.92082214355469,-0.3346846401691437
163.63636779785156,-69.92082214355469,-0.16432902216911316
168.3116912841797,-69.92082214355469,0.155094712972641
172.9870147705078,-69.92082214355469,1.1094956398010254
177.66233825683594,-69.92082214355469,-0.4618856608867645
-177.46478271484375,-71.52809143066406,-0.6054904460906982
-172.3943634033203,-71.52809143066406,-0.4800581634044647
-167.32394409179688,-71.52809143066406,-0.2564300298690796
-162.25352478027344,-71.52809143066406,0.020124372094869614
-157.18310546875,-71.52809143066406,0.27189716696739197
-152.1126708984375,-71.52809143066406,0.5568832755088806
-147.04225158691406,-71.52809143066406,0.7099120020866394
-141.97183227539062,-71.52809143066406,0.8842645883560181
-136.9014129638672,-71.52809143066406,0.9875409603118896
-131.8309783935547,-71.52809143066406,1.2152432203292847
-126.76056671142578,-71.52809143066406,1.3531066179275513
-121.69013977050781,-71.52809143066406,1.4876151084899902
-116.61972045898438,-71.52809143066406,1.539360761642456
-111.5492935180664,-71.52809143066406,1.5969117879867554
-106.47887420654297,-71.52809143066406,1.656263828277588
-101.408447265625,-71.52809143066406,1.7378101348876953
-96.33802795410156,-71.52809143066406,1.6584210395812988
-91.26760864257812,-71.52809143066406,1.393456220626831
-86.19718170166016,-71.52809143066406,0.9661480784416199
-81.12676239013672,-71.52809143066406,0.39181244373321533
-76.05633544921875,-71.52809143066406,-0.21817035973072052
-70.98591613769531,-71.52809143066406,-1.4534022808074951
-65.91548919677734,-71.52809143066406,-2.0599327087402344
-60.845069885253906,-71.52809143066406,-2.4904959201812744
-55.7746467590332,-71.52809143066406,-3.3164687156677246
-50.7042236328125,-71.52809143066406,-3.5503451824188232
-45.63380432128906,-71.52809143066406,-3.648642063140869
-40.56338119506836,-71.52809143066406,-3.7389097213745117
-35.492958068847656,-71.52809143066406,-3.745692014694214
-30.422534942626953,-71.52809143066406,-3.9309439659118652
-25.35211181640625,-71.52809143066406,-3.996415615081787
-20.28169059753418,-71.52809143066406,-3.4796810150146484
-15.211267471313477,-71.52809143066406,-2.2243356704711914
-10.14084529876709,-71.52809143066406,-1.7898248434066772
-5.070422649383545,-71.52809143066406,-1.3122460842132568
0.0,-71.52809143066406,-0.8979905247688293
5.070422649383545,-71.52809143066406,-0.48830968141555786
10.14084529876709,-71.52809143066406,-0.1329098343849182
15.211267471313477,-71.52809143066406,-0.16645902395248413
20.28169059753418,-71.52809143066406,-0.4534006118774414
25.35211181640625,-71.52809143066406,-0.6834046840667725
30.422534942626953,-71.52809143066406,-0.851371705532074
35.492958068847656,-71.52809143066406,-1.0703527927398682
40.56338119506836,-71.52809143066406,-1.2035647630691528
45.63380432128906,-71.52809143066406,-1.3387149572372437
50.7042236328125,-71.52809143066406,-1.4993571043014526
55.7746467590332,-71.52809143066406,-1.6321529150009155
60.845069885253906,-71.52809143066406,-1.6898667812347412
65.91548919677734,-71.52809143066406,-1.6616485118865967
70.98591613769531,-71.52809143066406,-1.5019806623458862
76.05633544921875,-71.52809143066406,-1.2822002172470093
81.12676239013672,-71.52809143066406,-1.1326792240142822
86.19718170166016,-71.52809143066406,-1.0063087940216064
91.26760864257812,-71.52809143066406,-0.9356706142425537
96.33802795410156,-71.52809143066406,-0.8779968023300171
101.408447265625,-71.52809143066406,-0.8822835087776184
106.47887420654297,-71.52809143066406,-0.9010340571403503
111.5492935180664,-71.52809143066406,-0.9245879054069519
116.61972045898438,-71.52809143066406,-0.9772115349769592
121.69013977050781,-71.52809143066406,-1.0251721143722534
126.76056671142578,-71.52809143066406,-1.1058193445205688
131.8309783935547,-71.52809143066406,-1.1590478420257568
136.9014129638672,-71.52809143066406,-1.1903623342514038
141.97183227539062,-71.52809143066406,-1.1817653179168701
147.04225158691406,-71.52809143066406,-1.1082170009613037
152.1126708984375,-71.52809143066406,-1.0602786540985107
157.18310546875,-71.52809143066406,-0.9318096041679382
162.25352478027344,-71.52809143066406,-0.8606932759284973
167.32394409179688,-71.52809143066406,-0.870668351650238
172.3943634033203,-71.52809143066406,0.07310692220926285
177.46478271484375,-71.52809143066406,-0.5652244091033936
-177.23077392578125,-73.13449096679688,-0.8920277953147888
-171.6923065185547,-73.13449096679688,-0.6292025446891785
-166.15383911132812,-73.13449096679688,-0.34065213799476624
-160.61538696289062,-73.13449096679688,-0.0822937935590744
-155.07691955566406,-73.13449096679688,0.18517351150512695
-149.53846740722656,-73.13449096679688,0.41580840945243835
-144.0,-73.13449096679688,0.6346151828765869
-138.46153259277344,-73.13449096679688,0.7208375930786133
-132.92308044433594,-73.13449096679688,0.9059916138648987
-127.38461303710938,-73.13449096679688,1.090746283531189
-121.84615325927734,-73.13449096679688,1.3015564680099487
-116.30769348144531,-73.13449096679688,1.3953123092651367
-110.76923370361328,-73.13449096679688,1.6207103729248047
-105.23076629638672,-73.13449096679688,1.6870768070220947
-99.69230651855469,-73.13449096679688,1.7291171550750732
-94.15384674072266,-73.13449096679688,1.6955512762069702
-88.61538696289062,-73.13449096679688,1.5477392673492432
-83.07691955566406,-73.13449096679688,1.047566533088684
-77.53845977783203,-73.13449096679688,0.16895732283592224
-72.0,-73.13449096679688,-0.5797445774078369
-66.46154022216797,-73.13449096679688,-1.9432605504989624
-60.92307662963867,-73.13449096679688,-2.7875418663024902
-55.38461685180664,-73.13449096679688,-3.795177936553955
-49.846153259277344,-73.13449096679688,-4.29807710647583
-44.30769348144531,-73.13449096679688,-4.588426113128662
-38.769229888916016,-73.13449096679688,-4.627658843994141
-33.230770111083984,-73.13449096679688,-4.504270076751709
-27.69230842590332,-73.13449096679688,-4.24281644821167
-22.153846740722656,-73.13449096679688,-3.6345202922821045
-16.615385055541992,-73.13449096679688,-3.161241054534912
-11.076923370361328,-73.13449096679688,-2.591535806655884
-5.538461685180664,-73.13449096679688,-2.1048784255981445
0.0,-73.13449096679688,-1.5965090990066528
5.538461685180664,-73.13449096679688,-1.207810640335083
11.076923370361328,-73.13449096679688,-0.9275782108306885
16.615385055541992,-73.13449096679688,-0.9466964602470398
22.153846740722656,-73.13449096679688,-1.098829746246338
27.69230842590332,-73.13449096679688,-1.225319743156433
33.230770111083984,-73.13449096679688,-1.3822840452194214
38.769229888916016,-73.13449096679688,-1.568582534790039
44.30769348144531,-73.13449096679688,-1.7079753875732422
49.846153259277344,-73.13449096679688,-1.8447405099868774
55.38461685180664,-73.13449096679688,-1.9180586338043213
60.92307662963867,-73.13449096679688,-1.8913581371307373
66.46154022216797,-73.13449096679688,-1.8450595140457153
72.0,-73.13449096679688,-1.7327054738998413
77.53845977783203,-73.13449096679688,-1.6327159404754639
83.07691955566406,-73.13449096679688,-1.4925705194473267
88.61538696289062,-73.13449096679688,-1.4055665731430054
94.15384674072266,-73.13449096679688,-1.3608602285385132
99.69230651855469,-73.13449096679688,-1.319878101348877
105.23076629638672,-73.13449096679688,-1.336241602897644
110.76923370361328,-73.13449096679688,-1.3640382289886475
116.30769348144531,-73.13449096679688,-1.3972339630126953
121.84615325927734,-73.13449096679688,-1.4305839538574219
127.38461303710938,-73.13449096679688,-1.4623286724090576
132.92308044433594,-73.13449096679688,-1.4867686033248901
138.46153259277344,-73.13449096679688,-1.4946123361587524
144.0,-73.13449096679688,-1.4491889476776123
149.53846740722656,-73.13449096679688,-1.3816369771957397
155.07691955566406,-73.13449096679688,-1.2903916835784912
160.61538696289062,-73.13449096679688,-1.247988224029541
166.15383911132812,-73.13449096679688,-1.1988301277160645
171.6923065185547,-73.13449096679688,-0.898317277431488
177.23077392578125,-73.13449096679688,-0.8774482011795044
-176.94915771484375,-74.74122619628906,-1.1207818984985352
-170.8474578857422,-74.74122619628906,-0.9019611477851868
-164.74575805664062,-74.74122619628906,-0.6075543761253357
-158.64407348632812,-74.74122619628906,-0.33650174736976624
-152.54237365722656,-74.74122619628906,-0.17378975450992584
-146.440673828125,-74.74122619628906,0.21306781470775604
-140.3389892578125,-74.74122619628906,0.40637800097465515
-134.23728942871094,-74.74122619628906,0.750734806060791
-128.13558959960938,-74.74122619628906,0.9239498376846313
-122.03389739990234,-74.74122619628906,1.152704119682312
-115.93220520019531,-74.74122619628906,1.3143432140350342
-109.83050537109375,-74.74122619628906,1.4852969646453857
-103.72881317138672,-74.74122619628906,1.7093170881271362
-97.62712097167969,-74.74122619628906,1.726562738418579
-91.52542114257812,-74.74122619628906,1.8528108596801758
-85.4237289428711,-74.74122619628906,1.829679012298584
-79.32203674316406,-74.74122619628906,0.8874621987342834
-73.2203369140625,-74.74122619628906,-0.5790646076202393
-67.11864471435547,-74.74122619628906,-1.9281278848648071
-61.01694869995117,-74.74122619628906,-2.883444309234619
-54.915252685546875,-74.74122619628906,-4.224332332611084
-48.813560485839844,-74.74122619628906,-5.110764980316162
-42.71186447143555,-74.74122619628906,-5.536858081817627
-36.61016845703125,-74.74122619628906,-5.537578105926514
-30.508474349975586,-74.74122619628906,-5.159239768981934
-24.406780242919922,-74.74122619628906,-4.424612522125244
-18.305084228515625,-74.74122619628906,-4.069103717803955
-12.203390121459961,-74.74122619628906,-3.4605512619018555
-6.1016950607299805,-74.74122619628906,-2.9059853553771973
0.0,-74.74122619628906,-2.360555648803711
6.1016950607299805,-74.74122619628906,-1.9823778867721558
12.203390121459961,-74.74122619628906,-1.7074551582336426
18.305084228515625,-74.74122619628906,-1.67330801486969
24.406780242919922,-74.74122619628906,-1.7605786323547363
30.508474349975586,-74.74122619628906,-1.795319676399231
36.61016845703125,-74.74122619628906,-1.847145438194275
42.71186447143555,-74.74122619628906,-2.050165891647339
48.813560485839844,-74.74122619628906,-2.145824670791626
54.915252685546875,-74.74122619628906,-2.2496581077575684
61.01694869995117,-74.74122619628906,-2.2101967334747314
67.11864471435547,-74.74122619628906,-2.108999490737915
73.2203369140625,-74.74122619628906,-2.0492091178894043
79.32203674316406,-74.74122619628906,-1.99245023727417
85.4237289428711,-74.74122619628906,-1.9454550743103027
91.52542114257812,-74.74122619628906,-1.9026916027069092
97.62712097167969,-74.74122619628906,-1.8599777221679688
103.72881317138672,-74.74122619628906,-1.865509271621704
109.83050537109375,-74.74122619628906,-1.8772019147872925
115.93220520019531,-74.74122619628906,-1.8823338747024536
122.03389739990234,-74.74122619628906,-1.868916392326355
128.13558959960938,-74.74122619628906,-1.873910665512085
134.23728942871094,-74.74122619628906,-1.8481580018997192
140.3389892578125,-74.74122619628906,-1.822704553604126
146.440673828125,-74.74122619628906,-1.7861407995224
152.54237365722656,-74.74122619628906,-1.7422478199005127
158.64407348632812,-74.74122619628906,-1.6982417106628418
164.74575805664062,-74.74122619628906,-1.3749315738677979
170.8474578857422,-74.74122619628906,-1.6233713626861572
176.94915771484375,-74.74122619628906,-1.2950663566589355
-176.60377502441406,-76.34991455078125,-1.4853155612945557
-169.8113250732422,-76.34991455078125,-1.2546190023422241
-163.0188751220703,-76.34991455078125,-0.8539933562278748
-156.22640991210938,-76.34991455078125,-0.5857804417610168
-149.4339599609375,-76.34991455078125,-0.09911873936653137
-142.64151000976562,-76.34991455078125,0.07418715208768845
-135.84906005859375,-76.34991455078125,0.39255645871162415
-129.05661010742188,-76.34991455078125,0.5432969331741333
-122.26415252685547,-76.34991455078125,0.7885163426399231
-115.47169494628906,-76.34991455078125,0.9868011474609375
-108.67924499511719,-76.34991455078125,1.1671210527420044
-101.88679504394531,-76.34991455078125,1.3360017538070679
-95.0943374633789,-76.34991455078125,1.5568138360977173
-88.30188751220703,-76.34991455078125,1.7859749794006348
-81.50943756103516,-76.34991455078125,1.3457444906234741
-74.71697998046875,-76.34991455078125,-0.3351005017757416
-67.92453002929688,-76.34991455078125,-2.0648367404937744
-61.132076263427734,-76.34991455078125,-3.503795862197876
-54.339622497558594,-76.34991455078125,-4.487544059753418
-47.54716873168945,-76.34991455078125,-5.908730506896973
-40.75471878051758,-76.34991455078125,-6.384207248687744
-33.96226501464844,-76.34991455078125,-5.939707279205322
-27.169811248779297,-76.34991455078125,-5.647815227508545
-20.37735939025879,-76.34991455078125,-5.019961833953857
-13.584905624389648,-76.34991455078125,-4.342979431152344
-6.792452812194824,-76.34991455078125,-3.634143352508545
0.0,-76.34991455078125,-3.1044020652770996
6.792452812194824,-76.34991455078125,-2.693557024002075
13.584905624389648,-76.34991455078125,-2.4126992225646973
20.37735939025879,-76.34991455078125,-2.3111019134521484
27.169811248779297,-76.34991455078125,-2.3512187004089355
33.96226501464844,-76.34991455078125,-2.3268144130706787
40.75471878051758,-76.34991455078125,-2.309992790222168
47.54716873168945,-76.34991455078125,-2.482449769973755
54.339622497558594,-76.34991455078125,-2.5161125659942627
61.132076263427734,-76.34991455078125,-2.5353000164031982
67.92453002929688,-76.34991455078125,-2.506105661392212
74.71697998046875,-76.34991455078125,-2.3618085384368896
81.50943756103516,-76.34991455078125,-2.345921516418457
88.30188751220703,-76.34991455078125,-2.3505940437316895
95.0943374633789,-76.34991455078125,-2.3798749446868896
101.88679504394531,-76.34991455078125,-2.3821475505828857
108.67924499511719,-76.34991455078125,-2.3900673389434814
115.47169494628906,-76.34991455078125,-2.3618390560150146
122.26415252685547,-76.34991455078125,-2.3178043365478516
129.05661010742188,-76.34991455078125,-2.267857074737549
135.84906005859375,-76.34991455078125,-2.2307302951812744
142.64151000976562,-76.34991455078125,-2.1820595264434814
149.4339599609375,-76.34991455078125,-2.138871192932129
156.22640991210938,-76.34991455078125,-2.121081829071045
163.0188751220703,-76.34991455078125,-1.9310978651046753
169.8113250732422,-76.34991455078125,-1.8280205726623535
176.60377502441406,-76.34991455078125,-1.081626057624817
-176.1702117919922,-77.96286010742188,-0.5486820340156555
-168.51063537597656,-77.96286010742188,0.010348637588322163
-160.85105895996094,-77.96286010742188,-0.5931963324546814
-153.1914825439453,-77.96286010742188,-0.6369758248329163
-145.53192138671875,-77.96286010742188,-0.45614585280418396
-137.87234497070312,-77.96286010742188,-0.1180456131696701
-130.2127685546875,-77.96286010742188,0.0950544998049736
-122.55319213867188,-77.96286010742188,0.3050619661808014
-114.89361572265625,-77.96286010742188,0.5261453986167908
-107.23403930664062,-77.96286010742188,0.7601694464683533
-99.57447052001953,-77.96286010742188,0.835969090461731
-91.9148941040039,-77.96286010742188,0.9088554978370667
-84.25531768798828,-77.96286010742188,0.5217671990394592
-76.59574127197266,-77.96286010742188,-0.6308013796806335
-68.93617248535156,-77.96286010742188,-2.2364959716796875
-61.27659606933594,-77.96286010742188,-3.932435989379883
-53.61701965332031,-77.96286010742188,-5.5895094871521
-45.95744705200195,-77.96286010742188,-6.715249538421631
-38.29787063598633,-77.96286010742188,-6.779984951019287
-30.63829803466797,-77.96286010742188,-6.6402716636657715
-22.978723526000977,-77.96286010742188,-5.784826755523682
-15.319149017333984,-77.96286010742188,-5.019808292388916
-7.659574508666992,-77.96286010742188,-4.286421775817871
0.0,-77.96286010742188,-3.764348268508911
7.659574508666992,-77.96286010742188,-3.296149492263794
15.319149017333984,-77.96286010742188,-2.999849319458008
22.978723526000977,-77.96286010742188,-2.86350679397583
30.63829803466797,-77.96286010742188,-2.875871419906616
38.29787063598633,-77.96286010742188,-2.791954517364502
45.95744705200195,-77.96286010742188,-2.702608823776245
53.61701965332031,-77.96286010742188,-2.832857608795166
61.27659606933594,-77.96286010742188,-2.819376230239868
68.93617248535156,-77.96286010742188,-2.7932546138763428
76.59574127197266,-77.96286010742188,-2.747453212738037
84.25531768798828,-77.96286010742188,-2.6635019779205322
91.9148941040039,-77.96286010742188,-2.7228291034698486
99.57447052001953,-77.96286010742188,-2.815221071243286
107.23403930664062,-77.96286010742188,-2.9051690101623535
114.89361572265625,-77.96286010742188,-2.8096582889556885
122.55319213867188,-77.96286010742188,-2.698423147201538
130.2127685546875,-77.96286010742188,-2.602179765701294
137.87234497070312,-77.96286010742188,-2.5462610721588135
145.53192138671875,-77.96286010742188,-2.5160982608795166
153.1914825439453,-77.96286010742188,-2.4729018211364746
160.85105895996094,-77.96286010742188,-2.491741418838501
168.51063537597656,-77.96286010742188,-2.4492526054382324
176.1702117919922,-77.96286010742188,-0.5803549289703369
-175.60975646972656,-79.58364868164062,-1.8713971376419067
-166.8292694091797,-79.58364868164062,-1.5577336549758911
-158.0487823486328,-79.58364868164062,-1.245904564857483
-149.26829528808594,-79.58364868164062,-1.0592167377471924
-140.48780822753906,-79.58364868164062,-0.7827960252761841
-131.7073211669922,-79.58364868164062,-0.47355327010154724
-122.92682647705078,-79.58364868164062,-0.22105693817138672
-114.1463394165039,-79.58364868164062,-0.06392962485551834
-105.36585235595703,-79.58364868164062,0.012665939517319202
-96.58536529541016,-79.58364868164062,0.02315063402056694
-87.80487823486328,-79.58364868164062,-0.3040195405483246
-79.0243911743164,-79.58364868164062,-1.1468241214752197
-70.24390411376953,-79.58364868164062,-2.4417688846588135
-61.46341323852539,-79.58364868164062,-3.935028553009033
-52.682926177978516,-79.58364868164062,-5.489214897155762
-43.90243911743164,-79.58364868164062,-6.34990930557251
-35.121952056884766,-79.58364868164062,-6.512234687805176
-26.341463088989258,-79.58364868164062,-6.061714172363281
-17.560976028442383,-79.58364868164062,-5.42960786819458
-8.780488014221191,-79.58364868164062,-4.750035285949707
0.0,-79.58364868164062,-4.230740070343018
8.780488014221191,-79.58364868164062,-3.7598624229431152
17.560976028442383,-79.58364868164062,-3.493208408355713
26.341463088989258,-79.58364868164062,-3.3611857891082764
35.121952056884766,-79.58364868164062,-3.2617509365081787
43.90243911743164,-79.58364868164062,-3.0775694847106934
52.682926177978516,-79.58364868164062,-3.011690139770508
61.46341323852539,-79.58364868164062,-3.103994607925415
70.24390411376953,-79.58364868164062,-3.068344831466675
79.0243911743164,-79.58364868164062,-3.055140972137451
87.80487823486328,-79.58364868164062,-3.0254600048065186
96.58536529541016,-79.58364868164062,-3.060959815979004
105.36585235595703,-79.58364868164062,-3.165257215499878
114.1463394165039,-79.58364868164062,-3.1016924381256104
122.92682647705078,-79.58364868164062,-3.001357316970825
131.7073211669922,-79.58364868164062,-2.887381076812744
140.48780822753906,-79.58364868164062,-2.812302827835083
149.26829528808594,-79.58364868164062,-2.72952938079834
158.0487823486328,-79.58364868164062,-2.7041022777557373
166.8292694091797,-79.58364868164062,-2.583787441253662
175.60975646972656,-79.58364868164062,-2.2289600372314453
-174.7058868408203,-81.19255065917969,-2.1703879833221436
-164.11764526367188,-81.19255065917969,-1.8201558589935303
-153.5294189453125,-81.19255065917969,-1.633927822113037
-142.94117736816406,-81.19255065917969,-1.2931405305862427
-132.35293579101562,-81.19255065917969,-0.9705722332000732
-121.76470947265625,-81.19255065917969,-0.8362641930580139
-111.17646789550781,-81.19255065917969,-0.7483562231063843
-100.5882339477539,-81.19255065917969,-0.7835723757743835
-90.0,-81.19255065917969,-1.1189554929733276
-79.4117660522461,-81.19255065917969,-1.8955045938491821
-68.82353210449219,-81.19255065917969,-3.041489362716675
-58.235294342041016,-81.19255065917969,-4.364424228668213
-47.64706039428711,-81.19255065917969,-5.377457141876221
-37.05882263183594,-81.19255065917969,-5.770301342010498
-26.47058868408203,-81.19255065917969,-5.678326606750488
-15.882352828979492,-81.19255065917969,-5.257124423980713
-5.294117450714111,-81.19255065917969,-4.716063022613525
5.294117450714111,-81.19255065917969,-4.2534499168396
15.882352828979492,-81.19255065917969,-3.954543352127075
26.47058868408203,-81.19255065917969,-3.764533519744873
37.05882263183594,-81.19255065917969,-3.6503560543060303
47.64706039428711,-81.19255065917969,-3.370415687561035
58.235294342041016,-81.19255065917969,-3.28591251373291
68.82353210449219,-81.19255065917969,-3.2865025997161865
79.4117660522461,-81.19255065917969,-3.3125483989715576
90.0,-81.19255065917969,-3.2858726978302
100.5882339477539,-81.19255065917969,-3.231297254562378
111.17646789550781,-81.19255065917969,-3.268282651901245
121.76470947265625,-81.19255065917969,-3.145134210586548
132.35293579101562,-81.19255065917969,-3.088602066040039
142.94117736816406,-81.19255065917969,-2.9743053913116455
153.5294189453125,-81.19255065917969,-2.878507614135742
164.11764526367188,-81.19255065917969,-2.677114963531494
174.7058868408203,-81.19255065917969,-2.4449386596679688
-173.57142639160156,-82.78807067871094,-2.316765069961548
-160.7142791748047,-82.78807067871094,-2.088322877883911
-147.85714721679688,-82.78807067871094,-1.8466193675994873
-135.0,-82.78807067871094,-1.597108244895935
-122.14286041259766,-82.78807067871094,-1.4344017505645752
-109.28571319580078,-82.78807067871094,-1.4117060899734497
-96.42857360839844,-82.78807067871094,-1.621904969215393
-83.57142639160156,-82.78807067871094,-2.1902709007263184
-70.71428680419922,-82.78807067871094,-3.093937635421753
-57.85714340209961,-82.78807067871094,-4.1314473152160645
-45.0,-82.78807067871094,-4.900353908538818
-32.14285659790039,-82.78807067871094,-5.237964153289795
-19.285715103149414,-82.78807067871094,-5.104598522186279
-6.4285712242126465,-82.78807067871094,-4.7997331619262695
6.4285712242126465,-82.78807067871094,-4.414806365966797
19.285715103149414,-82.78807067871094,-4.168344020843506
32.14285659790039,-82.78807067871094,-4.000599384307861
45.0,-82.78807067871094,-3.8658101558685303
57.85714340209961,-82.78807067871094,-3.532895088195801
70.71428680419922,-82.78807067871094,-3.396822929382324
83.57142639160156,-82.78807067871094,-3.4371025562286377
96.42857360839844,-82.78807067871094,-3.4493625164031982
109.28571319580078,-82.78807067871094,-3.404956817626953
122.14286041259766,-82.78807067871094,-3.2298519611358643
135.0,-82.78807067871094,-3.1334891319274902
147.85714721679688,-82.78807067871094,-3.0363149642944336
160.7142791748047,-82.78807067871094,-2.8143861293792725
173.57142639160156,-82.78807067871094,-2.628931999206543
-171.81817626953125,-84.39503479003906,-2.506319284439087
-155.4545440673828,-84.39503479003906,-2.4591944217681885
-139.09091186523438,-84.39503479003906,-2.213050365447998
-122.7272720336914,-84.39503479003906,-1.9751310348510742
-106.36363983154297,-84.39503479003906,-2.108452796936035
-90.0,-84.39503479003906,-2.5260894298553467
-73.63636016845703,-84.39503479003906,-3.240013837814331
-57.272727966308594,-84.39503479003906,-4.014862060546875
-40.90909194946289,-84.39503479003906,-4.614253997802734
-24.545454025268555,-84.39503479003906,-4.797199726104736
-8.181818008422852,-84.39503479003906,-4.6708502769470215
8.181818008422852,-84.39503479003906,-4.416720390319824
24.545454025268555,-84.39503479003906,-4.25538444519043
40.90909194946289,-84.39503479003906,-4.070383548736572
57.272727966308594,-84.39503479003906,-3.849998712539673
73.63636016845703,-84.39503479003906,-3.589634418487549
90.0,-84.39503479003906,-3.4667181968688965
106.36363983154297,-84.39503479003906,-3.403637647628784
122.7272720336914,-84.39503479003906,-3.280230760574341
139.09091186523438,-84.39503479003906,-3.1104772090911865
155.4545440673828,-84.39503479003906,-2.8934032917022705
171.81817626953125,-84.39503479003906,-2.798996686935425
-168.75,-86.0311508178711,-2.8768465518951416
-146.25,-86.0311508178711,-2.663001775741577
-123.75,-86.0311508178711,-2.6383793354034424
-101.25,-86.0311508178711,-2.792757034301758
-78.75,-86.0311508178711,-3.278247117996216
-56.25,-86.0311508178711,-3.916827440261841
-33.75,-86.0311508178711,-4.380153179168701
-11.25,-86.0311508178711,-4.447639465332031
11.25,-86.0311508178711,-4.355283260345459
33.75,-86.0311508178711,-4.156188011169434
56.25,-86.0311508178711,-4.019150733947754
78.75,-86.0311508178711,-3.6962318420410156
101.25,-86.0311508178711,-3.5008654594421387
123.75,-86.0311508178711,-3.36480975151062
146.25,-86.0311508178711,-3.156303644180298
168.75,-86.0311508178711,-2.9943463802337646
-160.0,-87.64493560791016,-3.1608827114105225
-120.0,-87.64493560791016,-3.167320966720581
-80.0,-87.64493560791016,-3.5680768489837646
-40.0,-87.64493560791016,-4.047957420349121
0.0,-87.64493560791016,-4.158927917480469
40.0,-87.64493560791016,-4.021231651306152
80.0,-87.64493560791016,-3.76436448097229
120.0,-87.64493560791016,-3.5745620727539062
160.0,-87.64493560791016,-3.336155652999878
-120.0,-89.21502685546875,-3.514965057373047
0.0,-89.21502685546875,-3.8552186489105225
120.0,-89.21502685546875,-3.7014012336730957
